0 0.733594 0.696528 0.259375 0.456944
0 0.777734 0.826389 0.275781 0.302778
0 0.650000 0.436111 0.156250 0.283333
0 0.624219 0.340972 0.120313 0.195833
0 0.610938 0.290278 0.125000 0.202778
0 0.606641 0.138889 0.097656 0.066667
0 0.598437 0.104167 0.071875 0.041667
0 0.584766 0.079861 0.053906 0.031944
0 0.125781 0.134028 0.079687 0.126389
0 0.048047 0.189583 0.091406 0.159722
0 0.090625 0.159722 0.090625 0.152778
0 0.079297 0.373611 0.147656 0.141667
0 0.128906 0.302778 0.156250 0.127778
0 0.178125 0.236806 0.128125 0.106944
0 0.245703 0.137500 0.091406 0.061111
0 0.264844 0.109722 0.079687 0.050000
0 0.281641 0.083333 0.064844 0.038889
0 0.374609 0.128472 0.074219 0.131944
0 0.349219 0.181944 0.078125 0.147222
0 0.366406 0.153472 0.071875 0.134722
0 0.317188 0.295833 0.110937 0.225000
0 0.294531 0.364583 0.126562 0.240278
0 0.254297 0.452778 0.157031 0.308333
0 0.147266 0.732639 0.232031 0.506944
0 0.086328 0.843750 0.167969 0.312500
0 0.668750 0.070139 0.073438 0.023611
0 0.681250 0.098611 0.070312 0.036111
0 0.699609 0.132639 0.077344 0.056944
0 0.735547 0.220139 0.121094 0.104167
0 0.774609 0.279167 0.146094 0.113889
0 0.827344 0.372222 0.178125 0.158333
0 0.917578 0.575694 0.164844 0.234722
0 0.969922 0.275000 0.060156 0.216667
0 0.899219 0.200000 0.067187 0.166667
0 0.863281 0.161111 0.062500 0.141667
0 0.830469 0.129861 0.054688 0.126389
1 0.803906 0.215972 0.042188 0.106944
1 0.837500 0.261806 0.050000 0.118056
1 0.874609 0.297222 0.058594 0.127778
1 0.930859 0.408333 0.072656 0.172222
1 0.552734 0.456944 0.066406 0.236111
1 0.556641 0.493750 0.052344 0.212500
1 0.558203 0.540278 0.063281 0.136111
1 0.560937 0.869444 0.110937 0.255556
1 0.317188 0.878472 0.140625 0.243056
1 0.333984 0.640278 0.097656 0.313889
1 0.372266 0.544444 0.089844 0.272222
1 0.376172 0.469444 0.075781 0.252778
1 0.981641 0.487500 0.036719 0.230556
1 0.391797 0.322222 0.042969 0.175000
1 0.405859 0.274306 0.025781 0.170833
1 0.412109 0.238889 0.028906 0.161111
1 0.092578 0.263889 0.044531 0.069444
1 0.130469 0.215972 0.045312 0.068056
1 0.159375 0.197222 0.032813 0.069444
2 0.262891 0.813194 0.185156 0.373611
2 0.600000 0.770139 0.175000 0.418056
