2 0.567187 0.450694 0.178125 0.379167
2 0.604297 0.725694 0.191406 0.362500
2 0.249219 0.788194 0.203125 0.381944
0 0.128906 0.679861 0.239063 0.479167
0 0.083984 0.815278 0.166406 0.369444
0 0.235547 0.401389 0.169531 0.319444
0 0.275781 0.315278 0.140625 0.269444
0 0.301953 0.247917 0.121094 0.248611
0 0.336719 0.138194 0.082812 0.168056
0 0.353906 0.104167 0.076563 0.155556
0 0.367578 0.081250 0.072656 0.143056
0 0.043750 0.129167 0.078125 0.155556
0 0.072266 0.094444 0.085156 0.144444
0 0.115234 0.077778 0.071094 0.133333
0 0.784375 0.809028 0.298438 0.379167
0 0.706641 0.659722 0.227344 0.452778
0 0.638281 0.391667 0.145313 0.291667
0 0.603125 0.284722 0.106250 0.177778
0 0.591406 0.220139 0.092188 0.162500
0 0.725000 0.181944 0.128125 0.111111
0 0.769141 0.253472 0.139844 0.129167
0 0.817187 0.331944 0.170313 0.180556
0 0.905859 0.550694 0.188281 0.256944
0 0.966016 0.245139 0.067969 0.234722
0 0.896875 0.159028 0.062500 0.159722
0 0.853516 0.122917 0.058594 0.159722
0 0.825391 0.096528 0.060156 0.143056
1 0.086719 0.212500 0.053125 0.091667
1 0.125000 0.165278 0.042188 0.075000
1 0.146094 0.140278 0.031250 0.069444
1 0.404297 0.186806 0.027344 0.168056
1 0.397266 0.226389 0.030469 0.172222
1 0.384375 0.269444 0.042188 0.180556
1 0.369141 0.427778 0.069531 0.252778
1 0.362500 0.485417 0.075000 0.284722
1 0.337109 0.587500 0.071094 0.308333
1 0.305859 0.854861 0.136719 0.290278
1 0.235547 0.964583 0.066406 0.070833
1 0.544922 0.958333 0.097656 0.083333
1 0.556641 0.855556 0.110156 0.247222
1 0.482031 0.576389 0.120313 0.325000
1 0.537891 0.386806 0.055469 0.195833
1 0.794141 0.179167 0.033594 0.108333
1 0.825000 0.216667 0.035937 0.111111
1 0.867969 0.263194 0.064062 0.143056
1 0.923438 0.370139 0.071875 0.159722
1 0.976172 0.465972 0.047656 0.231944
