0 0.728125 0.675000 0.245312 0.458333
0 0.804297 0.822222 0.314844 0.355556
0 0.917969 0.571528 0.164062 0.248611
0 0.976562 0.263889 0.046875 0.216667
0 0.917188 0.184028 0.075000 0.173611
0 0.872266 0.150000 0.058594 0.155556
0 0.847266 0.121528 0.050781 0.143056
0 0.661719 0.412500 0.167187 0.286111
0 0.630078 0.331944 0.128906 0.241667
0 0.618359 0.266667 0.119531 0.216667
0 0.608984 0.113194 0.086719 0.070833
0 0.604688 0.078472 0.075000 0.040278
0 0.694922 0.076389 0.078906 0.041667
0 0.716016 0.102778 0.091406 0.061111
0 0.753516 0.202778 0.117969 0.097222
0 0.787109 0.262500 0.139844 0.116667
0 0.841016 0.354167 0.171094 0.150000
0 0.101172 0.820833 0.191406 0.358333
0 0.155078 0.691667 0.233594 0.494444
0 0.260937 0.415972 0.175000 0.281944
0 0.297266 0.325694 0.133594 0.243056
0 0.323437 0.268056 0.123438 0.227778
0 0.352734 0.156944 0.096094 0.161111
0 0.374219 0.125000 0.082812 0.144444
0 0.385156 0.098611 0.078125 0.122222
0 0.082031 0.345833 0.154688 0.141667
0 0.137109 0.260417 0.161719 0.106944
0 0.185156 0.209028 0.120313 0.115278
0 0.257812 0.113194 0.084375 0.068056
0 0.281641 0.080556 0.083594 0.055556
0 0.060156 0.153472 0.095312 0.156944
0 0.100781 0.123611 0.090625 0.136111
0 0.135156 0.102083 0.084375 0.131944
0 0.299609 0.056250 0.069531 0.043056
1 0.105469 0.235417 0.050000 0.087500
1 0.147656 0.181944 0.039062 0.047222
1 0.171875 0.170833 0.031250 0.066667
1 0.422656 0.212500 0.028125 0.155556
1 0.415234 0.252083 0.033594 0.165278
1 0.405469 0.291667 0.037500 0.169444
1 0.390625 0.439583 0.071875 0.243056
1 0.385937 0.520139 0.068750 0.290278
1 0.350391 0.606944 0.072656 0.313889
1 0.331641 0.866667 0.117969 0.266667
1 0.244141 0.975694 0.061719 0.048611
1 0.577344 0.968750 0.115625 0.062500
1 0.572656 0.872222 0.123438 0.255556
1 0.569922 0.551389 0.061719 0.197222
1 0.562500 0.472222 0.053125 0.208333
1 0.554297 0.429167 0.046094 0.227778
1 0.818750 0.197917 0.043750 0.098611
1 0.848437 0.247917 0.045312 0.118056
1 0.891797 0.293056 0.060156 0.141667
1 0.946875 0.390278 0.082812 0.180556
2 0.594141 0.754167 0.183594 0.425000
2 0.271875 0.795139 0.196875 0.398611
