2 0.342578 0.250694 0.150781 0.393056
2 0.610938 0.208333 0.121875 0.397222
2 0.213281 0.808333 0.225000 0.380556
0 0.174219 0.073611 0.282813 0.144444
0 0.142578 0.435417 0.283594 0.618056
0 0.103906 0.737500 0.201563 0.522222
0 0.777344 0.212500 0.260937 0.422222
0 0.830859 0.470833 0.307031 0.652778
0 0.849609 0.745833 0.300781 0.488889
1 0.431250 0.389583 0.065625 0.420833
1 0.322656 0.622222 0.045312 0.391667
1 0.352344 0.834028 0.039062 0.079167
1 0.639453 0.884028 0.071094 0.231944
1 0.606641 0.631944 0.111719 0.458333
1 0.569531 0.327778 0.045312 0.261111
