1 0.116016 0.225000 0.049219 0.083333
1 0.151172 0.188194 0.036719 0.054167
1 0.180078 0.159028 0.028906 0.056944
1 0.439844 0.208333 0.020313 0.161111
1 0.426563 0.254167 0.028125 0.183333
1 0.413672 0.293056 0.038281 0.208333
1 0.406250 0.439583 0.059375 0.226389
1 0.400781 0.499306 0.062500 0.304167
1 0.369141 0.577778 0.078906 0.277778
1 0.328516 0.859722 0.158594 0.263889
1 0.266797 0.963889 0.057031 0.072222
1 0.591016 0.959028 0.097656 0.081944
1 0.589063 0.850694 0.104688 0.268056
1 0.557422 0.621528 0.088281 0.329167
1 0.554297 0.330556 0.021094 0.077778
1 0.821484 0.190278 0.025781 0.077778
1 0.850391 0.227083 0.033594 0.090278
1 0.892578 0.283333 0.063281 0.130556
1 0.955859 0.367361 0.086719 0.143056
0 0.058203 0.162500 0.099219 0.158333
0 0.107031 0.129861 0.087500 0.131944
0 0.146094 0.086806 0.084375 0.093056
0 0.369531 0.159722 0.078125 0.147222
0 0.385547 0.125000 0.067969 0.133333
0 0.404687 0.099306 0.068750 0.118056
0 0.346094 0.275694 0.093750 0.204167
0 0.313672 0.315278 0.121094 0.222222
0 0.282422 0.397917 0.136719 0.256944
0 0.156250 0.674306 0.250000 0.470833
0 0.105078 0.809028 0.208594 0.381944
0 0.085938 0.327083 0.170313 0.126389
0 0.146094 0.273611 0.140625 0.130556
0 0.197656 0.207639 0.131250 0.106944
0 0.628906 0.252083 0.109375 0.198611
0 0.644531 0.318056 0.121875 0.222222
0 0.671875 0.395139 0.146875 0.265278
0 0.753125 0.663194 0.235937 0.437500
0 0.814063 0.813889 0.278125 0.372222
0 0.923438 0.539583 0.143750 0.201389
0 0.851172 0.339583 0.191406 0.156944
0 0.794922 0.261806 0.146094 0.115278
0 0.755859 0.200000 0.132031 0.100000
0 0.982422 0.252083 0.035156 0.209722
0 0.921875 0.180556 0.075000 0.172222
0 0.884375 0.141667 0.065625 0.155556
0 0.850781 0.115278 0.059375 0.127778
2 0.310547 0.762500 0.161719 0.411111
2 0.624219 0.754167 0.150000 0.391667
2 0.574219 0.470833 0.092188 0.300000
