0 0.116797 0.095139 0.103906 0.159722
0 0.161328 0.065278 0.091406 0.127778
0 0.318750 0.036111 0.070312 0.047222
0 0.244922 0.137500 0.133594 0.105556
0 0.030859 0.214583 0.060156 0.223611
0 0.205078 0.209722 0.160156 0.136111
0 0.143359 0.288194 0.185156 0.162500
0 0.055859 0.450000 0.102344 0.138889
0 0.416797 0.051389 0.080469 0.088889
0 0.374609 0.150694 0.119531 0.120833
0 0.355859 0.264583 0.139844 0.237500
0 0.325000 0.356944 0.175000 0.305556
0 0.709375 0.349306 0.157812 0.304167
0 0.689063 0.254861 0.125000 0.254167
0 0.674219 0.175694 0.120313 0.195833
0 0.801172 0.640278 0.249219 0.494444
0 0.842187 0.788889 0.303125 0.422222
0 0.133203 0.782639 0.257031 0.434722
0 0.200781 0.638194 0.267188 0.490278
0 0.973437 0.104167 0.050000 0.205556
0 0.944141 0.071528 0.063281 0.140278
0 0.901953 0.052778 0.042969 0.102778
0 0.814844 0.131250 0.129688 0.118056
0 0.851953 0.202083 0.152344 0.137500
0 0.896875 0.279861 0.184375 0.170833
0 0.950000 0.472222 0.100000 0.205556
1 0.481641 0.141667 0.025781 0.169444
1 0.474609 0.195139 0.033594 0.184722
1 0.460156 0.231250 0.045312 0.173611
1 0.455859 0.391667 0.060156 0.280556
1 0.403125 0.533333 0.087500 0.325000
1 0.603516 0.346528 0.047656 0.234722
1 0.608594 0.417361 0.045312 0.245833
1 0.610547 0.475694 0.049219 0.184722
1 0.387109 0.818750 0.138281 0.323611
1 0.595703 0.776389 0.053906 0.283333
1 0.615234 0.927778 0.107031 0.144444
2 0.328906 0.756250 0.182812 0.404167
2 0.649609 0.695833 0.130469 0.394444
