0 0.266406 0.136111 0.179688 0.269444
0 0.164844 0.424306 0.260937 0.487500
0 0.136328 0.692361 0.266406 0.576389
0 0.830469 0.867361 0.264062 0.265278
0 0.820703 0.684722 0.350781 0.630556
0 0.748828 0.402778 0.252344 0.516667
0 0.625000 0.127778 0.057813 0.252778
1 0.407813 0.159722 0.057813 0.308333
1 0.376563 0.300694 0.067187 0.306944
1 0.373047 0.645833 0.155469 0.427778
1 0.291016 0.826389 0.128906 0.330556
1 0.593359 0.819444 0.124219 0.361111
1 0.581641 0.643056 0.097656 0.447222
1 0.569531 0.236806 0.045312 0.234722
1 0.571875 0.128472 0.040625 0.218056
2 0.311719 0.527083 0.193750 0.345833
2 0.595313 0.461111 0.129688 0.369444
