0 0.050000 0.161806 0.096875 0.220833
0 0.194922 0.280556 0.261719 0.486111
0 0.146875 0.581250 0.290625 0.604167
0 0.116797 0.812500 0.228906 0.375000
0 0.789062 0.253472 0.265625 0.498611
0 0.837500 0.562500 0.312500 0.652778
0 0.850391 0.800000 0.249219 0.400000
1 0.410547 0.157639 0.072656 0.312500
1 0.609766 0.118750 0.069531 0.234722
1 0.417187 0.522222 0.125000 0.413889
1 0.329688 0.734028 0.131250 0.393056
1 0.351953 0.940278 0.064844 0.069444
1 0.655469 0.937500 0.064062 0.125000
1 0.622656 0.748611 0.129688 0.494444
1 0.587500 0.430556 0.056250 0.291667
2 0.353906 0.341667 0.151562 0.352778
2 0.647656 0.323611 0.146875 0.369444
2 0.218359 0.877083 0.205469 0.245833
