1 0.115234 0.243056 0.044531 0.075000
1 0.152344 0.193750 0.045312 0.056944
1 0.178125 0.171528 0.031250 0.065278
1 0.014453 0.350000 0.027344 0.025000
1 0.432031 0.197222 0.029687 0.150000
1 0.421875 0.236111 0.034375 0.172222
1 0.416797 0.277778 0.038281 0.188889
1 0.404297 0.425694 0.064844 0.237500
1 0.405469 0.503472 0.071875 0.293056
1 0.366797 0.602778 0.088281 0.313889
1 0.364453 0.855556 0.127344 0.272222
1 0.273828 0.972917 0.063281 0.054167
1 0.604688 0.948611 0.112500 0.102778
1 0.602734 0.847222 0.130469 0.288889
1 0.580859 0.543750 0.061719 0.229167
1 0.574609 0.463889 0.057031 0.233333
1 0.565234 0.406944 0.053906 0.252778
1 0.826953 0.149306 0.036719 0.101389
1 0.854688 0.184028 0.040625 0.115278
1 0.898438 0.229167 0.057813 0.152778
1 0.957031 0.315972 0.073438 0.156944
0 0.066406 0.175000 0.090625 0.155556
0 0.102734 0.134028 0.086719 0.137500
0 0.143750 0.113194 0.078125 0.126389
0 0.260547 0.102083 0.085156 0.059722
0 0.287500 0.077083 0.062500 0.051389
0 0.197656 0.212500 0.131250 0.122222
0 0.151172 0.279167 0.142969 0.102778
0 0.092969 0.359722 0.162500 0.144444
0 0.302734 0.049306 0.061719 0.040278
0 0.174219 0.718056 0.239063 0.475000
0 0.124219 0.829167 0.235937 0.341667
0 0.273828 0.419444 0.166406 0.291667
0 0.310937 0.320833 0.142187 0.230556
0 0.332813 0.263889 0.126562 0.211111
0 0.365234 0.147222 0.092969 0.163889
0 0.382422 0.118056 0.078906 0.147222
0 0.394922 0.088889 0.064844 0.133333
0 0.614062 0.078472 0.087500 0.068056
0 0.610547 0.047917 0.069531 0.043056
0 0.616797 0.224306 0.103906 0.193056
0 0.636328 0.288194 0.108594 0.218056
0 0.646094 0.387500 0.110937 0.291667
0 0.737109 0.626389 0.217969 0.433333
0 0.811719 0.803472 0.303125 0.393056
0 0.927344 0.513194 0.145313 0.256944
0 0.844141 0.286806 0.174219 0.137500
0 0.803906 0.212500 0.150000 0.113889
0 0.757812 0.152778 0.129688 0.086111
0 0.723047 0.062500 0.091406 0.058333
0 0.702734 0.034722 0.082031 0.038889
0 0.848828 0.066667 0.058594 0.127778
0 0.892969 0.090972 0.068750 0.151389
0 0.928906 0.127778 0.056250 0.175000
0 0.980078 0.190278 0.039844 0.202778
2 0.635156 0.730556 0.164062 0.419444
2 0.295703 0.797917 0.194531 0.387500
