1 0.116016 0.216667 0.049219 0.083333
1 0.151172 0.164583 0.036719 0.054167
1 0.181250 0.149306 0.031250 0.076389
1 0.439844 0.209722 0.020313 0.161111
1 0.426563 0.254167 0.028125 0.183333
1 0.413672 0.293056 0.038281 0.208333
1 0.406250 0.440972 0.059375 0.226389
1 0.401562 0.499306 0.062500 0.304167
1 0.369141 0.577778 0.078906 0.277778
1 0.338281 0.865278 0.160938 0.258333
1 0.266797 0.963889 0.057031 0.072222
1 0.591406 0.959028 0.098437 0.081944
1 0.586719 0.835417 0.104688 0.268056
1 0.556641 0.613194 0.088281 0.329167
1 0.555078 0.330556 0.021094 0.077778
1 0.822266 0.183333 0.025781 0.077778
1 0.856641 0.213194 0.033594 0.090278
1 0.893359 0.269444 0.063281 0.130556
1 0.956641 0.363194 0.086719 0.143056
0 0.065234 0.154861 0.099219 0.159722
0 0.108594 0.114583 0.087500 0.131944
0 0.150000 0.075694 0.084375 0.093056
0 0.372266 0.133333 0.077344 0.125000
0 0.389453 0.109028 0.069531 0.112500
0 0.400000 0.088889 0.068750 0.116667
0 0.342578 0.249306 0.094531 0.204167
0 0.313672 0.315278 0.121094 0.222222
0 0.282422 0.398611 0.136719 0.258333
0 0.156250 0.674306 0.250000 0.470833
0 0.111719 0.809028 0.209375 0.381944
0 0.085938 0.324306 0.170313 0.126389
0 0.148438 0.265278 0.140625 0.130556
0 0.197656 0.200000 0.131250 0.105556
0 0.629687 0.253472 0.109375 0.198611
0 0.645312 0.318750 0.121875 0.223611
0 0.671875 0.395139 0.146875 0.265278
0 0.753906 0.664583 0.235937 0.437500
0 0.814453 0.813889 0.277344 0.372222
0 0.923828 0.540972 0.144531 0.201389
0 0.855859 0.338889 0.191406 0.158333
0 0.802734 0.263194 0.146094 0.115278
0 0.760547 0.197222 0.132031 0.100000
0 0.982422 0.260417 0.035156 0.209722
0 0.928125 0.183333 0.075000 0.172222
0 0.890625 0.143056 0.065625 0.155556
0 0.857812 0.115278 0.059375 0.127778
2 0.316797 0.763889 0.161719 0.411111
2 0.624219 0.754167 0.150000 0.391667
2 0.576562 0.471528 0.092188 0.298611
