0 0.089063 0.165972 0.171875 0.326389
0 0.263281 0.239583 0.267188 0.470833
0 0.182422 0.515278 0.327344 0.597222
0 0.121875 0.766667 0.240625 0.466667
0 0.860547 0.290972 0.255469 0.540278
0 0.872266 0.601389 0.255469 0.669444
0 0.882422 0.813889 0.235156 0.350000
1 0.484766 0.146528 0.069531 0.290278
1 0.678125 0.115972 0.064062 0.226389
1 0.496484 0.511111 0.058594 0.433333
1 0.363281 0.735417 0.153125 0.423611
1 0.387109 0.904861 0.075781 0.095833
1 0.657031 0.745139 0.139063 0.451389
1 0.681641 0.950694 0.053906 0.098611
1 0.643750 0.500000 0.054688 0.444444
2 0.414844 0.363194 0.142187 0.418056
2 0.261719 0.850000 0.200000 0.300000
2 0.715234 0.349306 0.158594 0.365278
