0 0.136719 0.086111 0.095312 0.152778
0 0.178516 0.061111 0.080469 0.119444
0 0.338672 0.031250 0.088281 0.048611
0 0.434375 0.084028 0.084375 0.165278
0 0.696094 0.129167 0.114062 0.086111
0 0.714063 0.206250 0.148438 0.134722
0 0.743359 0.301389 0.174219 0.200000
0 0.810937 0.647917 0.265625 0.506944
0 0.849609 0.797917 0.297656 0.404167
0 0.142969 0.774306 0.270313 0.451389
0 0.224219 0.607639 0.289062 0.468056
0 0.327734 0.350694 0.160156 0.301389
0 0.369531 0.254167 0.139063 0.238889
0 0.390234 0.186806 0.135156 0.198611
0 0.158594 0.247222 0.178125 0.108333
0 0.218359 0.197917 0.150781 0.120833
0 0.262109 0.134722 0.119531 0.100000
0 0.037500 0.191667 0.073438 0.216667
1 0.387891 0.811111 0.139844 0.300000
1 0.314453 0.934028 0.047656 0.118056
1 0.604688 0.931944 0.087500 0.136111
1 0.605859 0.798611 0.075781 0.300000
1 0.627344 0.491667 0.056250 0.208333
1 0.625000 0.388194 0.046875 0.168056
1 0.619141 0.363194 0.041406 0.245833
1 0.421094 0.534028 0.068750 0.298611
1 0.456250 0.439583 0.056250 0.276389
1 0.464453 0.386111 0.060156 0.288889
1 0.487891 0.190972 0.032031 0.134722
1 0.494141 0.145833 0.024219 0.152778
2 0.339062 0.706944 0.179688 0.333333
2 0.660156 0.704167 0.145313 0.400000
