1 0.867578 0.257639 0.044531 0.134722
1 0.931641 0.345833 0.071094 0.141667
1 0.979688 0.375000 0.040625 0.108333
1 0.839844 0.231250 0.057813 0.131944
1 0.806641 0.188889 0.055469 0.116667
1 0.413672 0.207639 0.027344 0.145833
1 0.402344 0.245139 0.034375 0.165278
1 0.391016 0.284028 0.044531 0.187500
1 0.383203 0.443750 0.066406 0.237500
1 0.380078 0.514583 0.077344 0.287500
1 0.350391 0.604167 0.078906 0.308333
1 0.339062 0.852083 0.135937 0.295833
1 0.268359 0.971528 0.064844 0.054167
1 0.593359 0.960417 0.124219 0.079167
1 0.584375 0.843750 0.112500 0.281944
1 0.550781 0.612500 0.095312 0.336111
1 0.530469 0.331250 0.032813 0.073611
1 0.087891 0.245833 0.041406 0.080556
1 0.132031 0.200000 0.048438 0.061111
1 0.158594 0.174306 0.035937 0.068056
0 0.050000 0.174306 0.092188 0.162500
0 0.080078 0.134722 0.099219 0.144444
0 0.114062 0.108333 0.079687 0.113889
0 0.347266 0.150000 0.078906 0.133333
0 0.359766 0.125694 0.071094 0.123611
0 0.376563 0.097917 0.070312 0.123611
0 0.321094 0.248611 0.114062 0.194444
0 0.294141 0.322222 0.108594 0.238889
0 0.245312 0.418750 0.156250 0.290278
0 0.146875 0.680556 0.226562 0.450000
0 0.104297 0.825000 0.199219 0.350000
0 0.828125 0.803472 0.309375 0.370833
0 0.723437 0.643056 0.206250 0.450000
0 0.641016 0.356944 0.117969 0.208333
0 0.623047 0.302778 0.113281 0.202778
0 0.610156 0.236806 0.115625 0.195833
0 0.737500 0.179861 0.123438 0.090278
0 0.775781 0.244444 0.146875 0.111111
0 0.825781 0.325000 0.184375 0.158333
0 0.917578 0.522222 0.164844 0.233333
0 0.967969 0.218056 0.064062 0.211111
0 0.899219 0.160417 0.073438 0.165278
0 0.869531 0.115278 0.073438 0.141667
0 0.834375 0.089583 0.062500 0.129167
0 0.079687 0.340278 0.157812 0.113889
0 0.129297 0.279167 0.160156 0.130556
0 0.175391 0.208333 0.138281 0.094444
2 0.278906 0.786806 0.198437 0.415278
2 0.624609 0.750000 0.186719 0.416667
2 0.574219 0.463194 0.120313 0.298611
