2 0.642578 0.775694 0.171094 0.395833
2 0.303906 0.798611 0.192188 0.386111
0 0.110156 0.822917 0.214062 0.354167
0 0.173828 0.700694 0.246094 0.506944
0 0.291797 0.432639 0.163281 0.315278
0 0.331641 0.339583 0.138281 0.251389
0 0.353906 0.270833 0.115625 0.219444
0 0.389062 0.167361 0.078125 0.165278
0 0.407031 0.137500 0.067187 0.161111
0 0.421094 0.108333 0.054688 0.141667
0 0.092969 0.162500 0.104688 0.169444
0 0.132031 0.127083 0.093750 0.140278
0 0.168359 0.102083 0.080469 0.120833
0 0.014453 0.263194 0.027344 0.165278
0 0.758984 0.706250 0.236719 0.509722
0 0.803516 0.824306 0.294531 0.351389
0 0.679688 0.422917 0.150000 0.293056
0 0.654297 0.324306 0.108594 0.215278
0 0.636719 0.274306 0.096875 0.218056
0 0.643750 0.118056 0.084375 0.066667
0 0.625781 0.087500 0.054688 0.044444
0 0.723047 0.081250 0.080469 0.034722
0 0.744922 0.118750 0.099219 0.059722
0 0.778125 0.218056 0.135937 0.111111
0 0.815234 0.284028 0.146094 0.126389
0 0.870313 0.365278 0.185938 0.175000
0 0.934375 0.578472 0.131250 0.245833
0 0.988281 0.275000 0.023438 0.216667
0 0.951562 0.192361 0.062500 0.176389
0 0.908203 0.152778 0.055469 0.144444
0 0.876953 0.122222 0.053906 0.141667
0 0.107031 0.356944 0.176563 0.166667
0 0.164844 0.267361 0.137500 0.106944
0 0.216406 0.215278 0.121875 0.113889
0 0.282031 0.117361 0.084375 0.068056
0 0.312500 0.087500 0.081250 0.052778
0 0.328906 0.060417 0.070312 0.043056
1 0.137500 0.234722 0.051562 0.086111
1 0.181641 0.197222 0.055469 0.077778
1 0.204297 0.171528 0.041406 0.076389
1 0.025781 0.360417 0.039062 0.090278
1 0.368750 0.616667 0.101562 0.327778
1 0.360547 0.869444 0.128906 0.261111
1 0.276953 0.977778 0.066406 0.044444
1 0.591797 0.977083 0.089844 0.045833
1 0.599219 0.869444 0.117188 0.261111
1 0.590625 0.568056 0.067187 0.219444
1 0.593750 0.510417 0.065625 0.268056
1 0.591406 0.443056 0.076563 0.241667
1 0.412109 0.517361 0.066406 0.287500
1 0.418359 0.450694 0.074219 0.251389
1 0.432031 0.296528 0.042188 0.190278
1 0.442969 0.265972 0.026562 0.187500
1 0.450391 0.217361 0.032031 0.170833
1 0.845703 0.211111 0.032031 0.102778
1 0.877344 0.257639 0.045312 0.126389
1 0.917188 0.297917 0.065625 0.156944
1 0.966797 0.388889 0.066406 0.150000
