0 0.826953 0.759028 0.316406 0.481944
0 0.817187 0.484722 0.315625 0.661111
0 0.763281 0.222917 0.245312 0.434722
0 0.154688 0.206250 0.307812 0.409722
0 0.132422 0.445139 0.258594 0.637500
0 0.087109 0.740278 0.166406 0.519444
1 0.381641 0.100694 0.075781 0.198611
1 0.370312 0.412500 0.150000 0.433333
1 0.277734 0.633333 0.144531 0.430556
1 0.321484 0.902083 0.075781 0.195833
1 0.585156 0.402778 0.101562 0.455556
1 0.587500 0.644444 0.156250 0.444444
1 0.620703 0.893056 0.072656 0.213889
2 0.306250 0.257639 0.184375 0.331944
2 0.190625 0.814583 0.234375 0.370833
2 0.479297 0.913889 0.153906 0.172222
2 0.618359 0.243056 0.149219 0.386111
