0 0.722266 0.670833 0.253906 0.450000
0 0.779297 0.825000 0.285156 0.350000
0 0.907031 0.562500 0.185938 0.263889
0 0.816797 0.341667 0.166406 0.166667
0 0.764453 0.262500 0.146094 0.116667
0 0.726953 0.200000 0.138281 0.111111
0 0.963672 0.253472 0.072656 0.212500
0 0.892969 0.176389 0.060937 0.163889
0 0.852734 0.142361 0.052344 0.143056
0 0.823438 0.108333 0.050000 0.130556
0 0.591797 0.255556 0.086719 0.186111
0 0.603906 0.318750 0.087500 0.220833
0 0.617969 0.420139 0.107813 0.281944
0 0.132812 0.693750 0.231250 0.501389
0 0.093750 0.820139 0.185938 0.359722
0 0.235937 0.424306 0.153125 0.315278
0 0.276953 0.331250 0.128906 0.273611
0 0.299219 0.261806 0.118750 0.229167
0 0.337891 0.149306 0.085156 0.159722
0 0.348438 0.125000 0.076563 0.155556
0 0.365625 0.090972 0.059375 0.137500
0 0.043750 0.147917 0.079687 0.165278
0 0.078906 0.114583 0.082812 0.143056
0 0.110937 0.094444 0.070312 0.138889
1 0.084766 0.225694 0.038281 0.090278
1 0.119141 0.181250 0.046094 0.070833
1 0.152734 0.160417 0.044531 0.079167
1 0.401562 0.206944 0.034375 0.161111
1 0.394531 0.253472 0.035937 0.162500
1 0.387500 0.286806 0.040625 0.187500
1 0.370703 0.444444 0.060156 0.255556
1 0.363672 0.500000 0.066406 0.255556
1 0.332813 0.568750 0.064062 0.251389
1 0.539453 0.964583 0.086719 0.070833
1 0.553516 0.865278 0.107031 0.263889
1 0.555078 0.563194 0.085156 0.237500
1 0.546094 0.497917 0.056250 0.279167
1 0.536328 0.425694 0.066406 0.254167
1 0.801562 0.198611 0.046875 0.088889
1 0.825781 0.236111 0.046875 0.108333
1 0.859375 0.284722 0.057813 0.130556
1 0.924219 0.384722 0.078125 0.169444
1 0.972266 0.486111 0.055469 0.250000
2 0.335938 0.797222 0.281250 0.405556
2 0.248438 0.775000 0.173437 0.350000
2 0.585156 0.770139 0.154688 0.406944
