0 0.653125 0.297222 0.165625 0.277778
0 0.043750 0.075694 0.081250 0.148611
0 0.087109 0.054861 0.058594 0.106944
0 0.119922 0.039583 0.044531 0.076389
0 0.309766 0.163889 0.114844 0.225000
0 0.247656 0.326389 0.164062 0.291667
0 0.292187 0.242361 0.125000 0.270833
0 0.362500 0.069444 0.035937 0.136111
0 0.376172 0.047917 0.036719 0.093056
0 0.389062 0.032639 0.031250 0.062500
1 0.408203 0.106250 0.032031 0.165278
1 0.403906 0.164583 0.029687 0.156944
1 0.393359 0.194444 0.039844 0.200000
1 0.387109 0.345139 0.060156 0.268056
1 0.382422 0.413194 0.072656 0.279167
1 0.353516 0.500000 0.074219 0.319444
1 0.341016 0.806944 0.144531 0.372222
1 0.270313 0.929861 0.073438 0.140278
1 0.082812 0.138889 0.064062 0.083333
1 0.126172 0.092361 0.049219 0.056944
1 0.154688 0.064583 0.045312 0.062500
0 0.149609 0.591667 0.210156 0.441667
0 0.108594 0.776389 0.215625 0.447222
0 0.811719 0.766667 0.292187 0.466667
0 0.859766 0.920833 0.267969 0.158333
0 0.729688 0.572917 0.218750 0.437500
0 0.619922 0.180556 0.111719 0.172222
0 0.594531 0.133333 0.092188 0.172222
0 0.733984 0.085417 0.124219 0.104167
0 0.773047 0.149306 0.139844 0.120833
0 0.830469 0.235417 0.164062 0.162500
0 0.916016 0.434722 0.167969 0.247222
0 0.971484 0.129861 0.057031 0.220833
0 0.893359 0.075694 0.046094 0.148611
0 0.854297 0.048611 0.042969 0.094444
0 0.820312 0.025000 0.042188 0.047222
1 0.805469 0.080556 0.043750 0.122222
1 0.835547 0.115278 0.032031 0.113889
1 0.880469 0.162500 0.075000 0.161111
1 0.933203 0.249306 0.069531 0.168056
1 0.978906 0.354167 0.042188 0.244444
1 0.539062 0.515278 0.084375 0.325000
1 0.575781 0.783333 0.117188 0.333333
1 0.593750 0.912500 0.134375 0.175000
1 0.537891 0.236806 0.039844 0.098611
2 0.278906 0.727778 0.192188 0.433333
2 0.612500 0.652778 0.168750 0.372222
2 0.564453 0.353472 0.105469 0.251389
