0 0.918750 0.187500 0.082812 0.175000
0 0.975000 0.265278 0.050000 0.233333
0 0.871484 0.150000 0.052344 0.147222
0 0.843359 0.125694 0.057031 0.137500
0 0.055859 0.206250 0.096094 0.165278
0 0.096875 0.168750 0.087500 0.129167
0 0.135937 0.143750 0.071875 0.126389
0 0.162109 0.753472 0.263281 0.493056
0 0.263281 0.458333 0.167187 0.305556
0 0.298828 0.366667 0.132031 0.250000
0 0.329297 0.302778 0.117969 0.225000
0 0.362500 0.186111 0.079687 0.158333
0 0.383203 0.165278 0.058594 0.144444
0 0.398438 0.134722 0.050000 0.125000
0 0.295312 0.093056 0.071875 0.036111
0 0.276953 0.117361 0.074219 0.045833
0 0.254688 0.150000 0.082812 0.061111
0 0.183984 0.249306 0.122656 0.098611
0 0.139453 0.306250 0.155469 0.101389
0 0.089063 0.379861 0.164062 0.126389
0 0.806250 0.829861 0.309375 0.340278
0 0.750781 0.693750 0.262500 0.468056
0 0.656250 0.395833 0.148438 0.219444
0 0.628906 0.330556 0.109375 0.202778
0 0.607812 0.281944 0.090625 0.186111
0 0.610547 0.136806 0.080469 0.065278
0 0.604688 0.101389 0.071875 0.038889
0 0.694531 0.094444 0.079687 0.036111
0 0.713281 0.125000 0.092188 0.055556
0 0.751172 0.219444 0.114844 0.091667
0 0.791016 0.278472 0.146094 0.112500
0 0.838281 0.361111 0.187500 0.152778
0 0.930469 0.565972 0.139063 0.226389
1 0.816797 0.213194 0.042969 0.115278
1 0.847266 0.250694 0.042969 0.120833
1 0.891797 0.295833 0.071094 0.144444
1 0.949609 0.380556 0.082031 0.144444
1 0.576953 0.583333 0.064844 0.211111
1 0.590234 0.869444 0.125781 0.250000
1 0.590625 0.979861 0.095312 0.040278
1 0.337891 0.883333 0.125781 0.233333
1 0.358594 0.650000 0.085938 0.308333
1 0.564453 0.521528 0.039844 0.262500
1 0.557422 0.452083 0.049219 0.259722
1 0.390625 0.543056 0.062500 0.266667
1 0.399609 0.466667 0.058594 0.244444
1 0.404297 0.329167 0.039844 0.194444
1 0.417969 0.270833 0.032813 0.169444
1 0.423828 0.242361 0.032031 0.168056
1 0.108203 0.276389 0.044531 0.077778
1 0.149219 0.233333 0.050000 0.066667
1 0.170703 0.205556 0.036719 0.066667
2 0.276562 0.822917 0.185938 0.354167
2 0.625000 0.777083 0.167187 0.384722
0 0.596875 0.074306 0.060937 0.023611
0 0.674609 0.072917 0.067969 0.031944
