0 0.092969 0.160417 0.181250 0.306944
0 0.274609 0.243750 0.294531 0.481944
0 0.180078 0.515278 0.336719 0.600000
0 0.127734 0.761111 0.252344 0.477778
0 0.860156 0.310417 0.246875 0.548611
0 0.867969 0.609722 0.264062 0.655556
0 0.880078 0.820139 0.239844 0.329167
1 0.485547 0.148611 0.071094 0.291667
1 0.680078 0.122222 0.060156 0.241667
1 0.485938 0.510417 0.071875 0.423611
1 0.368750 0.706944 0.129688 0.411111
1 0.383203 0.910417 0.060156 0.087500
1 0.666406 0.500000 0.089063 0.386111
1 0.662109 0.757639 0.110156 0.462500
1 0.687500 0.956250 0.054688 0.087500
2 0.418750 0.331250 0.157812 0.370833
2 0.717578 0.359028 0.149219 0.368056
2 0.258594 0.851389 0.190625 0.297222
