0 0.160156 0.215972 0.292187 0.426389
0 0.136328 0.473611 0.264844 0.636111
0 0.107422 0.750694 0.210156 0.498611
0 0.840234 0.754167 0.310156 0.491667
0 0.819531 0.484028 0.321875 0.676389
0 0.773047 0.219444 0.266406 0.430556
1 0.383203 0.113194 0.075781 0.223611
1 0.583984 0.066667 0.044531 0.130556
1 0.378125 0.420139 0.159375 0.440278
1 0.294922 0.642361 0.138281 0.418056
1 0.332813 0.910417 0.089063 0.176389
1 0.637109 0.893750 0.086719 0.212500
1 0.597656 0.652083 0.140625 0.451389
1 0.589453 0.430556 0.097656 0.408333
2 0.316797 0.292361 0.189844 0.376389
2 0.203906 0.827083 0.240625 0.345833
2 0.614844 0.231250 0.151562 0.404167
