0 0.129297 0.277778 0.247656 0.511111
0 0.114062 0.573611 0.223438 0.633333
0 0.059766 0.804861 0.114844 0.390278
0 0.717969 0.300000 0.235937 0.513889
0 0.773828 0.604861 0.303906 0.654167
0 0.786719 0.815972 0.301563 0.368056
1 0.353516 0.168750 0.066406 0.331944
1 0.552734 0.129861 0.069531 0.254167
1 0.341016 0.536111 0.141406 0.425000
1 0.251563 0.750694 0.145313 0.398611
1 0.268750 0.954167 0.075000 0.091667
1 0.576172 0.947222 0.061719 0.105556
1 0.549609 0.763889 0.135156 0.472222
1 0.545312 0.520833 0.106250 0.427778
2 0.281250 0.359028 0.181250 0.354167
2 0.589453 0.358333 0.153906 0.363889
2 0.132031 0.879861 0.206250 0.240278
