2 0.285547 0.813889 0.192969 0.366667
2 0.625781 0.787500 0.175000 0.402778
0 0.071484 0.186806 0.103906 0.156944
0 0.112500 0.156250 0.085938 0.145833
0 0.158984 0.133333 0.077344 0.133333
0 0.378906 0.188889 0.081250 0.161111
0 0.395313 0.162500 0.073438 0.144444
0 0.405859 0.135417 0.072656 0.137500
0 0.625391 0.149306 0.086719 0.073611
0 0.269141 0.136111 0.092969 0.058333
0 0.297656 0.111111 0.079687 0.041667
0 0.319531 0.090278 0.076563 0.038889
0 0.205859 0.239583 0.133594 0.101389
0 0.162891 0.298611 0.174219 0.127778
0 0.095703 0.376389 0.188281 0.150000
0 0.267969 0.461806 0.173437 0.315278
0 0.313672 0.368056 0.135156 0.252778
0 0.337500 0.299306 0.131250 0.220833
0 0.160938 0.730556 0.248438 0.494444
0 0.102734 0.836111 0.196094 0.327778
0 0.748828 0.741667 0.217969 0.488889
0 0.817187 0.837500 0.270313 0.325000
0 0.623828 0.279167 0.099219 0.177778
0 0.645312 0.345833 0.110937 0.208333
0 0.664844 0.456250 0.123438 0.287500
0 0.929297 0.588194 0.141406 0.215278
0 0.848437 0.360417 0.173437 0.129167
0 0.799219 0.297917 0.146875 0.118056
0 0.764453 0.236806 0.127344 0.106944
0 0.724609 0.139583 0.091406 0.059722
0 0.708203 0.111111 0.078906 0.044444
0 0.856250 0.148611 0.048438 0.144444
0 0.891797 0.179861 0.053906 0.145833
0 0.928125 0.213889 0.060937 0.177778
0 0.983594 0.290972 0.032813 0.237500
1 0.833594 0.234028 0.035937 0.118056
1 0.863672 0.274306 0.044531 0.134722
1 0.896484 0.309722 0.055469 0.127778
1 0.956250 0.406944 0.081250 0.155556
1 0.570703 0.470139 0.055469 0.245833
1 0.579297 0.531944 0.055469 0.258333
1 0.582031 0.604861 0.059375 0.240278
1 0.590234 0.879861 0.111719 0.240278
1 0.330469 0.879861 0.140625 0.240278
1 0.351172 0.636111 0.105469 0.294444
1 0.398047 0.548611 0.082031 0.288889
1 0.402734 0.476389 0.063281 0.255556
1 0.411328 0.336111 0.044531 0.202778
1 0.426172 0.281944 0.033594 0.191667
1 0.432812 0.247222 0.043750 0.158333
1 0.115234 0.260417 0.047656 0.076389
1 0.164453 0.218750 0.050781 0.065278
1 0.183984 0.200694 0.041406 0.073611
