2 0.639453 0.699306 0.166406 0.395833
2 0.300391 0.761806 0.205469 0.398611
0 0.164062 0.633333 0.229687 0.466667
0 0.113672 0.794444 0.211719 0.411111
0 0.275781 0.370833 0.156250 0.319444
0 0.312109 0.277778 0.132031 0.261111
0 0.342578 0.211806 0.119531 0.229167
0 0.380078 0.097917 0.088281 0.168056
0 0.407031 0.072917 0.056250 0.143056
0 0.423828 0.055556 0.038281 0.108333
0 0.075781 0.106250 0.093750 0.165278
0 0.121484 0.074306 0.089844 0.145833
0 0.158984 0.056944 0.064844 0.111111
0 0.276953 0.057639 0.100781 0.090278
0 0.290625 0.021528 0.065625 0.040278
0 0.205859 0.148611 0.132031 0.102778
0 0.158594 0.215278 0.164062 0.125000
0 0.101172 0.290972 0.186719 0.159722
0 0.025781 0.453472 0.050000 0.123611
1 0.362891 0.550694 0.100781 0.312500
1 0.357422 0.836111 0.147656 0.327778
1 0.270703 0.942361 0.075781 0.115278
0 0.834375 0.788194 0.315625 0.423611
0 0.762109 0.629861 0.249219 0.495833
0 0.931641 0.502778 0.136719 0.241667
0 0.857031 0.278472 0.182812 0.156944
0 0.680078 0.350694 0.136719 0.290278
0 0.658203 0.260417 0.141406 0.240278
0 0.635938 0.196528 0.123438 0.215278
0 0.635156 0.043056 0.087500 0.083333
0 0.733984 0.039583 0.092969 0.065278
0 0.773828 0.125000 0.127344 0.097222
0 0.808203 0.197917 0.149219 0.126389
0 0.987109 0.180556 0.025781 0.216667
0 0.942187 0.106944 0.073438 0.186111
0 0.903125 0.077083 0.062500 0.151389
0 0.874609 0.061806 0.058594 0.120833
1 0.117578 0.177778 0.066406 0.080556
1 0.162891 0.133333 0.044531 0.077778
1 0.187500 0.106944 0.034375 0.069444
1 0.020313 0.301389 0.032813 0.086111
1 0.400391 0.452778 0.083594 0.294444
1 0.415234 0.379861 0.071094 0.262500
1 0.420312 0.244444 0.040625 0.219444
1 0.433984 0.186111 0.030469 0.194444
1 0.439844 0.152778 0.032813 0.177778
1 0.572266 0.372222 0.053906 0.269444
1 0.583984 0.449306 0.058594 0.295833
1 0.587109 0.538889 0.074219 0.308333
1 0.598047 0.828472 0.124219 0.340278
1 0.604688 0.937500 0.134375 0.125000
1 0.966016 0.305556 0.067969 0.163889
1 0.915625 0.209722 0.071875 0.147222
1 0.876172 0.168750 0.052344 0.123611
1 0.845703 0.140972 0.047656 0.126389
2 0.635156 0.697222 0.170313 0.394444
2 0.300391 0.764583 0.200781 0.412500
