0 0.815625 0.795833 0.293750 0.408333
0 0.770312 0.652083 0.253125 0.495833
0 0.680469 0.368056 0.164062 0.308333
0 0.655859 0.272222 0.119531 0.250000
0 0.639844 0.202083 0.109375 0.206944
0 0.356250 0.211806 0.121875 0.240278
0 0.330078 0.270833 0.139844 0.261111
0 0.290234 0.367361 0.167969 0.315278
0 0.182812 0.638889 0.268750 0.502778
0 0.127344 0.789583 0.242188 0.420833
0 0.391016 0.101389 0.088281 0.177778
0 0.408984 0.073611 0.063281 0.144444
0 0.429297 0.055556 0.041406 0.108333
0 0.075391 0.097222 0.124219 0.163889
0 0.126953 0.068056 0.083594 0.133333
0 0.170703 0.053472 0.067969 0.104167
0 0.014063 0.195833 0.026562 0.194444
0 0.642188 0.047222 0.082812 0.069444
0 0.745313 0.051389 0.087500 0.069444
0 0.728906 0.019444 0.079687 0.036111
0 0.782031 0.143750 0.120313 0.104167
0 0.819922 0.217361 0.146094 0.131944
0 0.867969 0.305556 0.182812 0.183333
0 0.931641 0.508333 0.136719 0.236111
0 0.989062 0.218056 0.021875 0.225000
0 0.954297 0.130556 0.088281 0.183333
0 0.920312 0.087500 0.081250 0.155556
0 0.881250 0.068056 0.070312 0.133333
1 0.851172 0.161111 0.047656 0.133333
1 0.881641 0.187500 0.049219 0.127778
1 0.923828 0.234722 0.069531 0.161111
1 0.969531 0.323611 0.060937 0.147222
1 0.449219 0.153472 0.028125 0.165278
1 0.440625 0.192361 0.031250 0.176389
1 0.430078 0.237500 0.036719 0.191667
1 0.411719 0.386806 0.067187 0.243056
1 0.414062 0.458333 0.073438 0.288889
1 0.375000 0.547917 0.078125 0.315278
1 0.362109 0.836806 0.138281 0.326389
1 0.272266 0.940972 0.094531 0.118056
1 0.131641 0.171528 0.047656 0.090278
1 0.176953 0.119444 0.049219 0.058333
1 0.197656 0.098611 0.032813 0.069444
1 0.026562 0.302778 0.039062 0.113889
1 0.585156 0.375694 0.056250 0.254167
1 0.585938 0.452778 0.057813 0.275000
1 0.594922 0.526389 0.075781 0.280556
1 0.591016 0.811111 0.119531 0.313889
1 0.600781 0.940972 0.135937 0.118056
2 0.306250 0.761806 0.200000 0.415278
2 0.627734 0.706944 0.164844 0.402778
