2 0.560937 0.429167 0.121875 0.255556
2 0.582422 0.732639 0.169531 0.393056
2 0.252734 0.779167 0.189844 0.408333
0 0.037109 0.125694 0.069531 0.165278
0 0.067187 0.098611 0.092188 0.147222
0 0.107422 0.069444 0.078906 0.122222
0 0.328906 0.122222 0.089063 0.166667
0 0.351172 0.091667 0.072656 0.152778
0 0.362500 0.066667 0.071875 0.130556
0 0.301172 0.226389 0.111719 0.216667
0 0.279297 0.297917 0.139844 0.243056
0 0.236719 0.388194 0.170313 0.304167
0 0.133203 0.671528 0.236719 0.484722
0 0.088281 0.810417 0.173437 0.379167
0 0.586328 0.207639 0.097656 0.168056
0 0.605078 0.252083 0.100781 0.140278
0 0.626172 0.348611 0.133594 0.213889
0 0.698438 0.607639 0.226562 0.409722
0 0.767969 0.809722 0.282813 0.380556
0 0.902734 0.536806 0.186719 0.256944
0 0.812109 0.304861 0.172656 0.162500
0 0.761328 0.218750 0.139844 0.112500
0 0.724609 0.163889 0.122656 0.100000
0 0.821094 0.081944 0.056250 0.138889
0 0.858203 0.107639 0.071094 0.143056
0 0.889453 0.131944 0.067969 0.163889
0 0.962500 0.236806 0.070312 0.231944
1 0.080469 0.196528 0.042188 0.073611
1 0.115625 0.155556 0.040625 0.061111
1 0.144922 0.118750 0.036719 0.065278
1 0.401562 0.177778 0.025000 0.161111
1 0.392188 0.229167 0.031250 0.177778
1 0.379688 0.270833 0.042188 0.194444
1 0.370703 0.409722 0.064844 0.247222
1 0.370703 0.483333 0.071094 0.302778
1 0.328906 0.573611 0.075000 0.294444
1 0.312109 0.852778 0.147656 0.294444
1 0.553125 0.954167 0.109375 0.091667
1 0.558594 0.834722 0.117188 0.297222
1 0.535937 0.591667 0.098437 0.338889
1 0.530469 0.327778 0.046875 0.086111
1 0.794141 0.162500 0.035156 0.108333
1 0.821875 0.206944 0.042188 0.130556
1 0.866016 0.252083 0.071094 0.154167
1 0.925000 0.351389 0.085938 0.161111
1 0.972656 0.436111 0.054688 0.233333
