0 0.056641 0.152778 0.089844 0.169444
0 0.101953 0.114583 0.083594 0.148611
0 0.131250 0.088194 0.068750 0.131944
0 0.258203 0.099306 0.085156 0.062500
0 0.283203 0.072222 0.067969 0.047222
0 0.307031 0.045833 0.073438 0.044444
0 0.186719 0.192361 0.125000 0.090278
0 0.127734 0.266667 0.125781 0.119444
0 0.087109 0.341667 0.147656 0.152778
0 0.154297 0.687500 0.227344 0.488889
0 0.094922 0.817361 0.182031 0.365278
0 0.254297 0.419444 0.171094 0.325000
0 0.294922 0.323611 0.138281 0.244444
0 0.321484 0.254861 0.119531 0.231944
0 0.360156 0.155556 0.087500 0.177778
0 0.369141 0.121528 0.086719 0.165278
0 0.382422 0.086111 0.071094 0.127778
0 0.599609 0.070833 0.069531 0.052778
0 0.608203 0.111806 0.078906 0.079167
0 0.610156 0.244444 0.112500 0.200000
0 0.624219 0.309722 0.114062 0.227778
0 0.649219 0.406944 0.146875 0.302778
0 0.736719 0.681944 0.259375 0.469444
0 0.799609 0.822917 0.322656 0.354167
0 0.916406 0.556250 0.167187 0.231944
0 0.831641 0.340972 0.188281 0.151389
0 0.782031 0.259722 0.148438 0.119444
0 0.749219 0.200000 0.118750 0.102778
0 0.713672 0.104167 0.091406 0.066667
0 0.696484 0.070833 0.085156 0.044444
0 0.844141 0.109722 0.055469 0.141667
0 0.882031 0.147222 0.062500 0.161111
0 0.916016 0.174306 0.066406 0.162500
0 0.974219 0.249306 0.051562 0.198611
1 0.096875 0.214583 0.050000 0.073611
1 0.147656 0.187500 0.060937 0.080556
1 0.174609 0.164583 0.044531 0.079167
1 0.327734 0.858333 0.146094 0.283333
1 0.247266 0.970833 0.067969 0.058333
1 0.580469 0.961806 0.129688 0.076389
1 0.571094 0.861806 0.118750 0.276389
1 0.571484 0.573611 0.088281 0.261111
1 0.560156 0.491667 0.048438 0.250000
1 0.556641 0.424306 0.077344 0.245833
1 0.344141 0.588194 0.085156 0.290278
1 0.383594 0.504861 0.065625 0.270833
1 0.396484 0.438194 0.063281 0.248611
1 0.396875 0.284028 0.043750 0.184722
1 0.412891 0.255556 0.028906 0.180556
1 0.421094 0.209028 0.031250 0.179167
1 0.812891 0.191667 0.035156 0.116667
1 0.841797 0.239583 0.033594 0.148611
1 0.889844 0.289583 0.062500 0.168056
1 0.945312 0.379167 0.082812 0.175000
2 0.271484 0.772222 0.175781 0.391667
2 0.593750 0.754861 0.176563 0.420833
