2 0.603125 0.493750 0.104688 0.304167
2 0.657813 0.782639 0.160938 0.384722
2 0.315234 0.784028 0.186719 0.404167
0 0.091797 0.178472 0.096094 0.168056
0 0.134375 0.129167 0.096875 0.136111
0 0.163672 0.115972 0.078906 0.126389
1 0.207813 0.183333 0.029687 0.063889
1 0.186328 0.204861 0.041406 0.065278
1 0.148438 0.250000 0.057813 0.088889
1 0.032422 0.384722 0.057031 0.125000
0 0.114062 0.325000 0.185938 0.102778
0 0.177344 0.266667 0.148438 0.097222
0 0.230469 0.211111 0.135937 0.102778
0 0.195703 0.699306 0.221094 0.506944
0 0.124219 0.815972 0.239063 0.368056
0 0.294141 0.431944 0.150781 0.313889
0 0.334766 0.350694 0.127344 0.259722
0 0.358594 0.281944 0.118750 0.230556
0 0.396484 0.179861 0.074219 0.170833
0 0.411328 0.147917 0.064844 0.145833
0 0.424219 0.119444 0.067187 0.133333
0 0.017188 0.268056 0.031250 0.202778
0 0.648438 0.260417 0.103125 0.176389
0 0.658594 0.331944 0.112500 0.227778
0 0.691016 0.415278 0.127344 0.275000
0 0.778906 0.713194 0.245312 0.490278
0 0.841016 0.827778 0.283594 0.344444
0 0.786328 0.221528 0.125781 0.104167
0 0.826953 0.284722 0.147656 0.138889
0 0.879297 0.366667 0.182031 0.177778
0 0.941406 0.565972 0.117188 0.215278
0 0.953516 0.203472 0.064844 0.179167
0 0.991016 0.287500 0.017969 0.161111
0 0.912891 0.168056 0.049219 0.152778
0 0.882812 0.136111 0.053125 0.138889
1 0.850000 0.209722 0.032813 0.091667
1 0.879687 0.252083 0.032813 0.090278
1 0.924609 0.299306 0.064844 0.123611
1 0.972656 0.391667 0.054688 0.138889
1 0.457422 0.224306 0.019531 0.140278
1 0.448047 0.277083 0.030469 0.159722
1 0.435156 0.315278 0.032813 0.180556
1 0.425000 0.458333 0.065625 0.261111
1 0.419141 0.527778 0.072656 0.300000
1 0.385547 0.606944 0.096094 0.313889
1 0.369922 0.867361 0.111719 0.265278
1 0.287109 0.977778 0.039844 0.044444
1 0.612109 0.975000 0.089844 0.050000
1 0.612109 0.866667 0.121094 0.266667
1 0.594922 0.629861 0.117969 0.345833
1 0.576562 0.356250 0.023438 0.070833
