0 0.039844 0.128472 0.075000 0.159722
0 0.177734 0.299306 0.300781 0.498611
0 0.136719 0.589583 0.264062 0.618056
0 0.096094 0.809028 0.185938 0.381944
0 0.766016 0.317361 0.255469 0.515278
0 0.818750 0.621528 0.325000 0.659722
0 0.832812 0.820139 0.325000 0.359722
0 0.346875 0.077778 0.056250 0.152778
1 0.392578 0.185417 0.083594 0.334722
1 0.421094 0.104861 0.056250 0.206944
1 0.590625 0.138194 0.062500 0.268056
1 0.388672 0.547222 0.144531 0.413889
1 0.290234 0.759722 0.146094 0.408333
1 0.312891 0.957639 0.071094 0.084722
1 0.613672 0.957639 0.055469 0.084722
1 0.596484 0.768056 0.146094 0.463889
1 0.585547 0.540972 0.102344 0.415278
2 0.313672 0.384722 0.177344 0.327778
2 0.630469 0.363889 0.145313 0.363889
2 0.179688 0.879861 0.210938 0.240278
