2 0.585938 0.366667 0.131250 0.277778
2 0.628516 0.665972 0.188281 0.395833
2 0.280859 0.706944 0.194531 0.402778
0 0.059766 0.065278 0.074219 0.127778
0 0.100781 0.042361 0.057813 0.081944
0 0.142969 0.028472 0.040625 0.054167
0 0.321875 0.154861 0.117188 0.220833
0 0.296875 0.224306 0.131250 0.259722
0 0.264453 0.310417 0.157031 0.295833
0 0.154297 0.586111 0.236719 0.491667
0 0.106641 0.769444 0.200781 0.461111
0 0.375391 0.063889 0.039844 0.125000
0 0.388281 0.044444 0.029687 0.077778
0 0.404297 0.020139 0.011719 0.037500
0 0.609375 0.136111 0.087500 0.172222
0 0.625781 0.203472 0.101562 0.201389
0 0.656641 0.319444 0.133594 0.291667
0 0.716016 0.588889 0.189844 0.450000
0 0.786328 0.769444 0.266406 0.461111
0 0.919922 0.475000 0.160156 0.233333
0 0.828906 0.243750 0.182812 0.159722
0 0.780859 0.166667 0.150781 0.133333
0 0.750781 0.095139 0.123438 0.104167
0 0.837891 0.035417 0.055469 0.068056
0 0.880078 0.052778 0.075781 0.102778
0 0.921484 0.084722 0.074219 0.166667
0 0.975000 0.155556 0.050000 0.225000
1 0.096094 0.113194 0.051562 0.081944
1 0.137109 0.068056 0.042969 0.052778
1 0.162891 0.060417 0.032031 0.073611
1 0.418750 0.103472 0.028125 0.173611
1 0.411328 0.150694 0.027344 0.176389
1 0.393359 0.192361 0.039844 0.201389
1 0.392969 0.349306 0.062500 0.237500
1 0.383203 0.415278 0.067969 0.286111
1 0.355469 0.502778 0.078125 0.288889
1 0.336328 0.816667 0.147656 0.366667
1 0.252344 0.926389 0.070312 0.147222
1 0.581250 0.917361 0.118750 0.165278
1 0.575781 0.798611 0.106250 0.330556
1 0.543750 0.524306 0.089063 0.323611
1 0.547656 0.245139 0.042188 0.095833
1 0.814453 0.098611 0.032031 0.111111
1 0.847266 0.132639 0.042969 0.109722
1 0.884375 0.179167 0.062500 0.141667
1 0.941406 0.283333 0.078125 0.158333
1 0.985156 0.308333 0.029687 0.077778
