0 0.631641 0.225000 0.110156 0.188889
0 0.650391 0.293056 0.125781 0.213889
0 0.674219 0.393750 0.154688 0.301389
0 0.742969 0.677083 0.229687 0.448611
0 0.786328 0.813889 0.269531 0.372222
0 0.925781 0.555556 0.148438 0.252778
0 0.844922 0.342361 0.177344 0.170833
0 0.794531 0.248611 0.143750 0.130556
0 0.760547 0.190972 0.122656 0.120833
0 0.852734 0.107639 0.049219 0.145833
0 0.885938 0.134028 0.062500 0.154167
0 0.926953 0.174306 0.063281 0.176389
0 0.981250 0.254861 0.037500 0.201389
0 0.100000 0.795833 0.198437 0.408333
0 0.161328 0.653472 0.238281 0.490278
0 0.262891 0.384028 0.158594 0.318056
0 0.307031 0.302778 0.131250 0.280556
0 0.332422 0.225694 0.121094 0.231944
0 0.373047 0.122222 0.078906 0.166667
0 0.381250 0.095139 0.084375 0.156944
0 0.397656 0.063889 0.070312 0.122222
0 0.065234 0.102083 0.094531 0.176389
0 0.104297 0.073611 0.085156 0.144444
0 0.145703 0.053472 0.066406 0.104167
1 0.117578 0.186111 0.044531 0.091667
1 0.153125 0.138194 0.050000 0.056944
1 0.185938 0.125694 0.040625 0.079167
1 0.433984 0.175000 0.021094 0.155556
1 0.420312 0.220139 0.029687 0.176389
1 0.411328 0.263889 0.032031 0.180556
1 0.401953 0.418056 0.063281 0.238889
1 0.394531 0.486111 0.051562 0.294444
1 0.358203 0.563889 0.075781 0.302778
1 0.344141 0.843750 0.138281 0.312500
1 0.251953 0.949306 0.067969 0.101389
1 0.581250 0.849306 0.121875 0.268056
1 0.548438 0.585417 0.085938 0.340278
1 0.551953 0.316667 0.033594 0.100000
1 0.831250 0.193056 0.039062 0.130556
1 0.862109 0.223611 0.049219 0.102778
1 0.900000 0.272917 0.068750 0.151389
1 0.955078 0.374306 0.069531 0.154167
1 0.992188 0.388889 0.015625 0.038889
2 0.590234 0.446528 0.119531 0.293056
2 0.619922 0.743056 0.155469 0.388889
2 0.285156 0.773611 0.187500 0.416667
