0 0.125781 0.736111 0.240625 0.500000
0 0.177734 0.537500 0.233594 0.502778
0 0.297656 0.272917 0.170313 0.331944
0 0.332031 0.175000 0.145313 0.261111
0 0.355078 0.111806 0.122656 0.220833
0 0.108984 0.198611 0.172656 0.186111
0 0.175000 0.109722 0.159375 0.138889
0 0.104297 0.042361 0.092969 0.081944
0 0.150000 0.020139 0.050000 0.037500
0 0.423047 0.041667 0.035156 0.080556
0 0.435937 0.021528 0.028125 0.040278
0 0.016797 0.102778 0.032031 0.180556
0 0.659766 0.085417 0.116406 0.168056
0 0.675781 0.161806 0.126562 0.223611
0 0.700000 0.254167 0.165625 0.286111
0 0.768359 0.545833 0.244531 0.486111
0 0.832422 0.750000 0.297656 0.500000
0 0.962500 0.064583 0.071875 0.126389
0 0.919922 0.036806 0.060156 0.070833
0 0.880859 0.015972 0.032031 0.029167
0 0.800000 0.042361 0.121875 0.081944
0 0.834766 0.109722 0.146094 0.130556
0 0.883594 0.204167 0.176563 0.180556
0 0.944141 0.401389 0.111719 0.208333
1 0.458203 0.068056 0.028906 0.133333
1 0.451172 0.097222 0.030469 0.144444
1 0.445312 0.123611 0.037500 0.163889
1 0.436328 0.150000 0.032031 0.169444
1 0.425000 0.288194 0.068750 0.254167
1 0.421875 0.360417 0.068750 0.290278
1 0.388281 0.447917 0.075000 0.309722
1 0.135156 0.071528 0.057813 0.084722
1 0.178906 0.031250 0.042188 0.059722
1 0.026953 0.215972 0.050781 0.137500
1 0.592578 0.282639 0.063281 0.254167
1 0.603516 0.354167 0.063281 0.261111
1 0.607031 0.418750 0.082812 0.248611
1 0.369141 0.780556 0.155469 0.405556
1 0.276172 0.891667 0.089844 0.216667
1 0.615625 0.890278 0.140625 0.219444
1 0.606641 0.754167 0.124219 0.350000
1 0.938281 0.136806 0.070312 0.162500
1 0.900781 0.089583 0.045312 0.131944
1 0.871875 0.056250 0.043750 0.109722
2 0.650781 0.610417 0.182812 0.384722
2 0.317188 0.665972 0.187500 0.412500
