1 0.131250 0.272222 0.045312 0.080556
1 0.175000 0.221528 0.037500 0.051389
1 0.198828 0.198611 0.038281 0.063889
1 0.442969 0.240278 0.031250 0.158333
1 0.439844 0.293750 0.032813 0.176389
1 0.422656 0.338889 0.045312 0.202778
1 0.416016 0.475000 0.066406 0.269444
1 0.407422 0.547222 0.071094 0.291667
1 0.371484 0.647917 0.082031 0.306944
1 0.346875 0.880556 0.131250 0.238889
1 0.592187 0.881250 0.101562 0.237500
1 0.569141 0.657639 0.082031 0.326389
1 0.571875 0.395139 0.042188 0.098611
1 0.840234 0.220833 0.033594 0.102778
1 0.871094 0.258333 0.046875 0.108333
1 0.916406 0.305556 0.060937 0.133333
1 0.966406 0.395139 0.067187 0.131944
0 0.085547 0.197917 0.089844 0.145833
0 0.125781 0.163889 0.079687 0.141667
0 0.159375 0.140278 0.071875 0.113889
0 0.281250 0.448611 0.160938 0.294444
0 0.321094 0.364583 0.135937 0.254167
0 0.342969 0.305556 0.126562 0.216667
0 0.378906 0.196528 0.098437 0.156944
0 0.394922 0.161111 0.078906 0.125000
0 0.411328 0.128472 0.077344 0.129167
0 0.179297 0.742361 0.242969 0.490278
0 0.099609 0.838889 0.189844 0.322222
0 0.825781 0.843750 0.309375 0.312500
0 0.749219 0.714583 0.220312 0.462500
0 0.673828 0.432639 0.135156 0.259722
0 0.654297 0.315972 0.122656 0.168056
0 0.634766 0.268056 0.103906 0.147222
0 0.767578 0.221528 0.132031 0.104167
0 0.806250 0.289583 0.150000 0.115278
0 0.858594 0.368056 0.187500 0.166667
0 0.932813 0.581944 0.134375 0.236111
0 0.989453 0.279861 0.021094 0.204167
0 0.937891 0.201389 0.066406 0.175000
0 0.900781 0.157639 0.064062 0.148611
0 0.868750 0.129167 0.056250 0.127778
2 0.599609 0.500000 0.113281 0.272222
2 0.632422 0.793750 0.172656 0.370833
2 0.300781 0.823611 0.192188 0.344444
