0 0.095312 0.829167 0.187500 0.341667
0 0.138281 0.636111 0.267188 0.627778
0 0.190625 0.350000 0.275000 0.497222
0 0.047266 0.188194 0.085156 0.181944
0 0.330469 0.111806 0.104688 0.220833
0 0.853906 0.841667 0.292187 0.277778
0 0.836719 0.670139 0.325000 0.659722
0 0.774219 0.369444 0.245312 0.525000
0 0.643359 0.109722 0.058594 0.216667
1 0.430078 0.129167 0.052344 0.255556
1 0.396094 0.225000 0.067187 0.313889
1 0.596094 0.198611 0.062500 0.258333
1 0.385547 0.594444 0.142969 0.422222
1 0.291797 0.793056 0.142969 0.388889
1 0.599219 0.796528 0.101562 0.398611
1 0.587109 0.599306 0.111719 0.415278
2 0.329297 0.445833 0.180469 0.311111
2 0.635547 0.419444 0.161719 0.369444
2 0.183984 0.909722 0.202344 0.180556
