0 0.288672 0.345139 0.160156 0.315278
0 0.321875 0.254861 0.140625 0.265278
0 0.348828 0.188889 0.127344 0.225000
0 0.384375 0.084028 0.087500 0.165278
0 0.419141 0.068056 0.039844 0.133333
0 0.440234 0.050000 0.030469 0.097222
0 0.087109 0.081944 0.107031 0.161111
0 0.142969 0.056250 0.064062 0.109722
0 0.176563 0.041667 0.053125 0.080556
0 0.011719 0.159028 0.021875 0.198611
0 0.285156 0.032639 0.081250 0.062500
0 0.214062 0.115972 0.121875 0.095833
0 0.166016 0.180556 0.150781 0.116667
0 0.112891 0.259722 0.200781 0.161111
0 0.034766 0.411111 0.064844 0.108333
0 0.164453 0.599306 0.252344 0.481944
0 0.126953 0.776389 0.247656 0.447222
0 0.835938 0.782639 0.328125 0.406944
0 0.769141 0.625694 0.242969 0.484722
0 0.692578 0.339583 0.161719 0.279167
0 0.671094 0.235417 0.132812 0.215278
0 0.651172 0.174306 0.119531 0.195833
0 0.957031 0.124306 0.085938 0.195833
0 0.922656 0.078472 0.085938 0.154167
0 0.887109 0.059722 0.063281 0.116667
0 0.783984 0.135417 0.132031 0.106944
0 0.824219 0.205556 0.140625 0.144444
0 0.873047 0.289583 0.169531 0.190278
0 0.936719 0.501389 0.126562 0.227778
0 0.649219 0.034028 0.087500 0.056944
0 0.752344 0.025000 0.079687 0.044444
1 0.132031 0.141667 0.056250 0.083333
1 0.176172 0.117361 0.049219 0.104167
1 0.196875 0.084028 0.031250 0.070833
1 0.452344 0.137500 0.029687 0.163889
1 0.444531 0.172222 0.026562 0.194444
1 0.433984 0.212500 0.025781 0.200000
1 0.418750 0.372917 0.057813 0.254167
1 0.414844 0.435417 0.071875 0.284722
1 0.373047 0.536806 0.080469 0.304167
1 0.584766 0.362500 0.060156 0.252778
1 0.588672 0.430556 0.069531 0.275000
1 0.601953 0.498611 0.082031 0.252778
1 0.359766 0.822917 0.161719 0.354167
1 0.262109 0.929861 0.088281 0.140278
1 0.594922 0.933333 0.113281 0.133333
1 0.592578 0.822222 0.111719 0.355556
1 0.854297 0.131250 0.033594 0.118056
1 0.882031 0.179861 0.042188 0.131944
1 0.924609 0.228472 0.053906 0.156944
1 0.973828 0.313889 0.052344 0.152778
2 0.637500 0.698611 0.159375 0.408333
2 0.300781 0.749306 0.200000 0.429167
