1 0.116406 0.216667 0.048438 0.083333
1 0.151172 0.165972 0.036719 0.054167
1 0.182031 0.150694 0.031250 0.076389
1 0.439844 0.211111 0.020313 0.161111
1 0.426563 0.254167 0.028125 0.183333
1 0.413672 0.293056 0.038281 0.208333
1 0.406250 0.442361 0.059375 0.226389
1 0.401953 0.500694 0.061719 0.304167
1 0.369141 0.577778 0.078906 0.277778
1 0.360156 0.868056 0.128125 0.263889
1 0.266797 0.963889 0.057031 0.072222
1 0.592187 0.959028 0.098437 0.081944
1 0.586719 0.836111 0.104688 0.266667
1 0.556641 0.614583 0.088281 0.329167
1 0.555859 0.331250 0.021094 0.076389
1 0.822656 0.184722 0.026562 0.077778
1 0.857031 0.214583 0.032813 0.090278
1 0.893750 0.270833 0.064062 0.130556
1 0.957031 0.364583 0.085938 0.143056
0 0.071094 0.142361 0.098437 0.159722
0 0.110156 0.100000 0.087500 0.130556
0 0.142187 0.075000 0.084375 0.094444
0 0.372266 0.134722 0.077344 0.125000
0 0.390234 0.109028 0.069531 0.112500
0 0.400000 0.083333 0.068750 0.116667
0 0.341797 0.237500 0.094531 0.202778
0 0.312891 0.313889 0.121094 0.222222
0 0.278516 0.393750 0.136719 0.259722
0 0.156250 0.675000 0.250000 0.472222
0 0.111719 0.809028 0.209375 0.381944
0 0.087891 0.317361 0.171094 0.126389
0 0.150781 0.254861 0.140625 0.129167
0 0.198437 0.192361 0.131250 0.104167
0 0.630078 0.240972 0.110156 0.198611
0 0.645703 0.313194 0.121094 0.223611
0 0.671875 0.390972 0.146875 0.265278
0 0.754687 0.665972 0.235937 0.437500
0 0.815234 0.813889 0.277344 0.372222
0 0.927734 0.542361 0.144531 0.201389
0 0.854297 0.331944 0.191406 0.158333
0 0.802344 0.260417 0.145313 0.115278
0 0.760156 0.188889 0.132812 0.100000
0 0.982422 0.260417 0.035156 0.209722
0 0.931250 0.177778 0.075000 0.172222
0 0.894531 0.141667 0.065625 0.155556
0 0.860938 0.108333 0.059375 0.127778
2 0.316797 0.763889 0.161719 0.411111
2 0.624219 0.754167 0.150000 0.391667
2 0.580469 0.461806 0.092188 0.298611
