2 0.633594 0.707639 0.207813 0.406944
2 0.285547 0.789583 0.217969 0.401389
0 0.041016 0.046528 0.080469 0.040278
0 0.131250 0.086806 0.100000 0.131944
0 0.095703 0.120139 0.102344 0.156944
0 0.056641 0.152083 0.103906 0.173611
0 0.086328 0.341667 0.160156 0.169444
0 0.137500 0.261111 0.140625 0.141667
0 0.187109 0.195833 0.133594 0.125000
0 0.255078 0.086806 0.097656 0.076389
0 0.279297 0.052778 0.089844 0.041667
0 0.296484 0.024306 0.066406 0.040278
0 0.109766 0.822222 0.211719 0.355556
0 0.167578 0.691667 0.278906 0.497222
0 0.259766 0.404167 0.183594 0.308333
0 0.290625 0.310417 0.153125 0.251389
0 0.317969 0.237500 0.142187 0.236111
0 0.354687 0.120833 0.100000 0.161111
0 0.368359 0.092361 0.088281 0.148611
0 0.379688 0.065972 0.081250 0.126389
0 0.828125 0.784028 0.343750 0.412500
0 0.747266 0.624306 0.260156 0.479167
0 0.665234 0.359028 0.158594 0.290278
0 0.642578 0.263889 0.132031 0.238889
0 0.611719 0.194444 0.114062 0.188889
0 0.920703 0.468750 0.158594 0.240278
0 0.838281 0.283333 0.178125 0.169444
0 0.788281 0.200694 0.146875 0.126389
0 0.749219 0.138889 0.134375 0.111111
0 0.710938 0.045139 0.093750 0.065278
0 0.617969 0.054861 0.082812 0.076389
0 0.605078 0.030556 0.075781 0.050000
0 0.980469 0.165972 0.039062 0.229167
0 0.925000 0.102778 0.075000 0.188889
0 0.882422 0.073611 0.066406 0.144444
0 0.845703 0.062500 0.052344 0.113889
1 0.104297 0.224306 0.057031 0.081944
1 0.148828 0.167361 0.052344 0.073611
1 0.169922 0.145139 0.046094 0.090278
1 0.357031 0.841667 0.125000 0.316667
1 0.263281 0.959722 0.067187 0.080556
1 0.573047 0.939583 0.096094 0.120833
1 0.582422 0.829167 0.122656 0.333333
1 0.578125 0.543056 0.081250 0.294444
1 0.359766 0.581250 0.100781 0.315278
1 0.398828 0.475694 0.080469 0.284722
1 0.397266 0.400694 0.067969 0.231944
1 0.402734 0.255556 0.052344 0.188889
1 0.418359 0.230556 0.047656 0.166667
1 0.422266 0.181250 0.049219 0.184722
1 0.563281 0.379861 0.073438 0.256944
1 0.574609 0.438889 0.066406 0.241667
1 0.955469 0.296528 0.089063 0.156944
1 0.893359 0.216667 0.077344 0.175000
1 0.851562 0.162500 0.053125 0.127778
1 0.825000 0.136111 0.053125 0.130556
