0 0.086328 0.116667 0.103906 0.158333
0 0.133984 0.084028 0.085156 0.151389
0 0.175391 0.068750 0.067969 0.134722
0 0.389453 0.137500 0.072656 0.166667
0 0.403125 0.109028 0.068750 0.159722
0 0.422656 0.077778 0.060937 0.136111
0 0.364453 0.234028 0.097656 0.212500
0 0.339453 0.295833 0.113281 0.238889
0 0.301172 0.387500 0.135156 0.305556
0 0.186719 0.643750 0.234375 0.490278
0 0.119531 0.790972 0.235937 0.418056
0 0.108984 0.281944 0.182031 0.113889
0 0.173437 0.228472 0.146875 0.118056
0 0.226953 0.164583 0.122656 0.106944
0 0.635938 0.223611 0.092188 0.175000
0 0.658203 0.288194 0.108594 0.201389
0 0.685547 0.377778 0.138281 0.244444
0 0.758594 0.645139 0.221875 0.426389
0 0.819531 0.815278 0.282813 0.369444
0 0.935937 0.546528 0.128125 0.206944
0 0.860156 0.344444 0.195312 0.180556
0 0.817578 0.254167 0.152344 0.122222
0 0.781250 0.197222 0.131250 0.119444
0 0.882422 0.111806 0.069531 0.148611
0 0.917578 0.143750 0.064844 0.156944
0 0.954297 0.179861 0.066406 0.168056
0 0.987500 0.268750 0.025000 0.245833
1 0.132812 0.192361 0.051562 0.079167
1 0.171484 0.143056 0.036719 0.050000
1 0.200391 0.131944 0.030469 0.058333
1 0.452344 0.190278 0.021875 0.158333
1 0.444531 0.226389 0.021875 0.177778
1 0.430078 0.276389 0.036719 0.166667
1 0.416797 0.415972 0.063281 0.262500
1 0.407813 0.491667 0.056250 0.286111
1 0.369141 0.568056 0.100781 0.291667
1 0.356250 0.844444 0.135937 0.311111
1 0.284766 0.954861 0.055469 0.090278
1 0.596875 0.841667 0.109375 0.275000
1 0.571484 0.598611 0.085156 0.319444
1 0.570312 0.323611 0.025000 0.080556
2 0.601953 0.452083 0.107031 0.295833
2 0.642578 0.748611 0.177344 0.413889
2 0.307031 0.758333 0.192188 0.438889
