0 0.063281 0.222917 0.090625 0.154167
0 0.100781 0.188194 0.084375 0.134722
0 0.137500 0.159028 0.076563 0.123611
0 0.357031 0.197222 0.090625 0.161111
0 0.377734 0.167361 0.077344 0.148611
0 0.392578 0.134028 0.071094 0.131944
0 0.331250 0.299306 0.115625 0.209722
0 0.307812 0.376389 0.140625 0.241667
0 0.265625 0.460417 0.179688 0.268056
0 0.168750 0.736806 0.268750 0.456944
0 0.106641 0.852083 0.203906 0.295833
0 0.827344 0.824306 0.295312 0.351389
0 0.748047 0.668056 0.242969 0.427778
0 0.661719 0.423611 0.137500 0.269444
0 0.638281 0.311806 0.123438 0.181944
0 0.608984 0.252778 0.105469 0.158333
0 0.753516 0.198611 0.125781 0.108333
0 0.792969 0.258333 0.148438 0.122222
0 0.840234 0.332639 0.186719 0.162500
0 0.922656 0.518750 0.154688 0.234722
0 0.976562 0.243056 0.046875 0.236111
0 0.919922 0.162500 0.064844 0.175000
0 0.878516 0.129167 0.061719 0.150000
0 0.844922 0.104167 0.060156 0.136111
1 0.825000 0.195833 0.045312 0.111111
1 0.848828 0.222917 0.041406 0.112500
1 0.891797 0.267361 0.058594 0.129167
1 0.957031 0.350694 0.082812 0.154167
1 0.555469 0.375694 0.037500 0.098611
1 0.557422 0.641667 0.085156 0.333333
1 0.601172 0.874306 0.124219 0.251389
1 0.355469 0.878472 0.104688 0.243056
1 0.365234 0.645139 0.100781 0.315278
1 0.392969 0.540972 0.070312 0.279167
1 0.401562 0.471528 0.065625 0.234722
1 0.410156 0.331944 0.042188 0.175000
1 0.421875 0.280556 0.035937 0.177778
1 0.428516 0.247917 0.030469 0.176389
1 0.110547 0.287500 0.039844 0.063889
1 0.151562 0.243056 0.045312 0.069444
1 0.178125 0.223611 0.034375 0.063889
2 0.585547 0.486111 0.116406 0.277778
2 0.640625 0.771528 0.181250 0.379167
2 0.292578 0.824306 0.189844 0.340278
