2 0.616406 0.732639 0.160938 0.398611
2 0.582031 0.440278 0.107813 0.275000
2 0.279687 0.753472 0.175000 0.373611
0 0.067578 0.103472 0.097656 0.159722
0 0.108203 0.073611 0.078906 0.144444
0 0.146094 0.056944 0.062500 0.111111
0 0.369531 0.127778 0.068750 0.150000
0 0.389062 0.090972 0.064062 0.143056
0 0.407422 0.064583 0.052344 0.118056
0 0.337109 0.225000 0.103906 0.213889
0 0.312500 0.286806 0.106250 0.234722
0 0.273438 0.382639 0.132812 0.312500
0 0.163672 0.652778 0.213281 0.494444
0 0.113281 0.795833 0.214062 0.408333
0 0.623828 0.234722 0.110156 0.197222
0 0.641016 0.290972 0.114844 0.198611
0 0.666016 0.405556 0.144531 0.291667
0 0.738672 0.667361 0.221094 0.456944
0 0.803906 0.809028 0.285938 0.381944
0 0.919922 0.577778 0.160156 0.266667
0 0.841406 0.340972 0.175000 0.176389
0 0.792969 0.258333 0.143750 0.138889
0 0.753906 0.190278 0.129688 0.113889
0 0.856250 0.109722 0.056250 0.147222
0 0.887500 0.138194 0.062500 0.154167
0 0.928516 0.173611 0.071094 0.175000
0 0.982812 0.268750 0.034375 0.209722
1 0.111328 0.190972 0.047656 0.084722
1 0.147266 0.136111 0.038281 0.061111
1 0.177734 0.118750 0.035156 0.068056
1 0.429688 0.178472 0.026562 0.162500
1 0.417969 0.218750 0.029687 0.176389
1 0.408984 0.269444 0.039844 0.194444
1 0.398828 0.407639 0.060156 0.231944
1 0.391016 0.498611 0.060156 0.300000
1 0.351953 0.568056 0.082031 0.291667
1 0.332031 0.845833 0.126562 0.305556
1 0.250391 0.961806 0.053906 0.076389
1 0.578516 0.838889 0.116406 0.266667
1 0.551172 0.597917 0.083594 0.329167
1 0.548828 0.324306 0.036719 0.090278
1 0.822656 0.194444 0.039062 0.105556
1 0.853125 0.227083 0.046875 0.101389
1 0.895703 0.272917 0.063281 0.118056
1 0.950391 0.370833 0.083594 0.169444
