0 0.060547 0.181250 0.091406 0.162500
0 0.102734 0.150000 0.086719 0.136111
0 0.136328 0.126389 0.077344 0.125000
0 0.363672 0.178472 0.077344 0.165278
0 0.380469 0.145833 0.067187 0.138889
0 0.392578 0.111806 0.066406 0.118056
0 0.336328 0.279861 0.096094 0.212500
0 0.311328 0.339583 0.111719 0.240278
0 0.274219 0.429861 0.150000 0.293056
0 0.160547 0.707639 0.219531 0.504167
0 0.104297 0.818056 0.194531 0.363889
0 0.817578 0.815278 0.280469 0.352778
0 0.750781 0.686111 0.242188 0.458333
0 0.659375 0.372222 0.139063 0.194444
0 0.633984 0.305556 0.127344 0.191667
0 0.613672 0.232639 0.108594 0.131944
0 0.752344 0.204167 0.131250 0.108333
0 0.792188 0.276389 0.146875 0.136111
0 0.842969 0.348611 0.182812 0.152778
0 0.926953 0.543056 0.146094 0.219444
0 0.978125 0.260417 0.043750 0.212500
0 0.921875 0.184722 0.073438 0.177778
0 0.884375 0.155556 0.067187 0.161111
0 0.853906 0.120833 0.062500 0.147222
1 0.110547 0.249306 0.042969 0.084722
1 0.146094 0.202083 0.045312 0.051389
1 0.176563 0.175694 0.028125 0.056944
1 0.428125 0.229861 0.025000 0.162500
1 0.419531 0.265278 0.020313 0.183333
1 0.414062 0.302778 0.026562 0.188889
1 0.400781 0.451389 0.060937 0.252778
1 0.392578 0.531250 0.072656 0.298611
1 0.365234 0.612500 0.075781 0.294444
1 0.342187 0.864583 0.128125 0.270833
1 0.584375 0.963889 0.090625 0.072222
1 0.594141 0.852083 0.130469 0.295833
1 0.566797 0.627083 0.110156 0.351389
1 0.547266 0.346528 0.022656 0.056944
1 0.815234 0.203472 0.024219 0.090278
1 0.842969 0.243056 0.032813 0.108333
1 0.876953 0.283333 0.036719 0.119444
1 0.948828 0.376389 0.075781 0.130556
0 0.095703 0.350694 0.182031 0.129167
0 0.147656 0.277083 0.170313 0.112500
0 0.194141 0.223611 0.135156 0.094444
2 0.292187 0.784028 0.190625 0.398611
2 0.632812 0.771528 0.181250 0.387500
2 0.574219 0.485417 0.110937 0.304167
