1 0.132031 0.227778 0.040625 0.072222
1 0.176953 0.199306 0.046094 0.093056
1 0.203516 0.168056 0.039844 0.066667
1 0.025000 0.361806 0.046875 0.109722
1 0.449219 0.206250 0.028125 0.162500
1 0.441406 0.240972 0.026562 0.179167
1 0.428125 0.279861 0.037500 0.179167
1 0.422656 0.435417 0.053125 0.245833
1 0.414062 0.502778 0.057813 0.277778
1 0.380859 0.594444 0.063281 0.308333
1 0.367578 0.858333 0.130469 0.283333
1 0.279687 0.970139 0.070312 0.059722
1 0.604297 0.959722 0.122656 0.080556
1 0.606641 0.856944 0.122656 0.286111
1 0.587891 0.545139 0.058594 0.218056
1 0.587891 0.494444 0.055469 0.280556
1 0.580859 0.424306 0.055469 0.259722
1 0.849219 0.185417 0.043750 0.115278
1 0.879297 0.222917 0.046094 0.120833
1 0.917969 0.263194 0.067187 0.134722
1 0.970313 0.364583 0.059375 0.154167
0 0.086719 0.158333 0.090625 0.155556
0 0.125391 0.123611 0.091406 0.147222
0 0.162500 0.095139 0.085938 0.120833
0 0.011719 0.253472 0.021875 0.206944
0 0.283203 0.105556 0.097656 0.063889
0 0.308203 0.073611 0.078906 0.041667
0 0.326172 0.050694 0.074219 0.040278
0 0.217578 0.199306 0.117969 0.090278
0 0.166016 0.259722 0.155469 0.105556
0 0.108594 0.352778 0.187500 0.166667
0 0.171484 0.699306 0.233594 0.487500
0 0.120313 0.818750 0.229687 0.362500
0 0.286719 0.422917 0.164062 0.304167
0 0.322656 0.340972 0.135937 0.273611
0 0.350391 0.263889 0.122656 0.227778
0 0.387109 0.157639 0.091406 0.173611
0 0.400000 0.120833 0.078125 0.138889
0 0.411719 0.102083 0.081250 0.145833
0 0.829688 0.813889 0.303125 0.372222
0 0.768750 0.690278 0.265625 0.513889
0 0.674609 0.402778 0.142969 0.302778
0 0.648438 0.306944 0.109375 0.213889
0 0.638672 0.251389 0.097656 0.208333
0 0.638281 0.098611 0.082812 0.063889
0 0.627734 0.077083 0.063281 0.068056
0 0.722266 0.058333 0.080469 0.047222
0 0.739844 0.098611 0.092188 0.080556
0 0.783203 0.190278 0.130469 0.116667
0 0.814063 0.257639 0.153125 0.134722
0 0.869922 0.329861 0.180469 0.176389
0 0.932422 0.545139 0.135156 0.237500
0 0.873047 0.102083 0.053906 0.148611
0 0.910547 0.129167 0.066406 0.155556
0 0.951172 0.160417 0.080469 0.176389
2 0.305859 0.797917 0.191406 0.373611
2 0.635156 0.749306 0.157812 0.401389
