0 0.049609 0.214583 0.092969 0.151389
0 0.180859 0.386111 0.283594 0.494444
0 0.140234 0.671528 0.274219 0.615278
0 0.774609 0.400000 0.257031 0.511111
0 0.830469 0.679167 0.326562 0.625000
0 0.851562 0.858333 0.296875 0.247222
0 0.091797 0.850000 0.182031 0.300000
0 0.298047 0.129861 0.178906 0.256944
0 0.668750 0.126389 0.106250 0.250000
1 0.431250 0.119444 0.075000 0.236111
1 0.393750 0.261806 0.060937 0.340278
1 0.597656 0.234722 0.054688 0.297222
1 0.386328 0.623611 0.153906 0.438889
1 0.296875 0.814583 0.140625 0.368056
1 0.606641 0.809028 0.105469 0.368056
1 0.603516 0.620139 0.132031 0.434722
2 0.325000 0.472222 0.171875 0.319444
2 0.634766 0.452778 0.139844 0.372222
2 0.180469 0.925694 0.193750 0.148611
