0 0.090234 0.757639 0.175781 0.484722
0 0.132422 0.479861 0.258594 0.623611
0 0.150781 0.218750 0.289062 0.429167
0 0.831641 0.752083 0.321094 0.495833
0 0.807031 0.482639 0.334375 0.662500
0 0.756641 0.222917 0.275781 0.443056
1 0.369922 0.113194 0.072656 0.223611
1 0.358594 0.426389 0.162500 0.438889
1 0.279297 0.666667 0.158594 0.447222
1 0.321484 0.913194 0.083594 0.173611
1 0.616797 0.893056 0.067969 0.213889
1 0.580469 0.648611 0.118750 0.455556
1 0.571094 0.431250 0.101562 0.398611
2 0.296094 0.296528 0.193750 0.370833
2 0.586719 0.241667 0.150000 0.411111
2 0.186719 0.833333 0.235937 0.333333
