0 0.137500 0.700694 0.267188 0.584722
0 0.197266 0.461806 0.257031 0.495833
0 0.839844 0.711111 0.293750 0.558333
0 0.779687 0.463889 0.243750 0.486111
0 0.308984 0.186111 0.161719 0.319444
0 0.129688 0.102778 0.173437 0.158333
0 0.699219 0.169444 0.142187 0.297222
0 0.343359 0.106250 0.136719 0.209722
1 0.396484 0.367361 0.085156 0.306944
1 0.434766 0.252083 0.066406 0.318056
1 0.596875 0.188889 0.043750 0.263889
1 0.603516 0.247917 0.038281 0.254167
1 0.611328 0.324306 0.050781 0.190278
1 0.584375 0.706250 0.060937 0.431944
1 0.585156 0.843056 0.068750 0.288889
1 0.381250 0.666667 0.137500 0.352778
1 0.292187 0.848611 0.100000 0.291667
2 0.312109 0.577778 0.199219 0.391667
2 0.646094 0.538889 0.154688 0.372222
1 0.458203 0.064583 0.042969 0.126389
