0 0.173437 0.686806 0.221875 0.490278
0 0.115234 0.813194 0.221094 0.373611
0 0.093750 0.146528 0.100000 0.168056
0 0.132422 0.113889 0.086719 0.130556
0 0.162500 0.082639 0.078125 0.134722
0 0.015234 0.227778 0.028906 0.208333
0 0.110156 0.330556 0.189062 0.155556
0 0.167187 0.252083 0.148438 0.120833
0 0.212891 0.193750 0.114844 0.098611
0 0.284375 0.093750 0.090625 0.062500
0 0.308594 0.064583 0.075000 0.048611
0 0.329297 0.043750 0.069531 0.040278
0 0.433984 0.086111 0.030469 0.138889
0 0.418359 0.114583 0.042969 0.143056
0 0.403906 0.145833 0.050000 0.169444
0 0.368750 0.253472 0.089063 0.226389
0 0.351172 0.321528 0.099219 0.256944
0 0.323437 0.419444 0.109375 0.322222
0 0.761328 0.817361 0.222656 0.365278
0 0.725000 0.670139 0.187500 0.468056
0 0.663672 0.396528 0.117969 0.276389
0 0.634375 0.309722 0.081250 0.236111
0 0.619141 0.254167 0.080469 0.225000
0 0.634766 0.097222 0.072656 0.069444
0 0.627344 0.062500 0.060937 0.044444
0 0.744922 0.097917 0.091406 0.068056
0 0.723828 0.056250 0.082031 0.043056
0 0.782031 0.189583 0.117188 0.106944
0 0.816797 0.248611 0.157031 0.130556
0 0.863281 0.334722 0.201563 0.155556
0 0.932031 0.550000 0.135937 0.227778
0 0.990234 0.226389 0.019531 0.177778
0 0.939453 0.163889 0.058594 0.183333
0 0.907813 0.134722 0.054688 0.163889
0 0.875391 0.098611 0.050781 0.141667
1 0.133203 0.214583 0.053906 0.081944
1 0.171484 0.174306 0.042969 0.059722
1 0.197266 0.152778 0.032031 0.069444
1 0.026953 0.322222 0.035156 0.061111
1 0.376172 0.598611 0.097656 0.322222
1 0.355859 0.855556 0.130469 0.288889
1 0.267578 0.965278 0.082031 0.069444
1 0.416797 0.498611 0.060156 0.283333
1 0.418359 0.427083 0.066406 0.245833
1 0.431641 0.275694 0.042969 0.195833
1 0.439844 0.227778 0.026562 0.175000
1 0.447266 0.195833 0.022656 0.155556
1 0.596094 0.961111 0.125000 0.077778
1 0.591016 0.848611 0.103906 0.280556
1 0.587109 0.545833 0.060156 0.230556
1 0.591797 0.481944 0.055469 0.258333
1 0.572266 0.419444 0.046094 0.261111
1 0.849219 0.197222 0.045312 0.133333
1 0.875391 0.220139 0.038281 0.112500
1 0.917188 0.266667 0.062500 0.147222
1 0.968359 0.369444 0.063281 0.144444
