2 0.607422 0.768056 0.174219 0.391667
2 0.266797 0.808333 0.196094 0.355556
0 0.048438 0.184028 0.084375 0.159722
0 0.077734 0.141667 0.088281 0.133333
0 0.116016 0.120833 0.072656 0.136111
0 0.237891 0.127778 0.080469 0.061111
0 0.261719 0.090972 0.079687 0.045833
0 0.282422 0.073611 0.064844 0.041667
0 0.166406 0.222222 0.135937 0.097222
0 0.121484 0.290972 0.155469 0.115278
0 0.080469 0.378472 0.156250 0.156944
0 0.240625 0.446528 0.171875 0.318056
0 0.285547 0.356944 0.135156 0.275000
0 0.312109 0.278472 0.116406 0.226389
0 0.344141 0.176389 0.086719 0.180556
0 0.360156 0.141667 0.075000 0.144444
0 0.368750 0.114583 0.070312 0.134722
0 0.144531 0.727083 0.235937 0.487500
0 0.085938 0.833333 0.168750 0.333333
0 0.796484 0.819444 0.314844 0.361111
0 0.729688 0.683333 0.246875 0.455556
0 0.642578 0.433333 0.152344 0.311111
0 0.617578 0.341667 0.124219 0.241667
0 0.594922 0.271528 0.091406 0.198611
0 0.600000 0.125000 0.087500 0.066667
0 0.591016 0.095833 0.078906 0.041667
0 0.582812 0.065278 0.076563 0.041667
0 0.661328 0.061111 0.074219 0.033333
0 0.680859 0.088194 0.082031 0.043056
0 0.697266 0.114583 0.086719 0.065278
0 0.737109 0.207639 0.127344 0.098611
0 0.766406 0.270833 0.148438 0.113889
0 0.815625 0.346528 0.178125 0.151389
0 0.912500 0.570833 0.175000 0.269444
0 0.966406 0.253472 0.067187 0.223611
0 0.908594 0.183333 0.092188 0.183333
0 0.862109 0.144444 0.063281 0.152778
0 0.828125 0.113889 0.056250 0.133333
1 0.799219 0.200694 0.035937 0.109722
1 0.828906 0.237500 0.032813 0.119444
1 0.865625 0.283333 0.062500 0.125000
1 0.933203 0.391667 0.077344 0.166667
1 0.978516 0.468750 0.042969 0.218056
1 0.539453 0.435417 0.044531 0.256944
1 0.548828 0.512500 0.050781 0.263889
1 0.555859 0.582639 0.072656 0.234722
1 0.546484 0.864583 0.083594 0.270833
1 0.575000 0.973611 0.120313 0.052778
1 0.312500 0.873611 0.134375 0.252778
1 0.328516 0.622222 0.100781 0.300000
1 0.372266 0.527778 0.077344 0.283333
1 0.379297 0.455556 0.067969 0.241667
1 0.385937 0.309722 0.046875 0.211111
1 0.397266 0.263194 0.038281 0.195833
1 0.409766 0.227083 0.027344 0.159722
1 0.085547 0.254861 0.053906 0.076389
1 0.125000 0.209028 0.046875 0.068056
1 0.152344 0.188889 0.032813 0.072222
