2 0.473828 0.503472 0.128906 0.648611
2 0.599219 0.743750 0.176563 0.406944
2 0.249219 0.799306 0.187500 0.387500
0 0.129688 0.690278 0.231250 0.486111
0 0.094531 0.819444 0.178125 0.361111
0 0.235156 0.413194 0.153125 0.312500
0 0.273828 0.324306 0.133594 0.262500
0 0.301563 0.259722 0.121875 0.236111
0 0.342187 0.150694 0.079687 0.168056
0 0.352734 0.113194 0.072656 0.148611
0 0.366406 0.089583 0.068750 0.140278
0 0.033594 0.143750 0.065625 0.159722
0 0.080859 0.110417 0.064844 0.140278
0 0.111328 0.090972 0.063281 0.137500
0 0.776563 0.816667 0.275000 0.366667
0 0.695312 0.672222 0.187500 0.477778
0 0.621484 0.409722 0.124219 0.294444
0 0.587500 0.307639 0.082812 0.231944
0 0.581641 0.236806 0.082031 0.193056
0 0.721094 0.190278 0.125000 0.105556
0 0.761719 0.245139 0.142187 0.112500
0 0.815234 0.331250 0.169531 0.159722
0 0.904687 0.541667 0.190625 0.244444
0 0.962500 0.248611 0.067187 0.222222
0 0.890234 0.158333 0.057031 0.175000
0 0.851562 0.124306 0.050000 0.148611
0 0.821484 0.091667 0.058594 0.133333
1 0.086328 0.227778 0.049219 0.094444
1 0.117969 0.179167 0.043750 0.075000
1 0.144531 0.152778 0.032813 0.066667
1 0.401562 0.197917 0.031250 0.159722
1 0.396094 0.238889 0.031250 0.180556
1 0.383984 0.282639 0.035156 0.190278
1 0.372266 0.433333 0.058594 0.255556
1 0.367578 0.500694 0.074219 0.281944
1 0.326562 0.598611 0.078125 0.313889
1 0.308984 0.863889 0.128906 0.272222
1 0.228906 0.970833 0.062500 0.058333
1 0.550391 0.961806 0.096094 0.076389
1 0.562891 0.855556 0.117969 0.277778
1 0.536719 0.569444 0.090625 0.266667
1 0.543750 0.471528 0.046875 0.220833
1 0.536328 0.399306 0.052344 0.215278
1 0.789453 0.178472 0.035156 0.104167
1 0.819922 0.218750 0.038281 0.109722
1 0.865625 0.272917 0.068750 0.165278
1 0.921484 0.365972 0.082031 0.159722
1 0.973828 0.470139 0.052344 0.256944
