2 0.627734 0.668750 0.158594 0.362500
2 0.601562 0.376389 0.114062 0.233333
2 0.291797 0.711111 0.163281 0.452778
0 0.276562 0.303472 0.159375 0.287500
0 0.103125 0.054861 0.067187 0.106944
0 0.141406 0.036806 0.043750 0.070833
0 0.178125 0.021528 0.029687 0.040278
0 0.409375 0.068750 0.035937 0.134722
0 0.419141 0.055556 0.030469 0.108333
0 0.433594 0.033333 0.023438 0.063889
0 0.355859 0.151389 0.092969 0.227778
0 0.330859 0.227083 0.111719 0.254167
0 0.097266 0.205556 0.157031 0.150000
0 0.169922 0.136806 0.113281 0.118056
0 0.217578 0.072222 0.108594 0.094444
0 0.167187 0.557639 0.243750 0.459722
0 0.107422 0.751389 0.210156 0.497222
0 0.810156 0.782639 0.292187 0.409722
0 0.762891 0.629167 0.224219 0.511111
0 0.685547 0.295833 0.157031 0.202778
0 0.661719 0.216667 0.135937 0.175000
0 0.650391 0.167361 0.125781 0.195833
0 0.777344 0.139583 0.128125 0.123611
0 0.820703 0.212500 0.146094 0.155556
0 0.868750 0.293750 0.175000 0.181944
0 0.929297 0.521528 0.141406 0.254167
0 0.986328 0.218056 0.027344 0.202778
0 0.952734 0.144444 0.071094 0.177778
0 0.910547 0.092361 0.061719 0.145833
0 0.873828 0.072917 0.044531 0.131944
1 0.843750 0.145139 0.031250 0.104167
1 0.873047 0.185417 0.035156 0.101389
1 0.921484 0.242361 0.071094 0.165278
1 0.967578 0.328472 0.063281 0.143056
1 0.590625 0.800694 0.126562 0.281944
1 0.350391 0.816667 0.135156 0.358333
1 0.260156 0.920139 0.098437 0.159722
1 0.365234 0.506944 0.092969 0.291667
1 0.403125 0.413194 0.059375 0.284722
1 0.414844 0.345139 0.054688 0.248611
1 0.426953 0.193056 0.019531 0.172222
1 0.442969 0.159722 0.020313 0.175000
1 0.446094 0.112500 0.029687 0.166667
1 0.129688 0.092361 0.032813 0.084722
1 0.171875 0.061111 0.043750 0.050000
1 0.200781 0.045833 0.039062 0.072222
1 0.567187 0.270833 0.035937 0.086111
1 0.564844 0.533333 0.098437 0.350000
