2 0.622266 0.721528 0.174219 0.384722
2 0.278906 0.807639 0.187500 0.348611
0 0.104688 0.841667 0.203125 0.316667
0 0.149219 0.718750 0.253125 0.479167
0 0.255078 0.451389 0.174219 0.313889
0 0.294922 0.357639 0.139844 0.256944
0 0.316797 0.285417 0.125781 0.218056
0 0.344922 0.167361 0.091406 0.151389
0 0.365234 0.138889 0.077344 0.138889
0 0.375000 0.116667 0.075000 0.138889
0 0.123438 0.141667 0.079687 0.144444
0 0.088672 0.170833 0.092969 0.152778
0 0.059375 0.217361 0.090625 0.181944
0 0.080469 0.378472 0.159375 0.134722
0 0.136328 0.306250 0.155469 0.120833
0 0.180078 0.237500 0.127344 0.113889
0 0.245312 0.131944 0.096875 0.069444
0 0.267188 0.101389 0.071875 0.047222
0 0.284375 0.073611 0.064062 0.033333
0 0.814063 0.812500 0.303125 0.375000
0 0.739062 0.640972 0.234375 0.429167
0 0.648438 0.398611 0.148438 0.280556
0 0.623437 0.324306 0.125000 0.254167
0 0.607422 0.240278 0.110156 0.194444
0 0.603125 0.097222 0.081250 0.061111
0 0.595313 0.072917 0.078125 0.059722
0 0.697266 0.088889 0.097656 0.066667
0 0.682031 0.048611 0.089063 0.044444
0 0.742578 0.172222 0.128906 0.100000
0 0.783984 0.234028 0.150781 0.118056
0 0.829297 0.307639 0.192969 0.168056
0 0.920703 0.511111 0.158594 0.247222
0 0.971484 0.199306 0.057031 0.237500
0 0.907422 0.137500 0.066406 0.175000
0 0.866016 0.101389 0.061719 0.150000
0 0.832422 0.075694 0.058594 0.137500
1 0.097266 0.265972 0.050781 0.076389
1 0.137500 0.224306 0.045312 0.070833
1 0.160938 0.209028 0.040625 0.087500
1 0.416406 0.218750 0.037500 0.162500
1 0.410156 0.264583 0.034375 0.181944
1 0.400391 0.304861 0.039844 0.173611
1 0.394531 0.452083 0.073438 0.259722
1 0.387891 0.520139 0.072656 0.298611
1 0.360547 0.618750 0.085156 0.306944
1 0.348438 0.868750 0.118750 0.262500
1 0.578125 0.961806 0.110937 0.076389
1 0.584375 0.850000 0.123438 0.263889
1 0.571484 0.565972 0.082031 0.251389
1 0.566406 0.490972 0.062500 0.268056
1 0.551953 0.429861 0.047656 0.251389
1 0.807422 0.159722 0.039844 0.097222
1 0.839063 0.197222 0.039062 0.105556
1 0.883203 0.233333 0.072656 0.141667
1 0.946484 0.327083 0.086719 0.148611
