2 0.548438 0.468056 0.115625 0.280556
2 0.582422 0.761806 0.155469 0.381944
2 0.242578 0.786806 0.197656 0.359722
0 0.036719 0.158333 0.070312 0.161111
0 0.070703 0.129167 0.074219 0.155556
0 0.103125 0.106944 0.084375 0.138889
0 0.329688 0.161806 0.087500 0.168056
0 0.348828 0.127778 0.064844 0.147222
0 0.360938 0.098611 0.071875 0.138889
0 0.298047 0.263194 0.117969 0.226389
0 0.276953 0.337500 0.127344 0.244444
0 0.239063 0.431944 0.154688 0.319444
0 0.132422 0.710417 0.227344 0.501389
0 0.085547 0.827778 0.160156 0.344444
0 0.806641 0.820833 0.328906 0.358333
0 0.701953 0.672917 0.235156 0.454167
0 0.897266 0.560417 0.202344 0.254167
0 0.798047 0.338194 0.178906 0.148611
0 0.749219 0.269444 0.145313 0.111111
0 0.621094 0.423611 0.142187 0.308333
0 0.599609 0.321528 0.122656 0.229167
0 0.587500 0.245139 0.114062 0.170833
0 0.720313 0.200000 0.128125 0.100000
0 0.814063 0.115278 0.062500 0.136111
0 0.850781 0.141667 0.064062 0.150000
0 0.885156 0.174306 0.070312 0.181944
0 0.960938 0.258333 0.078125 0.222222
1 0.078906 0.232639 0.053125 0.079167
1 0.110547 0.185417 0.041406 0.048611
1 0.144922 0.164583 0.042969 0.065278
1 0.395313 0.215278 0.034375 0.169444
1 0.389062 0.249306 0.032813 0.187500
1 0.371484 0.283333 0.044531 0.194444
1 0.368359 0.441667 0.067969 0.266667
1 0.356641 0.512500 0.063281 0.280556
1 0.321094 0.613194 0.075000 0.306944
1 0.307422 0.865278 0.124219 0.269444
1 0.218750 0.970833 0.054688 0.036111
1 0.550781 0.964583 0.117188 0.070833
1 0.544922 0.858333 0.107031 0.258333
1 0.522266 0.621528 0.091406 0.331944
1 0.521875 0.354167 0.039062 0.102778
1 0.783203 0.198611 0.039844 0.088889
1 0.814063 0.219444 0.046875 0.100000
1 0.852734 0.277083 0.053906 0.123611
1 0.912891 0.374306 0.078906 0.159722
1 0.966797 0.482639 0.066406 0.248611
