0 0.183984 0.048611 0.089844 0.094444
0 0.152344 0.065972 0.096875 0.126389
0 0.114062 0.106250 0.112500 0.165278
0 0.030469 0.223611 0.057813 0.222222
0 0.315625 0.036806 0.090625 0.043056
0 0.412500 0.089583 0.090625 0.168056
0 0.423438 0.061111 0.078125 0.119444
0 0.378125 0.195139 0.118750 0.212500
0 0.350000 0.264583 0.148438 0.245833
0 0.314844 0.355556 0.173437 0.305556
0 0.139453 0.299306 0.186719 0.184722
0 0.197656 0.211806 0.146875 0.137500
0 0.246875 0.153472 0.134375 0.123611
0 0.187109 0.635417 0.275781 0.509722
0 0.134766 0.788889 0.261719 0.422222
0 0.844531 0.793056 0.310937 0.408333
0 0.797266 0.634722 0.274219 0.505556
0 0.716797 0.290278 0.164844 0.200000
0 0.694141 0.200000 0.142969 0.130556
0 0.680078 0.142361 0.127344 0.118056
0 0.673438 0.038889 0.096875 0.072222
0 0.773828 0.030556 0.088281 0.058333
0 0.811719 0.129861 0.123438 0.120833
0 0.848828 0.193750 0.153906 0.140278
0 0.895312 0.275694 0.176563 0.176389
0 0.896875 0.056250 0.043750 0.109722
0 0.954688 0.068750 0.090625 0.129167
0 0.974609 0.093750 0.050781 0.184722
1 0.410938 0.531944 0.064062 0.288889
1 0.437500 0.447917 0.070312 0.259722
1 0.444141 0.364583 0.064844 0.251389
1 0.459766 0.231250 0.047656 0.181944
1 0.466016 0.179167 0.042969 0.158333
1 0.476172 0.145833 0.036719 0.169444
1 0.603125 0.350694 0.034375 0.254167
1 0.607812 0.425694 0.037500 0.259722
1 0.609766 0.468056 0.039844 0.183333
1 0.382031 0.829167 0.139063 0.325000
1 0.300781 0.939583 0.042188 0.118056
1 0.607812 0.931944 0.103125 0.136111
1 0.602734 0.795833 0.088281 0.300000
2 0.324609 0.748611 0.174219 0.397222
2 0.642578 0.685417 0.136719 0.384722
1 0.948828 0.200694 0.047656 0.123611
1 0.984375 0.271528 0.031250 0.109722
1 0.910547 0.162500 0.030469 0.116667
1 0.883203 0.118750 0.039844 0.106944
1 0.172656 0.166667 0.048438 0.080556
1 0.208203 0.127083 0.042969 0.068056
1 0.228906 0.104861 0.031250 0.068056
