0 0.803516 0.827778 0.327344 0.344444
0 0.730078 0.693056 0.247656 0.450000
0 0.912891 0.599306 0.174219 0.287500
0 0.811719 0.350000 0.165625 0.150000
0 0.770312 0.282639 0.143750 0.120833
0 0.730469 0.218750 0.121875 0.101389
0 0.966797 0.260417 0.066406 0.215278
0 0.896875 0.192361 0.064062 0.173611
0 0.862891 0.154167 0.061719 0.152778
0 0.822656 0.129167 0.053125 0.133333
0 0.694922 0.122222 0.083594 0.055556
0 0.673828 0.091667 0.077344 0.041667
0 0.653906 0.070833 0.073438 0.041667
0 0.580859 0.073611 0.060156 0.036111
0 0.584375 0.099306 0.062500 0.034722
0 0.600391 0.138194 0.088281 0.076389
0 0.603906 0.275694 0.104688 0.193056
0 0.617969 0.340972 0.117188 0.223611
0 0.644141 0.436111 0.136719 0.288889
0 0.139063 0.724306 0.231250 0.454167
0 0.087891 0.847917 0.163281 0.304167
0 0.242969 0.467361 0.173437 0.301389
0 0.276953 0.367361 0.139844 0.240278
0 0.301953 0.295833 0.132031 0.202778
0 0.342578 0.193750 0.092969 0.159722
0 0.362109 0.159028 0.067969 0.140278
0 0.374219 0.129861 0.078125 0.134722
0 0.079687 0.387500 0.146875 0.147222
0 0.120703 0.306250 0.144531 0.101389
0 0.175781 0.240972 0.126562 0.090278
0 0.236719 0.152083 0.082812 0.079167
0 0.262109 0.114583 0.078906 0.048611
0 0.279297 0.094444 0.071094 0.050000
0 0.042578 0.204167 0.083594 0.150000
0 0.079687 0.165278 0.085938 0.133333
0 0.117578 0.143056 0.075781 0.130556
1 0.089063 0.271528 0.050000 0.079167
1 0.127734 0.229167 0.047656 0.058333
1 0.157031 0.211806 0.042188 0.087500
1 0.411719 0.245139 0.026562 0.162500
1 0.401953 0.278472 0.033594 0.165278
1 0.392188 0.322222 0.042188 0.172222
1 0.378516 0.469444 0.069531 0.258333
1 0.367188 0.547222 0.078125 0.305556
1 0.338281 0.640278 0.079687 0.316667
1 0.324609 0.881250 0.128906 0.237500
1 0.562891 0.867361 0.103906 0.265278
1 0.559766 0.616667 0.077344 0.272222
1 0.551562 0.528472 0.048438 0.276389
1 0.545312 0.463194 0.062500 0.240278
1 0.798047 0.209028 0.028906 0.098611
1 0.822656 0.238889 0.037500 0.094444
1 0.871875 0.295139 0.057813 0.120833
1 0.930859 0.390972 0.085156 0.165278
1 0.980078 0.484722 0.039844 0.225000
2 0.258984 0.820139 0.192969 0.351389
2 0.609766 0.793056 0.153906 0.380556
