2 0.595703 0.464583 0.114844 0.312500
2 0.638672 0.750694 0.155469 0.412500
2 0.306641 0.747222 0.164844 0.394444
0 0.075781 0.134028 0.110937 0.173611
0 0.116797 0.097222 0.089844 0.144444
0 0.149219 0.073611 0.079687 0.122222
0 0.376953 0.142361 0.082031 0.162500
0 0.397656 0.110417 0.067187 0.143056
0 0.412109 0.082639 0.061719 0.131944
0 0.342969 0.240972 0.110937 0.226389
0 0.323047 0.313889 0.127344 0.247222
0 0.289844 0.400694 0.160938 0.295833
0 0.095703 0.313194 0.169531 0.143056
0 0.160938 0.232639 0.153125 0.112500
0 0.201953 0.180556 0.116406 0.094444
0 0.162500 0.656250 0.248438 0.479167
0 0.122656 0.798611 0.243750 0.402778
0 0.829297 0.811806 0.300781 0.376389
0 0.745313 0.649306 0.212500 0.437500
0 0.929297 0.544444 0.141406 0.236111
0 0.683594 0.366667 0.148438 0.216667
0 0.660547 0.305556 0.128906 0.219444
0 0.641016 0.230556 0.122656 0.188889
0 0.762109 0.194444 0.124219 0.116667
0 0.814453 0.261806 0.133594 0.118056
0 0.862500 0.343056 0.179688 0.163889
0 0.987891 0.254861 0.024219 0.223611
0 0.936719 0.181250 0.067187 0.176389
0 0.905078 0.145139 0.069531 0.151389
0 0.869141 0.108333 0.057031 0.136111
1 0.841797 0.205556 0.050781 0.108333
1 0.870313 0.234028 0.034375 0.106944
1 0.907813 0.283333 0.059375 0.138889
1 0.962109 0.381250 0.071094 0.156944
1 0.567187 0.611111 0.092188 0.330556
1 0.605078 0.853472 0.138281 0.268056
1 0.598047 0.951389 0.121094 0.097222
1 0.282031 0.955556 0.071875 0.086111
1 0.564063 0.335417 0.043750 0.101389
1 0.368359 0.563889 0.096094 0.291667
1 0.360938 0.855556 0.146875 0.275000
1 0.401172 0.479167 0.072656 0.247222
1 0.410547 0.427778 0.060156 0.261111
1 0.426563 0.284028 0.037500 0.184722
1 0.435547 0.243750 0.032031 0.195833
1 0.441016 0.202083 0.039844 0.198611
1 0.131250 0.204167 0.040625 0.077778
1 0.170313 0.158333 0.050000 0.055556
1 0.196094 0.152083 0.037500 0.062500
