2 0.313281 0.789583 0.193750 0.370833
2 0.644922 0.759028 0.158594 0.387500
0 0.095312 0.149306 0.098437 0.145833
0 0.140234 0.122222 0.086719 0.147222
0 0.176172 0.101389 0.078906 0.136111
0 0.018359 0.250694 0.033594 0.195833
0 0.110937 0.323611 0.165625 0.130556
0 0.190234 0.268056 0.130469 0.119444
0 0.239063 0.200000 0.104688 0.091667
0 0.293750 0.100000 0.081250 0.050000
0 0.319141 0.075000 0.071094 0.041667
0 0.335938 0.052778 0.059375 0.038889
0 0.037109 0.502778 0.072656 0.138889
0 0.173828 0.681250 0.272656 0.481944
0 0.129297 0.817361 0.239844 0.365278
0 0.287109 0.408333 0.178906 0.294444
0 0.327734 0.325694 0.130469 0.243056
0 0.360938 0.269444 0.131250 0.233333
0 0.398438 0.158333 0.087500 0.172222
0 0.421875 0.130556 0.056250 0.147222
0 0.432812 0.108333 0.048438 0.144444
0 0.816016 0.820139 0.267969 0.359722
0 0.780469 0.697917 0.271875 0.495833
0 0.692969 0.404861 0.153125 0.287500
0 0.668750 0.319444 0.125000 0.238889
0 0.654687 0.230556 0.106250 0.166667
0 0.647266 0.122917 0.075781 0.093056
0 0.641016 0.077083 0.071094 0.045833
0 0.735547 0.073611 0.086719 0.047222
0 0.749219 0.104167 0.084375 0.058333
0 0.788672 0.202778 0.132031 0.111111
0 0.830078 0.265972 0.146094 0.118056
0 0.884375 0.358333 0.182812 0.169444
0 0.944141 0.567361 0.111719 0.223611
0 0.992969 0.272222 0.014063 0.177778
0 0.961328 0.181944 0.075781 0.180556
0 0.927344 0.149306 0.079687 0.168056
0 0.895703 0.113194 0.074219 0.148611
1 0.150781 0.229167 0.045312 0.083333
1 0.182422 0.188194 0.046094 0.079167
1 0.210156 0.162500 0.037500 0.055556
1 0.030859 0.365278 0.055469 0.116667
1 0.375781 0.603472 0.103125 0.320833
1 0.370312 0.861111 0.132812 0.272222
1 0.270703 0.970833 0.069531 0.058333
1 0.604297 0.964583 0.102344 0.070833
1 0.599219 0.863889 0.112500 0.272222
1 0.603125 0.577083 0.087500 0.259722
1 0.605469 0.503472 0.065625 0.268056
1 0.597266 0.439583 0.077344 0.262500
1 0.418359 0.510417 0.064844 0.284722
1 0.425000 0.439583 0.075000 0.248611
1 0.439844 0.291667 0.045312 0.177778
1 0.450781 0.261806 0.032813 0.201389
1 0.456250 0.206944 0.032813 0.152778
1 0.860938 0.220833 0.054688 0.147222
1 0.893750 0.245833 0.046875 0.152778
1 0.927734 0.290278 0.053906 0.141667
1 0.975781 0.376389 0.048438 0.150000
