0 0.084375 0.125694 0.100000 0.156944
0 0.133594 0.093056 0.081250 0.141667
0 0.173437 0.061806 0.068750 0.120833
0 0.021875 0.219444 0.042188 0.205556
0 0.285938 0.080556 0.078125 0.058333
0 0.310547 0.050000 0.072656 0.044444
0 0.335938 0.022222 0.081250 0.033333
0 0.423828 0.075000 0.069531 0.127778
0 0.414453 0.100000 0.069531 0.136111
0 0.398438 0.136806 0.075000 0.168056
0 0.369141 0.236806 0.097656 0.223611
0 0.342187 0.300694 0.125000 0.245833
0 0.303125 0.399306 0.156250 0.331944
0 0.204687 0.663889 0.225000 0.505556
0 0.136328 0.790278 0.271094 0.419444
0 0.043750 0.486111 0.085938 0.183333
0 0.109375 0.304167 0.168750 0.136111
0 0.172656 0.220833 0.140625 0.094444
0 0.220703 0.165972 0.132031 0.081944
0 0.651953 0.082639 0.085156 0.062500
0 0.653906 0.224306 0.112500 0.193056
0 0.672266 0.279167 0.124219 0.202778
0 0.695312 0.374306 0.146875 0.265278
0 0.773438 0.660417 0.237500 0.481944
0 0.848828 0.804167 0.302344 0.391667
0 0.749609 0.075694 0.092969 0.062500
0 0.785156 0.182639 0.126562 0.115278
0 0.826953 0.231944 0.149219 0.122222
0 0.876953 0.318750 0.175781 0.176389
0 0.942187 0.536806 0.115625 0.234722
0 0.958984 0.161111 0.066406 0.180556
0 0.917188 0.120833 0.062500 0.155556
0 0.882031 0.086806 0.059375 0.143056
1 0.144141 0.193056 0.049219 0.072222
1 0.179297 0.160417 0.041406 0.068056
1 0.208594 0.134028 0.028125 0.068056
1 0.458594 0.184028 0.021875 0.165278
1 0.450000 0.215278 0.028125 0.169444
1 0.434375 0.263889 0.040625 0.188889
1 0.426172 0.418056 0.063281 0.238889
1 0.419922 0.488889 0.069531 0.272222
1 0.385156 0.560417 0.075000 0.306944
1 0.338281 0.835417 0.190625 0.293056
1 0.592969 0.400694 0.062500 0.254167
1 0.606641 0.454167 0.057031 0.244444
1 0.598047 0.599306 0.097656 0.337500
1 0.657813 0.825694 0.128125 0.293056
1 0.624219 0.947917 0.129688 0.104167
1 0.857812 0.172917 0.043750 0.101389
1 0.884375 0.215278 0.037500 0.105556
1 0.928125 0.260417 0.059375 0.131944
1 0.975391 0.347917 0.049219 0.131944
2 0.325391 0.736806 0.172656 0.418056
1 0.030078 0.334722 0.058594 0.125000
2 0.223047 0.881250 0.239844 0.237500
1 0.310156 0.972222 0.035937 0.055556
