0 0.049609 0.175000 0.097656 0.169444
0 0.098437 0.135417 0.090625 0.143056
0 0.139844 0.110417 0.075000 0.131944
0 0.260937 0.118056 0.081250 0.069444
0 0.287500 0.084722 0.087500 0.044444
0 0.298438 0.061806 0.062500 0.045833
0 0.200391 0.213194 0.141406 0.106944
0 0.154297 0.264583 0.152344 0.115278
0 0.081641 0.333333 0.161719 0.122222
0 0.173828 0.695139 0.225781 0.506944
0 0.101953 0.819444 0.202344 0.361111
0 0.267188 0.432639 0.165625 0.306944
0 0.303906 0.348611 0.128125 0.269444
0 0.331250 0.272917 0.112500 0.231944
0 0.359375 0.165972 0.090625 0.156944
0 0.378906 0.130556 0.075000 0.144444
0 0.395313 0.103472 0.068750 0.131944
0 0.617969 0.114583 0.081250 0.065278
0 0.617969 0.265278 0.090625 0.197222
0 0.639062 0.339583 0.109375 0.254167
0 0.675391 0.427083 0.152344 0.306944
0 0.757812 0.691667 0.256250 0.494444
0 0.833984 0.806250 0.332031 0.387500
0 0.918359 0.547917 0.163281 0.206944
0 0.843750 0.327778 0.181250 0.113889
0 0.796094 0.250694 0.140625 0.090278
0 0.755469 0.190278 0.120313 0.072222
0 0.722266 0.109722 0.097656 0.055556
0 0.855078 0.119444 0.063281 0.133333
0 0.888281 0.150694 0.068750 0.156944
0 0.925000 0.182639 0.068750 0.168056
0 0.977344 0.257639 0.045312 0.209722
1 0.853516 0.222917 0.038281 0.090278
1 0.825391 0.188194 0.035156 0.093056
1 0.892188 0.285417 0.056250 0.143056
1 0.959375 0.370139 0.075000 0.143056
1 0.566406 0.415278 0.059375 0.247222
1 0.575000 0.508333 0.062500 0.291667
1 0.574219 0.620833 0.093750 0.330556
1 0.639844 0.838889 0.146875 0.272222
1 0.601562 0.950694 0.131250 0.095833
1 0.313672 0.856250 0.207031 0.287500
1 0.105469 0.238194 0.056250 0.076389
1 0.150781 0.188889 0.045312 0.058333
1 0.180078 0.168056 0.027344 0.055556
2 0.285938 0.766667 0.187500 0.402778
2 0.194922 0.879167 0.178906 0.230556
1 0.412891 0.302778 0.044531 0.175000
1 0.420312 0.252083 0.034375 0.165278
1 0.430859 0.218056 0.025781 0.155556
1 0.384375 0.634028 0.112500 0.337500
1 0.400781 0.475000 0.068750 0.236111
2 0.339062 0.497917 0.137500 0.387500
1 0.991016 0.386806 0.017969 0.106944
1 0.398828 0.388889 0.042969 0.175000
