0 0.047266 0.195833 0.088281 0.163889
0 0.082031 0.150694 0.089063 0.143056
0 0.121484 0.130556 0.077344 0.133333
0 0.241406 0.123611 0.084375 0.055556
0 0.265234 0.093750 0.074219 0.034722
0 0.283594 0.075694 0.068750 0.043056
0 0.345703 0.165278 0.088281 0.144444
0 0.358203 0.140972 0.083594 0.148611
0 0.373047 0.106250 0.078906 0.112500
0 0.182812 0.224306 0.137500 0.101389
0 0.137891 0.284028 0.161719 0.109722
0 0.080859 0.373611 0.155469 0.155556
0 0.167187 0.712500 0.234375 0.480556
0 0.109375 0.827778 0.209375 0.344444
0 0.262891 0.419444 0.157031 0.266667
0 0.298047 0.323611 0.121094 0.208333
0 0.322266 0.281944 0.114844 0.233333
0 0.610156 0.252778 0.110937 0.200000
0 0.631250 0.307639 0.115625 0.231944
0 0.657422 0.404861 0.142969 0.284722
0 0.752734 0.656250 0.267969 0.459722
0 0.821484 0.813194 0.324219 0.373611
0 0.915234 0.523611 0.164844 0.230556
0 0.829688 0.323611 0.182812 0.150000
0 0.780469 0.249306 0.139063 0.123611
0 0.735156 0.186806 0.131250 0.104167
0 0.833594 0.104861 0.060937 0.143056
0 0.871875 0.125000 0.071875 0.152778
0 0.909766 0.162500 0.066406 0.158333
0 0.971094 0.233333 0.057813 0.202778
