0 0.114453 0.163889 0.108594 0.163889
0 0.161719 0.129861 0.093750 0.143056
0 0.194531 0.104861 0.081250 0.131944
0 0.026953 0.275000 0.052344 0.225000
0 0.141406 0.342361 0.171875 0.154167
0 0.051953 0.529167 0.102344 0.194444
0 0.203125 0.258333 0.140625 0.119444
0 0.251953 0.199306 0.128906 0.101389
0 0.316016 0.094444 0.083594 0.047222
0 0.337500 0.072917 0.078125 0.037500
0 0.356250 0.051389 0.071875 0.044444
0 0.441797 0.097917 0.063281 0.131944
0 0.428906 0.122917 0.075000 0.137500
0 0.418750 0.154861 0.081250 0.168056
0 0.380078 0.259722 0.117969 0.219444
0 0.353906 0.323611 0.140625 0.244444
0 0.320312 0.413889 0.159375 0.305556
0 0.218750 0.679861 0.228125 0.495833
0 0.141016 0.809028 0.280469 0.381944
0 0.859375 0.805556 0.281250 0.388889
0 0.801172 0.668056 0.244531 0.480556
0 0.728906 0.399306 0.156250 0.304167
0 0.697266 0.306250 0.124219 0.229167
0 0.677344 0.240278 0.106250 0.205556
0 0.666406 0.093750 0.078125 0.056944
0 0.661328 0.063889 0.069531 0.044444
0 0.660547 0.045139 0.063281 0.043056
0 0.729688 0.033333 0.075000 0.030556
0 0.753125 0.059028 0.078125 0.037500
0 0.779297 0.086111 0.089844 0.047222
0 0.807813 0.188194 0.131250 0.106944
0 0.853516 0.231250 0.153906 0.087500
0 0.905078 0.315972 0.183594 0.134722
0 0.949219 0.530556 0.101562 0.211111
0 0.906250 0.097222 0.062500 0.150000
0 0.947656 0.124306 0.075000 0.156944
0 0.972266 0.159028 0.055469 0.181944
1 0.037891 0.363194 0.074219 0.120833
1 0.160547 0.228472 0.057031 0.073611
1 0.203125 0.177083 0.034375 0.048611
1 0.232813 0.159028 0.031250 0.065278
1 0.482422 0.194444 0.024219 0.161111
1 0.475000 0.240278 0.031250 0.169444
1 0.460938 0.285417 0.040625 0.176389
1 0.444922 0.431944 0.072656 0.250000
1 0.441016 0.505556 0.067969 0.286111
1 0.410156 0.585417 0.081250 0.281944
1 0.375000 0.846528 0.187500 0.306944
1 0.314063 0.957639 0.081250 0.084722
1 0.653125 0.954167 0.131250 0.091667
1 0.676172 0.840278 0.107031 0.297222
1 0.569922 0.595833 0.136719 0.347222
1 0.882031 0.166667 0.037500 0.083333
1 0.908594 0.209028 0.031250 0.081944
1 0.953516 0.265972 0.058594 0.131944
1 0.989062 0.302778 0.018750 0.044444
2 0.353906 0.766667 0.171875 0.425000
2 0.573047 0.493056 0.166406 0.650000
