0 0.088672 0.202083 0.102344 0.159722
0 0.132031 0.175694 0.096875 0.143056
0 0.166797 0.143056 0.077344 0.127778
0 0.016406 0.309722 0.031250 0.213889
0 0.120703 0.391667 0.177344 0.161111
0 0.176172 0.311806 0.146094 0.120833
0 0.224219 0.247917 0.121875 0.101389
0 0.289844 0.147917 0.090625 0.056944
0 0.314453 0.125000 0.080469 0.050000
0 0.329688 0.104167 0.062500 0.047222
0 0.042969 0.578472 0.081250 0.187500
0 0.122266 0.834028 0.232031 0.331944
0 0.197266 0.724306 0.239844 0.490278
0 0.296875 0.451389 0.162500 0.288889
0 0.330469 0.368056 0.145313 0.241667
0 0.357812 0.293056 0.121875 0.202778
0 0.391016 0.197917 0.086719 0.156944
0 0.405469 0.165972 0.076563 0.137500
0 0.417187 0.138889 0.071875 0.127778
0 0.648438 0.136806 0.081250 0.056944
0 0.639062 0.104167 0.071875 0.044444
0 0.631641 0.086806 0.058594 0.031944
0 0.708984 0.089583 0.072656 0.040278
0 0.727734 0.111111 0.078906 0.036111
0 0.746094 0.138889 0.089063 0.058333
0 0.784766 0.235417 0.128906 0.104167
0 0.823047 0.289583 0.153906 0.115278
0 0.874219 0.359722 0.195312 0.138889
0 0.942187 0.580556 0.115625 0.222222
0 0.785547 0.702778 0.260156 0.466667
0 0.850391 0.831250 0.288281 0.337500
0 0.692187 0.418056 0.143750 0.250000
0 0.673828 0.350694 0.125781 0.231944
0 0.653516 0.284028 0.114844 0.195833
0 0.878906 0.147222 0.060937 0.141667
0 0.919141 0.174306 0.077344 0.159722
0 0.955859 0.204861 0.077344 0.170833
1 0.855078 0.222917 0.042969 0.106944
1 0.884766 0.250694 0.038281 0.101389
1 0.923438 0.300694 0.056250 0.131944
1 0.973437 0.393056 0.053125 0.150000
1 0.582031 0.379167 0.032813 0.097222
1 0.588672 0.643056 0.085156 0.344444
1 0.585547 0.893750 0.197656 0.209722
1 0.619922 0.975694 0.083594 0.045833
1 0.348438 0.875694 0.179688 0.240278
1 0.294531 0.987500 0.050000 0.025000
1 0.384766 0.627778 0.078906 0.302778
1 0.414453 0.545139 0.080469 0.290278
1 0.426172 0.475000 0.063281 0.258333
1 0.434766 0.330556 0.047656 0.186111
1 0.447266 0.280556 0.030469 0.177778
1 0.455469 0.245139 0.026562 0.162500
1 0.139063 0.276389 0.056250 0.077778
1 0.183203 0.224306 0.041406 0.065278
1 0.208594 0.209722 0.034375 0.072222
1 0.030469 0.418056 0.053125 0.130556
2 0.313672 0.807639 0.197656 0.376389
2 0.627734 0.798611 0.257031 0.402778
2 0.611719 0.498611 0.125000 0.294444
