0 0.113281 0.163889 0.109375 0.163889
0 0.161719 0.129167 0.093750 0.144444
0 0.193750 0.104167 0.081250 0.130556
0 0.026953 0.275000 0.052344 0.225000
0 0.140625 0.347222 0.171875 0.155556
0 0.051953 0.539583 0.102344 0.193056
0 0.198437 0.268056 0.140625 0.119444
0 0.249219 0.209028 0.128125 0.101389
0 0.316016 0.104861 0.083594 0.045833
0 0.337500 0.077083 0.078125 0.037500
0 0.356250 0.059028 0.071875 0.043056
0 0.441016 0.100694 0.063281 0.131944
0 0.428125 0.125694 0.075000 0.137500
0 0.418750 0.159722 0.081250 0.169444
0 0.379688 0.264583 0.118750 0.218056
0 0.353125 0.327083 0.140625 0.243056
0 0.318750 0.418056 0.159375 0.305556
0 0.218750 0.680556 0.228125 0.494444
0 0.141016 0.809028 0.280469 0.381944
0 0.859375 0.805556 0.281250 0.388889
0 0.801172 0.668056 0.244531 0.480556
0 0.724219 0.407639 0.156250 0.304167
0 0.697266 0.311806 0.124219 0.231944
0 0.673438 0.253472 0.106250 0.206944
0 0.665625 0.098611 0.078125 0.055556
0 0.660156 0.064583 0.068750 0.043056
0 0.658984 0.050694 0.063281 0.043056
0 0.729688 0.039583 0.075000 0.031944
0 0.753125 0.063194 0.078125 0.037500
0 0.776953 0.086806 0.089844 0.045833
0 0.807813 0.191667 0.131250 0.105556
0 0.853516 0.236806 0.153906 0.087500
0 0.905469 0.318750 0.184375 0.134722
0 0.949219 0.530556 0.101562 0.211111
0 0.906250 0.103472 0.062500 0.148611
0 0.946875 0.128472 0.075000 0.156944
0 0.972266 0.165972 0.055469 0.181944
1 0.037891 0.371528 0.074219 0.120833
1 0.160547 0.234028 0.057031 0.073611
1 0.203125 0.186806 0.034375 0.048611
1 0.232813 0.163194 0.031250 0.065278
1 0.482422 0.193056 0.024219 0.161111
1 0.475000 0.240278 0.031250 0.169444
1 0.460938 0.290972 0.040625 0.176389
1 0.443750 0.434722 0.071875 0.258333
1 0.442188 0.504167 0.068750 0.283333
1 0.407813 0.586806 0.084375 0.293056
1 0.373047 0.854167 0.183594 0.291667
1 0.314063 0.957639 0.081250 0.084722
1 0.651953 0.954167 0.132031 0.091667
1 0.673828 0.847222 0.102344 0.283333
1 0.881641 0.179861 0.036719 0.087500
1 0.908594 0.211806 0.031250 0.081944
1 0.954297 0.266667 0.058594 0.130556
1 0.987500 0.304167 0.018750 0.044444
2 0.353125 0.766667 0.171875 0.425000
2 0.564844 0.532639 0.131250 0.704167
1 0.621875 0.581944 0.059375 0.236111
