0 0.144141 0.742361 0.277344 0.515278
0 0.263672 0.479861 0.183594 0.334722
0 0.297656 0.408333 0.162500 0.297222
0 0.328125 0.340278 0.146875 0.277778
0 0.362891 0.202778 0.100781 0.158333
0 0.377344 0.175000 0.090625 0.150000
0 0.396094 0.151389 0.071875 0.138889
0 0.102344 0.407639 0.195312 0.173611
0 0.162500 0.328472 0.159375 0.145833
0 0.214453 0.256944 0.136719 0.116667
0 0.275391 0.167361 0.075781 0.079167
0 0.297656 0.117361 0.060937 0.029167
0 0.063281 0.217361 0.112500 0.159722
0 0.108203 0.175694 0.092969 0.140278
0 0.143359 0.153472 0.078906 0.126389
0 0.840234 0.831250 0.311719 0.337500
0 0.771484 0.734028 0.271094 0.509722
0 0.929688 0.725694 0.140625 0.540278
0 0.678125 0.455556 0.170313 0.311111
0 0.639844 0.363889 0.123438 0.244444
0 0.637500 0.296528 0.114062 0.212500
0 0.621484 0.158333 0.089844 0.080556
0 0.616406 0.118056 0.075000 0.050000
0 0.726172 0.145139 0.085156 0.068056
0 0.700391 0.113889 0.064844 0.047222
0 0.680078 0.077778 0.055469 0.016667
0 0.742969 0.243750 0.090625 0.123611
0 0.790234 0.259722 0.146094 0.075000
0 0.849219 0.370833 0.187500 0.172222
0 0.866797 0.148611 0.075781 0.141667
0 0.903125 0.174306 0.090625 0.143056
0 0.949219 0.209028 0.095312 0.162500
0 0.988281 0.291667 0.023438 0.241667
2 0.323828 0.790278 0.149219 0.375000
2 0.374219 0.506944 0.096875 0.305556
2 0.281641 0.165278 0.066406 0.125000
1 0.619531 0.876389 0.070312 0.244444
1 0.581250 0.662500 0.090625 0.330556
1 0.575391 0.479861 0.044531 0.145833
1 0.561328 0.393056 0.049219 0.094444
1 0.410156 0.386806 0.032813 0.156944
1 0.419922 0.338889 0.035156 0.158333
1 0.431250 0.297917 0.035937 0.137500
1 0.441016 0.243056 0.032031 0.144444
1 0.402734 0.665972 0.117969 0.345833
1 0.376172 0.890278 0.100781 0.202778
1 0.824219 0.226389 0.032813 0.094444
1 0.859375 0.264583 0.028125 0.081944
1 0.889062 0.298611 0.046875 0.130556
