0 0.109375 0.122917 0.100000 0.156944
0 0.153125 0.088194 0.081250 0.143056
0 0.189453 0.066667 0.069531 0.122222
0 0.022266 0.224306 0.042969 0.206944
0 0.301563 0.084028 0.078125 0.059722
0 0.335156 0.052083 0.071875 0.043056
0 0.352344 0.034722 0.065625 0.041667
0 0.431250 0.074306 0.070312 0.129167
0 0.422266 0.104861 0.069531 0.137500
0 0.407813 0.139583 0.075000 0.168056
0 0.380859 0.247917 0.097656 0.223611
0 0.352344 0.303472 0.126562 0.245833
0 0.311328 0.404167 0.155469 0.330556
0 0.207031 0.653472 0.225000 0.506944
0 0.136328 0.790278 0.271094 0.419444
0 0.045312 0.489583 0.089063 0.184722
0 0.124219 0.295833 0.168750 0.136111
0 0.184375 0.220833 0.140625 0.091667
0 0.241016 0.163194 0.132031 0.081944
0 0.660937 0.089583 0.084375 0.062500
0 0.664844 0.244444 0.112500 0.194444
0 0.681250 0.299306 0.123438 0.201389
0 0.709375 0.387500 0.146875 0.263889
0 0.785547 0.673611 0.236719 0.483333
0 0.830078 0.815278 0.263281 0.366667
0 0.764844 0.096528 0.092188 0.062500
0 0.803906 0.200000 0.126562 0.113889
0 0.844922 0.256944 0.149219 0.122222
0 0.894141 0.349306 0.175781 0.176389
0 0.951172 0.543056 0.094531 0.200000
0 0.972656 0.186111 0.054688 0.175000
0 0.932422 0.145139 0.063281 0.156944
0 0.898047 0.115972 0.060156 0.143056
1 0.159766 0.193056 0.049219 0.072222
1 0.197656 0.164583 0.040625 0.068056
1 0.220312 0.136806 0.028125 0.068056
1 0.476562 0.188194 0.021875 0.165278
1 0.466406 0.230556 0.028125 0.169444
1 0.452344 0.269444 0.040625 0.188889
1 0.435547 0.423611 0.064844 0.255556
1 0.426953 0.488889 0.072656 0.288889
1 0.398047 0.576389 0.074219 0.305556
1 0.384375 0.838194 0.103125 0.295833
1 0.601562 0.412500 0.062500 0.252778
1 0.613672 0.468056 0.057031 0.241667
1 0.599609 0.599306 0.097656 0.337500
1 0.662891 0.841667 0.127344 0.294444
1 0.621484 0.957639 0.124219 0.084722
1 0.870703 0.184028 0.042969 0.079167
1 0.902344 0.227778 0.037500 0.105556
1 0.937500 0.281944 0.057813 0.130556
1 0.982031 0.376389 0.035937 0.138889
2 0.333203 0.719444 0.172656 0.366667
1 0.032422 0.331944 0.058594 0.125000
2 0.230469 0.823611 0.323437 0.352778
