0 0.111719 0.100694 0.100000 0.156944
0 0.160938 0.072222 0.081250 0.141667
0 0.190625 0.061806 0.068750 0.120833
0 0.021875 0.189583 0.042188 0.206944
0 0.304688 0.063194 0.078125 0.059722
0 0.332422 0.035417 0.072656 0.043056
0 0.354687 0.021528 0.065625 0.040278
0 0.437891 0.065278 0.069531 0.127778
0 0.423047 0.089583 0.069531 0.137500
0 0.410156 0.122917 0.075000 0.168056
0 0.379297 0.227083 0.097656 0.223611
0 0.347656 0.288194 0.126562 0.245833
0 0.307812 0.382639 0.156250 0.331944
0 0.205859 0.638889 0.225781 0.505556
0 0.136328 0.783333 0.271094 0.419444
0 0.044141 0.459028 0.086719 0.184722
0 0.126562 0.277778 0.168750 0.136111
0 0.189844 0.198611 0.140625 0.091667
0 0.242578 0.149306 0.132031 0.081944
0 0.668359 0.093750 0.085156 0.062500
0 0.665625 0.230556 0.112500 0.194444
0 0.679297 0.281250 0.124219 0.201389
0 0.705859 0.378472 0.147656 0.265278
0 0.784766 0.672917 0.236719 0.481944
0 0.829688 0.815278 0.262500 0.366667
0 0.764844 0.096528 0.092188 0.062500
0 0.803516 0.199306 0.125781 0.115278
0 0.844922 0.255556 0.149219 0.122222
0 0.894141 0.349306 0.175781 0.176389
0 0.951172 0.551389 0.094531 0.200000
0 0.972266 0.187500 0.055469 0.175000
0 0.935937 0.143056 0.062500 0.155556
0 0.898438 0.115278 0.059375 0.144444
1 0.158984 0.173611 0.049219 0.072222
1 0.196484 0.146528 0.041406 0.068056
1 0.221094 0.122917 0.028125 0.068056
1 0.475000 0.186806 0.021875 0.165278
1 0.466406 0.215278 0.028125 0.169444
1 0.454688 0.254167 0.040625 0.188889
1 0.435156 0.413889 0.064062 0.238889
1 0.425781 0.481250 0.070312 0.273611
1 0.396875 0.574306 0.075000 0.306944
1 0.348438 0.831944 0.190625 0.294444
1 0.600000 0.411806 0.062500 0.254167
1 0.613672 0.468056 0.057031 0.241667
1 0.598047 0.599306 0.097656 0.337500
1 0.662891 0.841667 0.127344 0.294444
1 0.619531 0.957639 0.125000 0.084722
1 0.870313 0.184028 0.043750 0.079167
1 0.902344 0.227778 0.037500 0.105556
1 0.936328 0.280556 0.058594 0.130556
1 0.981641 0.376389 0.035156 0.138889
2 0.326562 0.708333 0.171875 0.366667
1 0.030078 0.311111 0.058594 0.125000
2 0.260156 0.880556 0.262500 0.236111
