0 0.123047 0.147222 0.108594 0.163889
0 0.164062 0.115972 0.093750 0.143056
0 0.196094 0.088194 0.081250 0.131944
0 0.026953 0.252778 0.052344 0.225000
0 0.143750 0.327083 0.173437 0.154167
0 0.051953 0.515972 0.102344 0.193056
0 0.200781 0.252083 0.140625 0.120833
0 0.250391 0.188194 0.128906 0.101389
0 0.316016 0.086111 0.083594 0.047222
0 0.342969 0.060417 0.078125 0.037500
0 0.358984 0.039583 0.072656 0.043056
0 0.444922 0.081944 0.063281 0.130556
0 0.430078 0.106250 0.074219 0.137500
0 0.417969 0.143750 0.081250 0.165278
0 0.382031 0.247222 0.117188 0.219444
0 0.355469 0.310417 0.140625 0.245833
0 0.326172 0.397917 0.160156 0.306944
0 0.219531 0.662500 0.228125 0.497222
0 0.141016 0.801389 0.280469 0.397222
0 0.857812 0.805556 0.281250 0.375000
0 0.801172 0.659722 0.244531 0.480556
0 0.723437 0.384028 0.150000 0.293056
0 0.697266 0.295833 0.124219 0.227778
0 0.674609 0.234722 0.105469 0.205556
0 0.674219 0.080556 0.078125 0.055556
0 0.664062 0.052778 0.068750 0.044444
0 0.660547 0.033333 0.063281 0.041667
0 0.731250 0.021528 0.075000 0.031944
0 0.753906 0.052083 0.078125 0.037500
0 0.779297 0.076389 0.089844 0.047222
0 0.809375 0.179861 0.131250 0.106944
0 0.854688 0.234028 0.151562 0.109722
0 0.904297 0.321528 0.186719 0.168056
0 0.949219 0.527778 0.101562 0.211111
0 0.907031 0.094444 0.062500 0.150000
0 0.948438 0.115972 0.075000 0.156944
0 0.971875 0.154861 0.056250 0.176389
1 0.038281 0.360417 0.075000 0.120833
1 0.160547 0.207639 0.057031 0.073611
1 0.201563 0.172917 0.034375 0.048611
1 0.231641 0.153472 0.030469 0.065278
1 0.483203 0.192361 0.022656 0.165278
1 0.474609 0.227778 0.028906 0.169444
1 0.463281 0.270833 0.037500 0.180556
1 0.446484 0.422917 0.072656 0.243056
1 0.443750 0.489583 0.068750 0.287500
1 0.410156 0.577083 0.078125 0.304167
1 0.375781 0.840278 0.176563 0.294444
1 0.308984 0.957639 0.069531 0.084722
1 0.655859 0.954167 0.132031 0.091667
1 0.676172 0.845833 0.107031 0.297222
1 0.618750 0.590972 0.115625 0.340278
1 0.882031 0.165972 0.039062 0.084722
1 0.909766 0.195833 0.030469 0.080556
1 0.958203 0.259028 0.058594 0.118056
1 0.989062 0.331250 0.021875 0.112500
2 0.623828 0.466667 0.119531 0.327778
2 0.349609 0.759722 0.171094 0.425000
1 0.600391 0.306250 0.024219 0.054167
