0 0.083594 0.199306 0.104688 0.156944
0 0.126562 0.163889 0.082812 0.141667
0 0.163672 0.141667 0.072656 0.130556
0 0.010547 0.285417 0.019531 0.176389
0 0.289062 0.140278 0.085938 0.047222
0 0.308594 0.115278 0.076563 0.038889
0 0.330078 0.093750 0.067969 0.034722
0 0.219141 0.240278 0.133594 0.097222
0 0.173828 0.299306 0.152344 0.120833
0 0.108594 0.382639 0.179688 0.162500
0 0.034375 0.547222 0.067187 0.147222
0 0.116406 0.830556 0.225000 0.338889
0 0.186328 0.725694 0.233594 0.509722
0 0.299219 0.457639 0.154688 0.312500
0 0.329688 0.363194 0.131250 0.248611
0 0.357031 0.303472 0.109375 0.226389
0 0.393750 0.188194 0.076563 0.148611
0 0.417187 0.166667 0.045312 0.141667
0 0.429688 0.140972 0.039062 0.129167
0 0.832812 0.829861 0.275000 0.340278
0 0.771094 0.709028 0.246875 0.473611
0 0.693359 0.439583 0.158594 0.281944
0 0.669922 0.356944 0.136719 0.236111
0 0.650391 0.287500 0.116406 0.194444
0 0.642578 0.153472 0.085156 0.065278
0 0.637891 0.115972 0.078906 0.043056
0 0.629687 0.093056 0.062500 0.041667
0 0.707422 0.091667 0.074219 0.033333
0 0.725000 0.115278 0.078125 0.044444
0 0.743750 0.145139 0.085938 0.056944
0 0.780469 0.237500 0.126562 0.108333
0 0.821875 0.302083 0.145313 0.131944
0 0.871094 0.385417 0.179688 0.173611
0 0.933203 0.588194 0.133594 0.226389
0 0.877344 0.154861 0.057813 0.145833
0 0.914062 0.181250 0.070312 0.162500
0 0.951172 0.213889 0.069531 0.177778
0 0.991016 0.279861 0.017969 0.181944
1 0.849219 0.234722 0.035937 0.111111
1 0.878125 0.264583 0.034375 0.093056
1 0.915234 0.309028 0.049219 0.123611
1 0.969531 0.407639 0.060937 0.148611
1 0.644141 0.874306 0.117969 0.251389
1 0.608594 0.981944 0.084375 0.036111
1 0.295703 0.985417 0.064844 0.015278
1 0.366016 0.876389 0.132031 0.247222
1 0.376953 0.624306 0.077344 0.318056
1 0.454688 0.251389 0.023438 0.158333
1 0.443359 0.285417 0.027344 0.162500
1 0.435547 0.294444 0.028906 0.100000
1 0.562891 0.650694 0.136719 0.351389
1 0.582422 0.411806 0.046094 0.151389
1 0.138281 0.269444 0.046875 0.072222
1 0.178906 0.222917 0.039062 0.059722
1 0.203125 0.202083 0.026562 0.076389
1 0.023828 0.404861 0.041406 0.123611
2 0.573438 0.581944 0.142187 0.466667
2 0.316797 0.806250 0.180469 0.387500
2 0.448437 0.620139 0.189062 0.751389
