0 0.122266 0.143056 0.110156 0.163889
0 0.165625 0.115278 0.093750 0.144444
0 0.202344 0.088194 0.081250 0.131944
0 0.026953 0.262500 0.052344 0.225000
0 0.154688 0.324306 0.171875 0.156944
0 0.051953 0.511806 0.102344 0.193056
0 0.211719 0.245833 0.140625 0.119444
0 0.261328 0.185417 0.127344 0.101389
0 0.327344 0.077083 0.084375 0.043056
0 0.346875 0.056944 0.081250 0.036111
0 0.367188 0.030556 0.071875 0.044444
0 0.452344 0.073611 0.062500 0.130556
0 0.439844 0.099306 0.075000 0.137500
0 0.426563 0.131944 0.081250 0.169444
0 0.392188 0.238194 0.118750 0.218056
0 0.364063 0.300694 0.140625 0.243056
0 0.331250 0.388889 0.159375 0.308333
0 0.234375 0.655556 0.228125 0.494444
0 0.139063 0.796528 0.276562 0.381944
0 0.859375 0.794444 0.281250 0.388889
0 0.813672 0.643056 0.244531 0.480556
0 0.733594 0.376389 0.156250 0.305556
0 0.708984 0.283333 0.124219 0.230556
0 0.682422 0.211806 0.102344 0.206944
0 0.675781 0.068056 0.078125 0.055556
0 0.671875 0.038194 0.068750 0.043056
0 0.662500 0.022917 0.062500 0.043056
0 0.739844 0.015972 0.075000 0.029167
0 0.762500 0.025694 0.078125 0.037500
0 0.787500 0.049306 0.090625 0.045833
0 0.827344 0.150000 0.131250 0.105556
0 0.861328 0.196528 0.153906 0.087500
0 0.905469 0.277778 0.184375 0.133333
0 0.949219 0.488889 0.101562 0.211111
0 0.922656 0.075000 0.062500 0.147222
0 0.960938 0.085417 0.075000 0.156944
0 0.978125 0.115278 0.043750 0.188889
1 0.048438 0.355556 0.075000 0.122222
1 0.170313 0.222917 0.057813 0.090278
1 0.206641 0.188889 0.038281 0.069444
1 0.239844 0.152778 0.031250 0.066667
1 0.491406 0.176389 0.025000 0.163889
1 0.482812 0.220833 0.031250 0.169444
1 0.470313 0.260417 0.040625 0.176389
1 0.461719 0.406944 0.071875 0.258333
1 0.460938 0.475694 0.064062 0.284722
1 0.425000 0.554861 0.087500 0.276389
1 0.382031 0.799306 0.189062 0.218056
1 0.673438 0.948611 0.134375 0.097222
1 0.677344 0.829167 0.103125 0.283333
1 0.895703 0.139583 0.036719 0.087500
1 0.923438 0.168056 0.031250 0.080556
1 0.966016 0.229167 0.058594 0.130556
2 0.356641 0.710417 0.182031 0.331944
1 0.635938 0.574306 0.096875 0.337500
1 0.632422 0.440972 0.053906 0.223611
1 0.621094 0.379861 0.042188 0.226389
2 0.368750 0.854167 0.300000 0.291667
