2 0.325781 0.788194 0.182812 0.368056
2 0.670703 0.790278 0.180469 0.380556
2 0.625391 0.497917 0.130469 0.309722
0 0.888281 0.131944 0.062500 0.150000
0 0.921875 0.160417 0.068750 0.162500
0 0.957422 0.190278 0.066406 0.172222
0 0.788672 0.216667 0.133594 0.097222
0 0.828125 0.276389 0.145313 0.102778
0 0.878906 0.359722 0.179688 0.163889
0 0.939844 0.552778 0.120313 0.216667
0 0.778516 0.693056 0.222656 0.472222
0 0.840234 0.820833 0.277344 0.358333
0 0.696094 0.439583 0.150000 0.304167
0 0.667188 0.346528 0.132812 0.237500
0 0.648047 0.270139 0.116406 0.181944
0 0.121484 0.833333 0.236719 0.333333
0 0.194141 0.721528 0.224219 0.493056
0 0.303516 0.452083 0.157031 0.301389
0 0.336719 0.359722 0.134375 0.252778
0 0.358984 0.289583 0.117969 0.218056
0 0.392188 0.188194 0.087500 0.162500
0 0.407031 0.158333 0.076563 0.138889
0 0.420703 0.125694 0.069531 0.123611
0 0.122656 0.380556 0.184375 0.150000
0 0.181250 0.300694 0.151562 0.118056
0 0.221094 0.240278 0.126562 0.100000
0 0.022266 0.303472 0.041406 0.215278
0 0.093750 0.197917 0.103125 0.154167
0 0.136719 0.165278 0.089063 0.141667
0 0.166797 0.137500 0.077344 0.119444
1 0.144141 0.261806 0.039844 0.059722
1 0.182031 0.225000 0.042188 0.063889
1 0.202734 0.206944 0.032031 0.061111
1 0.458203 0.241667 0.025781 0.152778
1 0.446875 0.283333 0.028125 0.172222
1 0.433984 0.318750 0.046094 0.193056
1 0.428906 0.477083 0.073438 0.265278
1 0.419531 0.542361 0.079687 0.290278
1 0.391406 0.632639 0.076563 0.304167
1 0.371094 0.865972 0.140625 0.256944
1 0.294922 0.982639 0.050781 0.034722
1 0.629687 0.864583 0.129688 0.270833
1 0.641016 0.977083 0.130469 0.045833
1 0.594531 0.641667 0.101562 0.333333
1 0.578906 0.368056 0.032813 0.075000
1 0.854688 0.206944 0.031250 0.091667
1 0.881250 0.246528 0.034375 0.101389
1 0.928906 0.294444 0.067187 0.127778
1 0.974609 0.381250 0.047656 0.137500
0 0.295703 0.134722 0.088281 0.041667
0 0.316016 0.111111 0.075781 0.038889
0 0.333984 0.088889 0.071094 0.038889
0 0.646875 0.131250 0.079687 0.062500
0 0.642188 0.100694 0.070312 0.037500
0 0.747266 0.129167 0.088281 0.058333
0 0.731641 0.097222 0.078906 0.041667
0 0.709375 0.073611 0.075000 0.036111
0 0.632031 0.077083 0.053125 0.031944
