0 0.066406 0.146528 0.101562 0.170833
0 0.108984 0.117361 0.089844 0.143056
0 0.149219 0.093056 0.075000 0.130556
0 0.271484 0.113889 0.082031 0.072222
0 0.293359 0.086111 0.082031 0.055556
0 0.312109 0.055556 0.063281 0.047222
0 0.207422 0.204167 0.141406 0.102778
0 0.159766 0.261111 0.169531 0.130556
0 0.084766 0.334028 0.167969 0.156944
0 0.171484 0.682639 0.225781 0.509722
0 0.104297 0.811111 0.207031 0.377778
0 0.267578 0.420139 0.164844 0.309722
0 0.310937 0.338194 0.128125 0.265278
0 0.339062 0.271528 0.112500 0.229167
0 0.368750 0.164583 0.090625 0.156944
0 0.388281 0.136111 0.075000 0.144444
0 0.398828 0.106944 0.069531 0.133333
0 0.626953 0.120139 0.078906 0.037500
0 0.618750 0.268056 0.090625 0.197222
0 0.642578 0.346528 0.108594 0.251389
0 0.673438 0.445139 0.153125 0.309722
0 0.757422 0.716667 0.257031 0.494444
0 0.814453 0.826389 0.288281 0.347222
0 0.926172 0.571528 0.146094 0.220833
0 0.845313 0.363194 0.190625 0.156944
0 0.796875 0.293056 0.146875 0.127778
0 0.757422 0.230556 0.124219 0.105556
0 0.720313 0.134028 0.085938 0.068056
0 0.856641 0.141667 0.061719 0.136111
0 0.894922 0.174306 0.067969 0.156944
0 0.932422 0.211806 0.069531 0.170833
0 0.981250 0.291667 0.037500 0.205556
1 0.823047 0.218056 0.030469 0.088889
1 0.856250 0.254167 0.034375 0.091667
1 0.896484 0.299306 0.055469 0.143056
1 0.959375 0.403472 0.075000 0.143056
1 0.558203 0.420139 0.039844 0.206944
1 0.578516 0.496528 0.058594 0.231944
1 0.565234 0.631944 0.094531 0.330556
1 0.638672 0.863889 0.146094 0.272222
1 0.593750 0.963194 0.121875 0.070833
1 0.348438 0.861806 0.115625 0.259722
1 0.362500 0.605556 0.075000 0.305556
1 0.112109 0.215972 0.057031 0.076389
1 0.155859 0.179167 0.036719 0.055556
1 0.182422 0.153472 0.028906 0.056944
2 0.294141 0.781944 0.186719 0.402778
2 0.194141 0.897917 0.203906 0.193056
1 0.382812 0.520833 0.059375 0.291667
1 0.417578 0.252083 0.027344 0.098611
1 0.429297 0.222222 0.014844 0.108333
1 0.432812 0.184028 0.014063 0.101389
2 0.452344 0.524306 0.129688 0.715278
