0 0.110547 0.806250 0.214844 0.381944
0 0.148047 0.679861 0.285156 0.506944
0 0.280859 0.422917 0.169531 0.301389
0 0.317188 0.343056 0.151562 0.269444
0 0.770312 0.690278 0.267188 0.475000
0 0.706250 0.425000 0.171875 0.305556
0 0.133594 0.381944 0.160938 0.241667
0 0.180078 0.311806 0.124219 0.215278
0 0.230859 0.222222 0.108594 0.133333
0 0.348828 0.272917 0.125781 0.229167
0 0.677734 0.334722 0.139844 0.252778
0 0.656250 0.268056 0.101562 0.230556
0 0.874609 0.361111 0.172656 0.177778
0 0.822656 0.281944 0.148438 0.144444
0 0.782422 0.213194 0.133594 0.115278
0 0.650391 0.120833 0.088281 0.077778
0 0.640625 0.090972 0.071875 0.065278
0 0.394141 0.149306 0.077344 0.145833
0 0.407813 0.124306 0.065625 0.134722
0 0.418750 0.094444 0.064062 0.113889
0 0.089063 0.148611 0.112500 0.150000
0 0.131641 0.113194 0.091406 0.137500
0 0.168750 0.092361 0.075000 0.131944
0 0.305469 0.106944 0.068750 0.086111
0 0.328906 0.070833 0.056250 0.072222
0 0.894531 0.118750 0.079687 0.151389
0 0.924219 0.147917 0.071875 0.131944
0 0.961328 0.206250 0.075781 0.184722
1 0.850781 0.204167 0.031250 0.088889
1 0.878516 0.245139 0.030469 0.093056
1 0.915234 0.284722 0.038281 0.122222
1 0.601953 0.620139 0.094531 0.337500
1 0.626953 0.853472 0.102344 0.268056
1 0.603125 0.472917 0.057813 0.198611
1 0.581641 0.370139 0.049219 0.140278
1 0.402344 0.811806 0.059375 0.198611
1 0.421875 0.624306 0.112500 0.337500
1 0.425000 0.404167 0.053125 0.180556
1 0.435937 0.319444 0.039062 0.130556
1 0.440234 0.265972 0.030469 0.126389
2 0.317969 0.817361 0.309375 0.365278
2 0.380859 0.483333 0.125781 0.294444
2 0.296484 0.631250 0.114844 0.165278
