0 0.120313 0.156944 0.109375 0.163889
0 0.164844 0.129167 0.093750 0.144444
0 0.196875 0.098611 0.081250 0.130556
0 0.026953 0.262500 0.052344 0.225000
0 0.146484 0.335417 0.172656 0.156944
0 0.051953 0.523611 0.102344 0.194444
0 0.206250 0.256250 0.140625 0.118056
0 0.253125 0.197917 0.128125 0.101389
0 0.322266 0.089583 0.083594 0.043056
0 0.341406 0.067361 0.078125 0.037500
0 0.363281 0.045139 0.071875 0.043056
0 0.448828 0.086806 0.063281 0.131944
0 0.436719 0.111806 0.075000 0.137500
0 0.424219 0.145833 0.081250 0.169444
0 0.389062 0.250694 0.118750 0.218056
0 0.360156 0.313194 0.140625 0.243056
0 0.327344 0.404167 0.159375 0.308333
0 0.238281 0.670139 0.228125 0.493056
0 0.139844 0.809028 0.278125 0.381944
0 0.859375 0.805556 0.281250 0.388889
0 0.804297 0.659028 0.244531 0.481944
0 0.727344 0.391667 0.156250 0.305556
0 0.700391 0.293056 0.124219 0.230556
0 0.675781 0.229167 0.106250 0.205556
0 0.680469 0.077778 0.078125 0.055556
0 0.671875 0.046528 0.068750 0.043056
0 0.663281 0.030556 0.062500 0.044444
0 0.739844 0.018056 0.075000 0.030556
0 0.762500 0.045139 0.078125 0.037500
0 0.787500 0.072917 0.090625 0.045833
0 0.815625 0.170833 0.131250 0.105556
0 0.854297 0.213194 0.153906 0.087500
0 0.905469 0.295833 0.184375 0.133333
0 0.948438 0.518056 0.101562 0.211111
0 0.917969 0.084028 0.062500 0.148611
0 0.954688 0.111806 0.075000 0.156944
0 0.972266 0.150694 0.055469 0.181944
1 0.048438 0.356944 0.075000 0.122222
1 0.164844 0.225694 0.056250 0.079167
1 0.206250 0.184028 0.034375 0.048611
1 0.238281 0.154861 0.031250 0.065278
1 0.482031 0.191667 0.025000 0.163889
1 0.475000 0.240278 0.031250 0.169444
1 0.460938 0.286806 0.040625 0.176389
1 0.452344 0.418056 0.071875 0.258333
1 0.450391 0.484722 0.067969 0.275000
1 0.405859 0.523611 0.069531 0.205556
1 0.372266 0.912500 0.169531 0.175000
1 0.314063 0.957639 0.081250 0.084722
1 0.658594 0.954167 0.131250 0.091667
1 0.677344 0.829167 0.103125 0.283333
1 0.885547 0.161806 0.036719 0.087500
1 0.917188 0.190278 0.031250 0.080556
1 0.959766 0.252778 0.058594 0.130556
2 0.320703 0.723611 0.108594 0.358333
1 0.628125 0.595139 0.096875 0.337500
1 0.629297 0.446528 0.058594 0.212500
1 0.613672 0.349306 0.044531 0.140278
2 0.428516 0.745833 0.260156 0.508333
