0 0.149219 0.197917 0.110937 0.140278
0 0.194531 0.184028 0.078125 0.118056
0 0.228516 0.174306 0.074219 0.115278
0 0.158203 0.289583 0.167969 0.101389
0 0.245312 0.255556 0.140625 0.102778
0 0.285938 0.224306 0.114062 0.093056
0 0.351953 0.193750 0.092969 0.062500
0 0.375000 0.165278 0.071875 0.038889
0 0.496484 0.213194 0.025781 0.118056
0 0.485938 0.235417 0.031250 0.129167
0 0.477344 0.265972 0.026562 0.148611
0 0.410938 0.368056 0.109375 0.263889
0 0.383203 0.411806 0.111719 0.298611
0 0.244922 0.605556 0.271094 0.544444
0 0.160547 0.716667 0.308594 0.566667
0 0.068750 0.389583 0.134375 0.159722
0 0.914062 0.779167 0.162500 0.441667
0 0.891406 0.625694 0.215625 0.415278
0 0.954297 0.272917 0.080469 0.104167
0 0.972266 0.286806 0.055469 0.098611
2 0.633984 0.600000 0.553906 0.800000
2 0.407031 0.688194 0.201563 0.454167
2 0.549219 0.404861 0.148438 0.531944
2 0.100781 0.781250 0.196875 0.437500
1 0.453906 0.572917 0.090625 0.218056
