0 0.060547 0.153472 0.100781 0.170833
0 0.110156 0.116667 0.090625 0.144444
0 0.152344 0.093750 0.075000 0.131944
0 0.267578 0.112500 0.082031 0.072222
0 0.291797 0.074306 0.088281 0.043056
0 0.312500 0.055556 0.062500 0.047222
0 0.203516 0.198611 0.141406 0.102778
0 0.155078 0.263194 0.169531 0.131944
0 0.083984 0.334028 0.166406 0.156944
0 0.171875 0.679861 0.226562 0.509722
0 0.104297 0.810417 0.207031 0.379167
0 0.271094 0.416667 0.165625 0.308333
0 0.310937 0.335417 0.128125 0.265278
0 0.338281 0.269444 0.112500 0.230556
0 0.368750 0.155556 0.090625 0.155556
0 0.390625 0.122917 0.075000 0.143056
0 0.405469 0.096528 0.068750 0.131944
0 0.625781 0.102083 0.078125 0.037500
0 0.621094 0.259722 0.090625 0.197222
0 0.644531 0.336806 0.109375 0.251389
0 0.678125 0.428472 0.153125 0.309722
0 0.760547 0.695833 0.257031 0.494444
0 0.821875 0.813889 0.287500 0.347222
0 0.925781 0.563194 0.146875 0.220833
0 0.860938 0.326389 0.181250 0.113889
0 0.807422 0.256944 0.141406 0.088889
0 0.764062 0.213194 0.125000 0.106944
0 0.730859 0.119444 0.086719 0.069444
0 0.867188 0.127083 0.062500 0.134722
0 0.899219 0.161806 0.068750 0.156944
0 0.933203 0.193056 0.069531 0.169444
0 0.981250 0.261806 0.037500 0.206944
1 0.832812 0.199306 0.031250 0.090278
1 0.860156 0.237500 0.034375 0.091667
1 0.901172 0.297917 0.055469 0.143056
1 0.962500 0.386806 0.075000 0.145833
1 0.562500 0.408333 0.040625 0.205556
1 0.582422 0.474306 0.058594 0.231944
1 0.573828 0.620833 0.094531 0.330556
1 0.641797 0.845833 0.146094 0.272222
1 0.604688 0.961806 0.121875 0.070833
1 0.346484 0.855556 0.121094 0.286111
1 0.366016 0.588889 0.072656 0.280556
1 0.112500 0.214583 0.056250 0.076389
1 0.155469 0.174306 0.037500 0.056944
1 0.185938 0.143056 0.028125 0.055556
2 0.291016 0.756944 0.186719 0.402778
2 0.206641 0.877778 0.178906 0.230556
1 0.398047 0.502083 0.075781 0.293056
1 0.405469 0.434028 0.071875 0.268056
1 0.410938 0.279167 0.043750 0.175000
1 0.422266 0.246528 0.033594 0.165278
2 0.462500 0.445833 0.140625 0.655556
1 0.438672 0.205556 0.025781 0.158333
