0 0.087891 0.203472 0.102344 0.159722
0 0.132031 0.174306 0.096875 0.143056
0 0.166797 0.144444 0.077344 0.127778
0 0.016406 0.309722 0.031250 0.213889
0 0.112891 0.387500 0.177344 0.161111
0 0.176172 0.306250 0.146094 0.120833
0 0.224219 0.247917 0.121875 0.101389
0 0.289844 0.147917 0.090625 0.056944
0 0.314453 0.125000 0.080469 0.050000
0 0.329688 0.100000 0.062500 0.047222
0 0.041016 0.570139 0.080469 0.187500
0 0.116406 0.834028 0.231250 0.331944
0 0.181641 0.719444 0.271094 0.500000
0 0.296875 0.451389 0.162500 0.288889
0 0.330469 0.368056 0.145313 0.241667
0 0.357812 0.293056 0.121875 0.202778
0 0.391016 0.197917 0.086719 0.156944
0 0.405469 0.165972 0.076563 0.137500
0 0.417187 0.138889 0.071875 0.127778
0 0.648438 0.136806 0.081250 0.056944
0 0.639062 0.104167 0.071875 0.044444
0 0.631641 0.086806 0.058594 0.031944
0 0.711328 0.086806 0.072656 0.040278
0 0.727734 0.106944 0.078906 0.036111
0 0.746094 0.138889 0.089063 0.058333
0 0.784766 0.234028 0.128906 0.104167
0 0.823047 0.289583 0.153906 0.115278
0 0.875000 0.353472 0.193750 0.131944
0 0.942187 0.575000 0.115625 0.222222
0 0.785547 0.702778 0.260156 0.466667
0 0.851953 0.826389 0.291406 0.347222
0 0.692187 0.418056 0.143750 0.250000
0 0.673828 0.350694 0.125781 0.231944
0 0.653516 0.284028 0.114844 0.195833
0 0.882812 0.145833 0.060937 0.141667
0 0.919141 0.177083 0.077344 0.159722
0 0.956641 0.206250 0.077344 0.170833
1 0.855078 0.228472 0.042969 0.106944
1 0.884766 0.257639 0.038281 0.101389
1 0.923438 0.306250 0.056250 0.131944
1 0.973437 0.400000 0.053125 0.150000
1 0.582031 0.386111 0.032813 0.097222
1 0.588672 0.643056 0.085156 0.344444
1 0.579297 0.893056 0.210156 0.211111
1 0.619922 0.975694 0.083594 0.045833
1 0.343359 0.875694 0.194531 0.237500
1 0.294531 0.987500 0.050000 0.025000
1 0.385547 0.630556 0.080469 0.308333
1 0.413672 0.543750 0.078906 0.287500
1 0.427344 0.472917 0.065625 0.254167
1 0.434766 0.330556 0.047656 0.186111
1 0.447266 0.280556 0.030469 0.177778
1 0.455078 0.245833 0.025781 0.163889
1 0.137891 0.270139 0.058594 0.090278
1 0.180859 0.219444 0.046094 0.075000
1 0.208594 0.209722 0.034375 0.072222
1 0.030469 0.418056 0.053125 0.130556
2 0.313672 0.807639 0.197656 0.376389
2 0.623437 0.793750 0.262500 0.398611
2 0.608594 0.496528 0.120313 0.298611
