0 0.055469 0.159028 0.096875 0.168056
0 0.096875 0.134028 0.090625 0.143056
0 0.138281 0.100694 0.075000 0.131944
0 0.254688 0.119444 0.081250 0.069444
0 0.281250 0.088194 0.087500 0.043056
0 0.299219 0.068056 0.062500 0.044444
0 0.197266 0.216667 0.141406 0.105556
0 0.143359 0.271528 0.153906 0.115278
0 0.081250 0.340278 0.160938 0.122222
0 0.171875 0.693056 0.225000 0.505556
0 0.101953 0.818056 0.202344 0.361111
0 0.267188 0.430556 0.165625 0.305556
0 0.303125 0.347917 0.128125 0.268056
0 0.329688 0.272917 0.112500 0.231944
0 0.359375 0.165278 0.090625 0.155556
0 0.378125 0.136806 0.075000 0.143056
0 0.393750 0.111806 0.068750 0.131944
0 0.612500 0.120139 0.081250 0.065278
0 0.608594 0.272222 0.090625 0.197222
0 0.633594 0.350000 0.109375 0.255556
0 0.671875 0.437500 0.153125 0.305556
0 0.748437 0.711111 0.256250 0.494444
0 0.828125 0.813194 0.337500 0.362500
0 0.918750 0.564583 0.162500 0.206944
0 0.840625 0.340972 0.181250 0.115278
0 0.785937 0.268750 0.140625 0.090278
0 0.744531 0.206250 0.120313 0.070833
0 0.717187 0.125694 0.096875 0.056944
0 0.843750 0.131944 0.062500 0.133333
0 0.879687 0.168750 0.068750 0.156944
0 0.912500 0.200000 0.068750 0.169444
0 0.977734 0.289583 0.044531 0.209722
1 0.839063 0.254861 0.037500 0.090278
1 0.817187 0.211806 0.034375 0.093056
1 0.884375 0.301389 0.056250 0.144444
1 0.947656 0.391667 0.075000 0.144444
1 0.560937 0.434028 0.068750 0.251389
1 0.570312 0.505556 0.062500 0.291667
1 0.561328 0.632639 0.097656 0.334722
1 0.636719 0.851389 0.146875 0.272222
1 0.589063 0.950694 0.131250 0.095833
1 0.307031 0.853472 0.190625 0.281944
1 0.105469 0.236806 0.056250 0.076389
1 0.150391 0.186806 0.044531 0.056944
1 0.179297 0.168056 0.027344 0.055556
2 0.278906 0.759722 0.173437 0.388889
2 0.194922 0.884028 0.178906 0.231944
1 0.407422 0.302778 0.044531 0.175000
1 0.418750 0.249306 0.034375 0.165278
1 0.425781 0.218056 0.025000 0.155556
1 0.376563 0.635417 0.096875 0.340278
1 0.394531 0.484028 0.057813 0.254167
2 0.350000 0.495833 0.112500 0.352778
1 0.987891 0.431250 0.024219 0.106944
1 0.395313 0.401389 0.043750 0.175000
