0 0.049219 0.174306 0.096875 0.168056
0 0.096875 0.135417 0.090625 0.143056
0 0.139844 0.110417 0.075000 0.131944
0 0.254688 0.122222 0.081250 0.069444
0 0.282031 0.090972 0.087500 0.043056
0 0.299219 0.068750 0.062500 0.045833
0 0.197266 0.217361 0.141406 0.106944
0 0.144531 0.271528 0.153125 0.115278
0 0.081250 0.340278 0.160938 0.122222
0 0.171875 0.693056 0.225000 0.505556
0 0.101953 0.818056 0.202344 0.361111
0 0.267188 0.431944 0.165625 0.305556
0 0.303125 0.347917 0.128125 0.268056
0 0.329688 0.272917 0.112500 0.231944
0 0.359375 0.165278 0.090625 0.155556
0 0.378125 0.136806 0.075000 0.143056
0 0.393750 0.111806 0.068750 0.131944
0 0.612500 0.121528 0.081250 0.065278
0 0.613281 0.263889 0.090625 0.197222
0 0.635938 0.342361 0.109375 0.254167
0 0.673438 0.430556 0.153125 0.305556
0 0.756250 0.691667 0.256250 0.494444
0 0.828906 0.814583 0.337500 0.362500
0 0.917188 0.547917 0.162500 0.206944
0 0.842187 0.325000 0.181250 0.113889
0 0.785937 0.253472 0.140625 0.090278
0 0.746094 0.198611 0.120313 0.072222
0 0.718750 0.111806 0.096875 0.056944
0 0.844531 0.118056 0.062500 0.133333
0 0.879687 0.149306 0.068750 0.156944
0 0.913281 0.180556 0.068750 0.169444
0 0.975781 0.257639 0.045312 0.209722
1 0.842578 0.234028 0.038281 0.090278
1 0.818750 0.197917 0.034375 0.093056
1 0.885938 0.295833 0.056250 0.144444
1 0.950781 0.368056 0.075000 0.144444
1 0.561719 0.434028 0.070312 0.251389
1 0.575000 0.505556 0.062500 0.291667
1 0.566406 0.627083 0.098437 0.334722
1 0.639844 0.838889 0.146875 0.272222
1 0.599609 0.947917 0.132031 0.095833
1 0.313672 0.855556 0.207031 0.288889
1 0.105469 0.236806 0.056250 0.076389
1 0.150391 0.186806 0.044531 0.056944
1 0.179297 0.168056 0.027344 0.055556
2 0.285938 0.766667 0.187500 0.402778
2 0.194922 0.876389 0.178906 0.230556
1 0.412891 0.302778 0.044531 0.175000
1 0.418750 0.249306 0.034375 0.165278
1 0.429688 0.218056 0.025000 0.155556
1 0.384375 0.634028 0.112500 0.337500
1 0.398438 0.482639 0.065625 0.251389
2 0.364063 0.486806 0.137500 0.387500
1 0.991016 0.386806 0.017969 0.106944
1 0.398438 0.388889 0.043750 0.175000
