0 0.152734 0.716667 0.294531 0.505556
0 0.283594 0.453472 0.187500 0.320833
0 0.320312 0.359028 0.145313 0.259722
0 0.348047 0.310417 0.128906 0.276389
0 0.120313 0.400000 0.165625 0.194444
0 0.187891 0.308333 0.127344 0.147222
0 0.238281 0.230556 0.115625 0.105556
0 0.387891 0.177778 0.082031 0.144444
0 0.401172 0.151389 0.074219 0.150000
0 0.419141 0.127778 0.066406 0.136111
0 0.294141 0.139583 0.082031 0.065278
0 0.319141 0.098611 0.063281 0.052778
0 0.082031 0.189583 0.117188 0.159722
0 0.130859 0.145139 0.099219 0.134722
0 0.169922 0.127778 0.074219 0.133333
0 0.132812 0.824306 0.264062 0.351389
0 0.842187 0.829167 0.315625 0.333333
0 0.785937 0.725694 0.276562 0.490278
0 0.933984 0.711111 0.132031 0.513889
0 0.692578 0.445139 0.146094 0.312500
0 0.871484 0.373611 0.186719 0.188889
0 0.664453 0.358333 0.125781 0.252778
0 0.655469 0.286111 0.114062 0.225000
0 0.799609 0.288889 0.111719 0.152778
0 0.767969 0.234722 0.096875 0.125000
0 0.650000 0.141667 0.082812 0.069444
0 0.637500 0.125000 0.075000 0.094444
0 0.638672 0.093056 0.058594 0.069444
0 0.740625 0.135417 0.073438 0.079167
0 0.719141 0.100000 0.058594 0.036111
0 0.700781 0.081944 0.062500 0.052778
0 0.897266 0.136806 0.082031 0.159722
0 0.932422 0.170139 0.099219 0.145833
0 0.961719 0.204167 0.076563 0.183333
1 0.626563 0.872917 0.082812 0.254167
1 0.591797 0.643750 0.086719 0.320833
1 0.586719 0.433333 0.056250 0.200000
1 0.403516 0.874306 0.066406 0.215278
1 0.428125 0.652778 0.107813 0.336111
1 0.430859 0.358333 0.039844 0.150000
1 0.442969 0.313194 0.032813 0.154167
1 0.457031 0.265972 0.035937 0.151389
1 0.840625 0.213194 0.032813 0.098611
1 0.873437 0.245139 0.023438 0.093056
1 0.910156 0.302083 0.034375 0.137500
2 0.401172 0.499306 0.102344 0.348611
2 0.339844 0.786111 0.153125 0.422222
2 0.346484 0.134722 0.055469 0.122222
