0 0.146875 0.693056 0.289062 0.513889
0 0.105078 0.813194 0.208594 0.373611
0 0.276953 0.429861 0.180469 0.320833
0 0.120703 0.422917 0.191406 0.306944
0 0.304297 0.325000 0.163281 0.238889
0 0.165625 0.316667 0.137500 0.216667
0 0.333203 0.272222 0.139844 0.225000
0 0.219922 0.247222 0.130469 0.180556
0 0.379297 0.158333 0.092969 0.175000
0 0.396875 0.124306 0.078125 0.137500
0 0.290234 0.118056 0.069531 0.083333
0 0.314453 0.088889 0.060156 0.072222
0 0.075000 0.159028 0.121875 0.159722
0 0.119531 0.118750 0.103125 0.134722
0 0.150000 0.095139 0.092188 0.131944
0 0.835156 0.820833 0.320312 0.358333
0 0.786719 0.691667 0.292187 0.508333
0 0.932422 0.694444 0.135156 0.494444
0 0.687500 0.424306 0.162500 0.309722
0 0.665234 0.334722 0.136719 0.252778
0 0.648438 0.271528 0.112500 0.220833
0 0.642969 0.127778 0.087500 0.077778
0 0.630469 0.109722 0.079687 0.094444
0 0.741406 0.122917 0.092188 0.079167
0 0.715234 0.106250 0.064844 0.090278
0 0.885938 0.120139 0.076563 0.151389
0 0.921875 0.153472 0.090625 0.148611
0 0.958594 0.195139 0.082812 0.176389
0 0.866016 0.354861 0.171094 0.176389
0 0.817187 0.281944 0.150000 0.138889
0 0.764062 0.211806 0.092188 0.109722
1 0.623047 0.862500 0.097656 0.272222
1 0.591016 0.627083 0.100781 0.337500
1 0.586328 0.455556 0.055469 0.166667
1 0.423047 0.415972 0.044531 0.179167
1 0.413281 0.629861 0.120313 0.334722
1 0.432422 0.300694 0.038281 0.151389
1 0.443359 0.236806 0.028906 0.137500
2 0.348047 0.854167 0.275781 0.291667
2 0.295703 0.731944 0.114844 0.347222
2 0.371875 0.486111 0.132812 0.333333
1 0.839453 0.211111 0.032031 0.105556
1 0.870703 0.242361 0.024219 0.090278
1 0.910156 0.299306 0.048438 0.126389
