0 0.099219 0.179167 0.101562 0.158333
0 0.142187 0.149306 0.089063 0.137500
0 0.176563 0.124306 0.075000 0.126389
0 0.023438 0.285417 0.043750 0.198611
0 0.227344 0.215278 0.123438 0.080556
0 0.187891 0.284028 0.152344 0.112500
0 0.126172 0.356944 0.191406 0.147222
0 0.211719 0.688194 0.212500 0.462500
0 0.132422 0.816667 0.244531 0.366667
0 0.310156 0.436111 0.153125 0.313889
0 0.341016 0.350694 0.136719 0.245833
0 0.371094 0.283333 0.112500 0.227778
0 0.403516 0.175000 0.080469 0.155556
0 0.414844 0.143056 0.073438 0.144444
0 0.427734 0.114583 0.064844 0.115278
0 0.839453 0.824306 0.267969 0.351389
0 0.796875 0.700000 0.268750 0.480556
0 0.702734 0.427778 0.147656 0.288889
0 0.680078 0.353472 0.138281 0.265278
0 0.658984 0.301389 0.124219 0.255556
0 0.796094 0.222222 0.123438 0.108333
0 0.835938 0.282639 0.146875 0.129167
0 0.883594 0.356944 0.182812 0.163889
0 0.950781 0.558333 0.098437 0.202778
0 0.890234 0.138889 0.061719 0.138889
0 0.928516 0.170833 0.069531 0.158333
0 0.962891 0.204861 0.066406 0.173611
1 0.150391 0.246528 0.047656 0.073611
1 0.187891 0.202083 0.041406 0.056944
1 0.219141 0.187500 0.027344 0.052778
1 0.462891 0.230556 0.027344 0.166667
1 0.454688 0.273611 0.026562 0.186111
1 0.442188 0.320139 0.034375 0.193056
1 0.434375 0.461111 0.062500 0.255556
1 0.423047 0.530556 0.075781 0.294444
1 0.398828 0.611111 0.074219 0.288889
1 0.376172 0.866667 0.136719 0.266667
1 0.626953 0.968056 0.102344 0.063889
1 0.296484 0.978472 0.053906 0.043056
1 0.622266 0.866667 0.119531 0.250000
1 0.590625 0.634722 0.092188 0.325000
1 0.586719 0.359028 0.029687 0.090278
1 0.860547 0.216667 0.038281 0.111111
1 0.892578 0.250694 0.041406 0.120833
1 0.933203 0.298611 0.058594 0.141667
1 0.979297 0.384722 0.041406 0.138889
2 0.617969 0.492361 0.112500 0.312500
2 0.657422 0.775000 0.161719 0.388889
2 0.323047 0.784028 0.178906 0.401389
