0 0.109375 0.122917 0.100000 0.156944
0 0.153125 0.086806 0.081250 0.143056
0 0.189062 0.066667 0.068750 0.122222
0 0.022266 0.224306 0.042969 0.206944
0 0.301563 0.084028 0.078125 0.059722
0 0.334375 0.050694 0.071875 0.043056
0 0.352344 0.033333 0.065625 0.041667
0 0.430859 0.074306 0.069531 0.129167
0 0.422266 0.103472 0.069531 0.137500
0 0.407813 0.138194 0.075000 0.168056
0 0.379297 0.242361 0.097656 0.223611
0 0.352344 0.302083 0.126562 0.245833
0 0.310937 0.404167 0.156250 0.330556
0 0.206250 0.652778 0.225000 0.505556
0 0.136328 0.790278 0.271094 0.419444
0 0.044922 0.488194 0.088281 0.184722
0 0.124219 0.294444 0.168750 0.136111
0 0.184375 0.219444 0.140625 0.091667
0 0.241016 0.161806 0.132031 0.081944
0 0.668750 0.093750 0.084375 0.062500
0 0.664844 0.243056 0.112500 0.194444
0 0.680859 0.299306 0.124219 0.201389
0 0.708984 0.386806 0.147656 0.265278
0 0.785547 0.672917 0.236719 0.481944
0 0.829688 0.815278 0.262500 0.366667
0 0.764844 0.096528 0.092188 0.062500
0 0.803516 0.199306 0.125781 0.115278
0 0.844922 0.255556 0.149219 0.122222
0 0.894141 0.349306 0.175781 0.176389
0 0.951172 0.543056 0.094531 0.200000
0 0.972266 0.187500 0.055469 0.175000
0 0.936328 0.144444 0.063281 0.155556
0 0.898828 0.115278 0.060156 0.144444
1 0.159766 0.193056 0.049219 0.072222
1 0.196875 0.163194 0.040625 0.068056
1 0.219531 0.136806 0.028125 0.068056
1 0.475781 0.186806 0.021875 0.165278
1 0.465625 0.230556 0.028125 0.169444
1 0.452344 0.268056 0.040625 0.188889
1 0.435547 0.422917 0.064844 0.256944
1 0.426563 0.488889 0.071875 0.288889
1 0.397656 0.575694 0.075000 0.306944
1 0.350781 0.845139 0.190625 0.295833
1 0.600781 0.411806 0.062500 0.254167
1 0.613672 0.468056 0.057031 0.241667
1 0.598047 0.599306 0.097656 0.337500
1 0.662891 0.841667 0.127344 0.294444
1 0.620703 0.957639 0.124219 0.084722
1 0.870313 0.184028 0.043750 0.079167
1 0.902344 0.227778 0.037500 0.105556
1 0.937109 0.280556 0.058594 0.130556
1 0.981641 0.376389 0.035156 0.138889
2 0.327344 0.709722 0.171875 0.366667
1 0.032031 0.330556 0.059375 0.125000
2 0.260937 0.880556 0.262500 0.236111
