0 0.053516 0.164583 0.100781 0.170833
0 0.106250 0.136111 0.090625 0.144444
0 0.141406 0.104861 0.075000 0.131944
0 0.265234 0.117361 0.082031 0.070833
0 0.291797 0.082639 0.088281 0.043056
0 0.309375 0.059722 0.062500 0.047222
0 0.199609 0.202083 0.141406 0.104167
0 0.153125 0.273611 0.168750 0.130556
0 0.083203 0.343750 0.164844 0.156944
0 0.169922 0.691667 0.225781 0.508333
0 0.103906 0.810417 0.206250 0.379167
0 0.270313 0.418056 0.165625 0.308333
0 0.310156 0.339583 0.128125 0.265278
0 0.335938 0.270833 0.112500 0.230556
0 0.366406 0.159722 0.090625 0.155556
0 0.386719 0.127083 0.075000 0.143056
0 0.397656 0.104861 0.068750 0.131944
0 0.622656 0.111806 0.081250 0.065278
0 0.624219 0.256944 0.090625 0.197222
0 0.643750 0.336806 0.109375 0.251389
0 0.678125 0.424306 0.153125 0.309722
0 0.757812 0.693056 0.256250 0.494444
0 0.821875 0.813889 0.287500 0.347222
0 0.925000 0.561806 0.146875 0.220833
0 0.860938 0.327778 0.181250 0.113889
0 0.808203 0.255556 0.141406 0.088889
0 0.762500 0.209028 0.125000 0.106944
0 0.729688 0.116667 0.087500 0.069444
0 0.857812 0.124306 0.062500 0.134722
0 0.890625 0.153472 0.068750 0.156944
0 0.926562 0.183333 0.068750 0.169444
0 0.981250 0.261806 0.037500 0.206944
1 0.825781 0.199306 0.031250 0.090278
1 0.857031 0.236806 0.034375 0.093056
1 0.895703 0.297917 0.055469 0.143056
1 0.956250 0.381250 0.075000 0.145833
1 0.557422 0.425000 0.044531 0.252778
1 0.582422 0.474306 0.058594 0.231944
1 0.569531 0.622917 0.093750 0.331944
1 0.641797 0.843056 0.146094 0.272222
1 0.604688 0.961806 0.121875 0.070833
1 0.316016 0.852083 0.207031 0.287500
1 0.113281 0.224306 0.056250 0.076389
1 0.157812 0.189583 0.043750 0.056944
1 0.181250 0.162500 0.028125 0.055556
2 0.291016 0.755556 0.186719 0.402778
2 0.206641 0.877778 0.178906 0.230556
1 0.412500 0.290278 0.043750 0.175000
1 0.423047 0.252083 0.033594 0.165278
1 0.433984 0.222222 0.025781 0.158333
1 0.448047 0.588194 0.111719 0.337500
2 0.394531 0.500694 0.153125 0.679167
