0 0.144922 0.130556 0.110156 0.163889
0 0.178125 0.100694 0.093750 0.143056
0 0.211719 0.066667 0.081250 0.130556
0 0.039844 0.241667 0.078125 0.205556
0 0.160156 0.310417 0.171875 0.156944
0 0.051953 0.500694 0.102344 0.193056
0 0.225000 0.232639 0.140625 0.118056
0 0.271875 0.168750 0.128125 0.101389
0 0.336719 0.061806 0.084375 0.043056
0 0.359766 0.031944 0.082031 0.036111
0 0.377344 0.022917 0.071875 0.043056
0 0.461719 0.066667 0.062500 0.130556
0 0.449219 0.081250 0.075000 0.137500
0 0.434375 0.118750 0.081250 0.168056
0 0.403125 0.225000 0.118750 0.219444
0 0.371094 0.287500 0.140625 0.244444
0 0.335938 0.381250 0.159375 0.306944
0 0.242969 0.644444 0.228125 0.494444
0 0.144922 0.790278 0.278906 0.408333
0 0.859375 0.784028 0.281250 0.401389
0 0.821875 0.634028 0.243750 0.481944
0 0.742969 0.369444 0.156250 0.305556
0 0.712109 0.269444 0.124219 0.230556
0 0.687500 0.210417 0.103125 0.206944
0 0.688281 0.055556 0.078125 0.055556
0 0.793359 0.039583 0.091406 0.045833
0 0.835938 0.146528 0.131250 0.106944
0 0.870313 0.190972 0.153125 0.087500
0 0.907813 0.275000 0.184375 0.133333
0 0.974609 0.493056 0.050781 0.191667
0 0.925391 0.061806 0.049219 0.120833
0 0.960156 0.077083 0.056250 0.143056
0 0.985547 0.120833 0.028906 0.183333
1 0.066406 0.335417 0.075000 0.120833
1 0.186719 0.200694 0.057813 0.090278
1 0.225391 0.159028 0.038281 0.068056
1 0.252344 0.129167 0.031250 0.066667
1 0.497656 0.168056 0.025000 0.163889
1 0.489844 0.206250 0.031250 0.168056
1 0.478125 0.249306 0.040625 0.176389
1 0.466016 0.395139 0.060156 0.254167
1 0.463281 0.468750 0.064062 0.284722
1 0.430469 0.551389 0.079687 0.283333
1 0.398047 0.780556 0.188281 0.219444
1 0.666797 0.938194 0.125781 0.118056
1 0.696094 0.804167 0.103125 0.283333
1 0.905469 0.138194 0.037500 0.087500
1 0.929688 0.171528 0.031250 0.081944
1 0.972656 0.217361 0.046875 0.106944
2 0.374609 0.691667 0.182031 0.330556
1 0.637500 0.567361 0.096875 0.337500
1 0.642969 0.432639 0.057813 0.248611
1 0.628906 0.365972 0.042188 0.226389
2 0.378125 0.788889 0.232813 0.411111
