0 0.082422 0.681944 0.160156 0.636111
0 0.131641 0.461111 0.249219 0.755556
0 0.162109 0.223611 0.294531 0.444444
0 0.932813 0.709722 0.134375 0.561111
0 0.874219 0.483333 0.239063 0.677778
0 0.824219 0.209028 0.285938 0.412500
0 0.964844 0.064583 0.070312 0.126389
0 0.334375 0.067361 0.045312 0.131944
0 0.639453 0.078472 0.066406 0.154167
1 0.364453 0.513194 0.188281 0.501389
1 0.392578 0.754861 0.244531 0.473611
1 0.260937 0.920139 0.081250 0.159722
1 0.374609 0.152083 0.082031 0.287500
1 0.396484 0.097222 0.064844 0.191667
2 0.328906 0.311806 0.184375 0.501389
2 0.655859 0.510417 0.485156 0.979167
2 0.553125 0.258333 0.129688 0.513889
