0 0.089844 0.236806 0.112500 0.156944
0 0.134766 0.197917 0.094531 0.143056
0 0.172266 0.165972 0.078906 0.126389
0 0.018359 0.337500 0.035156 0.200000
0 0.120313 0.397917 0.173437 0.134722
0 0.183594 0.329167 0.151562 0.125000
0 0.230859 0.259722 0.121094 0.100000
0 0.284375 0.161806 0.081250 0.056944
0 0.317578 0.135417 0.075781 0.045833
0 0.340625 0.115972 0.078125 0.048611
0 0.392969 0.195139 0.093750 0.134722
0 0.409375 0.168056 0.078125 0.125000
0 0.420703 0.134722 0.074219 0.105556
0 0.367969 0.311806 0.112500 0.206944
0 0.304688 0.479167 0.162500 0.305556
0 0.338281 0.388194 0.134375 0.256944
0 0.215625 0.727778 0.221875 0.450000
0 0.126172 0.851389 0.246094 0.297222
0 0.048438 0.599306 0.093750 0.184722
0 0.848828 0.832639 0.257031 0.334722
0 0.782422 0.700694 0.238281 0.481944
0 0.694141 0.430556 0.146094 0.280556
0 0.670703 0.366667 0.124219 0.269444
0 0.650391 0.305556 0.102344 0.238889
0 0.644531 0.138194 0.075000 0.056944
0 0.635156 0.105556 0.062500 0.041667
0 0.633594 0.084722 0.053125 0.036111
0 0.709766 0.079167 0.072656 0.041667
0 0.729688 0.099306 0.079687 0.043056
0 0.751953 0.125694 0.085156 0.059722
0 0.791016 0.216667 0.130469 0.108333
0 0.831250 0.272222 0.153125 0.113889
0 0.882812 0.347222 0.184375 0.150000
0 0.947266 0.538194 0.105469 0.193056
0 0.886328 0.122917 0.064844 0.143056
0 0.922266 0.151389 0.074219 0.163889
0 0.959766 0.186806 0.077344 0.184722
1 0.855469 0.201389 0.035937 0.097222
1 0.890625 0.236806 0.040625 0.112500
1 0.927344 0.284028 0.054688 0.129167
1 0.976172 0.361806 0.047656 0.134722
1 0.590234 0.376389 0.035156 0.097222
1 0.606641 0.650000 0.105469 0.341667
1 0.648438 0.863194 0.146875 0.270833
1 0.646094 0.976389 0.109375 0.047222
1 0.380078 0.877778 0.139844 0.244444
1 0.401953 0.641667 0.074219 0.294444
1 0.429688 0.552083 0.078125 0.301389
1 0.432812 0.479167 0.075000 0.255556
1 0.439453 0.338194 0.046094 0.201389
1 0.451953 0.289583 0.030469 0.173611
1 0.457813 0.255556 0.034375 0.166667
1 0.150391 0.291667 0.047656 0.069444
1 0.187891 0.246528 0.041406 0.051389
1 0.219922 0.221528 0.041406 0.068056
1 0.033203 0.447917 0.057031 0.118056
2 0.679297 0.783333 0.183594 0.402778
2 0.618750 0.504167 0.109375 0.294444
2 0.345703 0.805556 0.166406 0.375000
