2 0.661328 0.790972 0.160156 0.409722
2 0.326172 0.803472 0.183594 0.393056
2 0.616406 0.510417 0.120313 0.306944
0 0.098047 0.220833 0.096094 0.163889
0 0.129297 0.183333 0.091406 0.138889
0 0.167969 0.156944 0.078125 0.125000
0 0.014453 0.321528 0.027344 0.193056
0 0.220312 0.255556 0.120313 0.091667
0 0.179688 0.315972 0.150000 0.104167
0 0.119531 0.394444 0.196875 0.150000
0 0.209766 0.738194 0.260156 0.509722
0 0.129688 0.843056 0.229687 0.313889
0 0.302344 0.463194 0.167187 0.290278
0 0.334375 0.375000 0.128125 0.233333
0 0.357812 0.305556 0.128125 0.211111
0 0.395703 0.198611 0.082031 0.144444
0 0.407813 0.170139 0.073438 0.126389
0 0.420312 0.136111 0.071875 0.108333
0 0.286328 0.156944 0.080469 0.050000
0 0.314844 0.129861 0.073438 0.051389
0 0.331641 0.107639 0.069531 0.048611
0 0.648438 0.142361 0.085938 0.062500
0 0.637109 0.115278 0.072656 0.050000
0 0.629297 0.090972 0.057031 0.037500
0 0.710547 0.089583 0.072656 0.040278
0 0.728516 0.112500 0.083594 0.044444
0 0.748437 0.136806 0.085938 0.065278
0 0.644141 0.273611 0.100781 0.166667
0 0.664453 0.338194 0.116406 0.204167
0 0.690625 0.440278 0.134375 0.272222
0 0.776953 0.702778 0.230469 0.450000
0 0.829297 0.829861 0.244531 0.340278
0 0.942969 0.577778 0.114062 0.225000
0 0.871875 0.375000 0.189062 0.172222
0 0.821484 0.288194 0.158594 0.118056
0 0.782813 0.227083 0.131250 0.106944
0 0.880078 0.142361 0.058594 0.129167
0 0.918750 0.165278 0.067187 0.158333
0 0.960156 0.204861 0.067187 0.176389
1 0.851172 0.225000 0.036719 0.105556
1 0.883203 0.251389 0.039844 0.094444
1 0.919531 0.298611 0.057813 0.125000
1 0.974609 0.387500 0.050781 0.144444
1 0.455859 0.252083 0.025781 0.165278
1 0.451172 0.297222 0.024219 0.183333
1 0.438281 0.341667 0.042188 0.169444
1 0.426563 0.483333 0.071875 0.241667
1 0.423438 0.550000 0.062500 0.288889
1 0.390234 0.636806 0.089844 0.306944
1 0.371484 0.882639 0.150781 0.234722
1 0.630469 0.872917 0.139063 0.254167
1 0.599219 0.656250 0.114062 0.337500
1 0.581250 0.377083 0.029687 0.090278
1 0.142187 0.281250 0.053125 0.076389
1 0.183203 0.236111 0.046094 0.052778
1 0.211328 0.214583 0.035156 0.065278
1 0.030469 0.422222 0.054688 0.122222
