0 0.854297 0.709722 0.289844 0.580556
0 0.791016 0.527083 0.366406 0.673611
0 0.707812 0.245833 0.240625 0.397222
0 0.887891 0.164583 0.216406 0.254167
0 0.974609 0.079861 0.046094 0.156944
0 0.923828 0.056250 0.077344 0.109722
0 0.079297 0.606250 0.150781 0.751389
0 0.092188 0.331944 0.181250 0.541667
0 0.194141 0.134722 0.085156 0.266667
0 0.221484 0.080556 0.057031 0.158333
1 0.268359 0.146528 0.075781 0.276389
1 0.270703 0.205556 0.067969 0.300000
1 0.252344 0.262500 0.093750 0.283333
1 0.258203 0.620833 0.189844 0.505556
1 0.300000 0.813889 0.246875 0.372222
2 0.545312 0.509722 0.403125 0.972222
2 0.447656 0.265278 0.154688 0.527778
2 0.206641 0.427083 0.214844 0.476389
1 0.954297 0.156944 0.085156 0.088889
