0 0.082031 0.132639 0.100000 0.156944
0 0.132812 0.105556 0.081250 0.141667
0 0.172656 0.070139 0.068750 0.120833
0 0.021875 0.233333 0.042188 0.205556
0 0.285938 0.080556 0.078125 0.058333
0 0.306641 0.050694 0.072656 0.043056
0 0.334375 0.025000 0.081250 0.033333
0 0.420312 0.074306 0.068750 0.129167
0 0.412500 0.100694 0.068750 0.134722
0 0.397656 0.136806 0.075000 0.168056
0 0.366797 0.242361 0.097656 0.223611
0 0.335938 0.303472 0.125000 0.245833
0 0.299219 0.404861 0.156250 0.331944
0 0.203125 0.667361 0.225000 0.506944
0 0.136328 0.795139 0.271094 0.404167
0 0.043750 0.481944 0.085938 0.175000
0 0.104297 0.305556 0.169531 0.136111
0 0.171875 0.227778 0.140625 0.094444
0 0.218750 0.170833 0.131250 0.080556
0 0.651563 0.082639 0.084375 0.062500
0 0.653125 0.224306 0.112500 0.193056
0 0.672266 0.279167 0.124219 0.202778
0 0.694531 0.374306 0.146875 0.265278
0 0.773438 0.660417 0.237500 0.481944
0 0.848437 0.804167 0.303125 0.391667
0 0.746484 0.082639 0.092969 0.062500
0 0.784375 0.182639 0.126562 0.115278
0 0.826562 0.233333 0.150000 0.122222
0 0.878906 0.329167 0.175000 0.177778
0 0.942187 0.536806 0.115625 0.234722
0 0.958203 0.160417 0.066406 0.181944
0 0.917188 0.119444 0.062500 0.155556
0 0.881250 0.086806 0.059375 0.143056
1 0.135547 0.201389 0.049219 0.072222
1 0.179297 0.160417 0.041406 0.068056
1 0.208594 0.134028 0.028125 0.068056
1 0.458594 0.184028 0.021875 0.165278
1 0.450000 0.215278 0.028125 0.169444
1 0.434375 0.263889 0.040625 0.188889
1 0.426172 0.418056 0.063281 0.238889
1 0.419922 0.488889 0.069531 0.272222
1 0.384375 0.560417 0.075000 0.306944
1 0.337500 0.838194 0.190625 0.293056
1 0.592969 0.399306 0.062500 0.254167
1 0.606641 0.454167 0.057031 0.244444
1 0.598047 0.599306 0.097656 0.337500
1 0.657813 0.824306 0.128125 0.293056
1 0.624219 0.947917 0.129688 0.104167
1 0.857031 0.172917 0.043750 0.101389
1 0.884375 0.215278 0.037500 0.105556
1 0.928125 0.260417 0.059375 0.131944
1 0.975391 0.347917 0.049219 0.131944
2 0.325391 0.736806 0.172656 0.418056
1 0.030078 0.333333 0.058594 0.125000
2 0.223047 0.881250 0.239844 0.237500
1 0.309766 0.971528 0.035156 0.056944
