0 0.103125 0.176389 0.101562 0.158333
0 0.142969 0.142361 0.095312 0.145833
0 0.176953 0.121528 0.078906 0.129167
0 0.022266 0.273611 0.038281 0.188889
0 0.302344 0.119444 0.078125 0.050000
0 0.325000 0.094444 0.068750 0.044444
0 0.343750 0.070139 0.070312 0.043056
0 0.425781 0.109028 0.070312 0.129167
0 0.416797 0.138194 0.072656 0.137500
0 0.400000 0.168056 0.087500 0.152778
0 0.234766 0.218056 0.127344 0.102778
0 0.189844 0.278472 0.160938 0.123611
0 0.128906 0.353472 0.185938 0.154167
0 0.048828 0.541667 0.092969 0.188889
0 0.130078 0.817361 0.247656 0.365278
0 0.206250 0.700694 0.232813 0.498611
0 0.306641 0.430556 0.161719 0.316667
0 0.340625 0.345139 0.135937 0.256944
0 0.369922 0.275694 0.108594 0.229167
0 0.855078 0.823611 0.277344 0.352778
0 0.792969 0.690972 0.259375 0.490278
0 0.708203 0.420139 0.155469 0.298611
0 0.684375 0.329861 0.125000 0.240278
0 0.663672 0.254167 0.113281 0.188889
0 0.659375 0.116667 0.081250 0.061111
0 0.650391 0.088194 0.072656 0.037500
0 0.644531 0.064583 0.062500 0.043056
0 0.723047 0.063194 0.075781 0.037500
0 0.740625 0.079861 0.078125 0.034722
0 0.759766 0.112500 0.092969 0.058333
0 0.800000 0.208333 0.126562 0.105556
0 0.834375 0.270833 0.153125 0.125000
0 0.889062 0.351389 0.189062 0.169444
0 0.949219 0.550000 0.101562 0.200000
0 0.896094 0.116667 0.064062 0.138889
0 0.932813 0.151389 0.078125 0.166667
0 0.964063 0.186806 0.068750 0.181944
1 0.144141 0.254861 0.058594 0.093056
1 0.039844 0.379861 0.056250 0.123611
1 0.190625 0.193056 0.039062 0.061111
1 0.216406 0.181250 0.028125 0.070833
1 0.466406 0.225694 0.023438 0.156944
1 0.455859 0.261806 0.030469 0.170833
1 0.445703 0.308333 0.039844 0.180556
1 0.434766 0.449306 0.066406 0.256944
1 0.425000 0.518056 0.076563 0.280556
1 0.399219 0.613194 0.076563 0.318056
1 0.376563 0.859028 0.135937 0.259722
1 0.295703 0.973611 0.067969 0.052778
1 0.633594 0.971528 0.114062 0.056944
1 0.670703 0.859028 0.124219 0.281944
1 0.589063 0.613889 0.131250 0.344444
1 0.592969 0.343750 0.037500 0.076389
1 0.867969 0.207639 0.045312 0.104167
1 0.894922 0.231250 0.042969 0.098611
1 0.935547 0.283333 0.061719 0.125000
1 0.979297 0.372222 0.041406 0.144444
2 0.336719 0.789583 0.176563 0.390278
2 0.601172 0.563889 0.119531 0.450000
