0 0.081250 0.130556 0.100000 0.155556
0 0.131250 0.105556 0.081250 0.141667
0 0.168750 0.075694 0.068750 0.118056
0 0.283594 0.085417 0.078125 0.056944
0 0.306641 0.060417 0.072656 0.043056
0 0.333203 0.030556 0.082031 0.030556
0 0.418750 0.080556 0.068750 0.130556
0 0.412500 0.100694 0.068750 0.134722
0 0.396875 0.139583 0.075000 0.168056
0 0.366797 0.246528 0.097656 0.223611
0 0.335938 0.309028 0.125000 0.245833
0 0.299219 0.405556 0.156250 0.330556
0 0.203125 0.666667 0.225000 0.505556
0 0.136328 0.793056 0.271094 0.405556
0 0.043750 0.490278 0.085938 0.175000
0 0.104297 0.309722 0.169531 0.136111
0 0.168750 0.230556 0.140625 0.094444
0 0.217969 0.172917 0.131250 0.081944
0 0.642969 0.089583 0.084375 0.062500
0 0.648828 0.234028 0.113281 0.193056
0 0.667188 0.291667 0.125000 0.202778
0 0.687500 0.377083 0.146875 0.265278
0 0.773438 0.665278 0.237500 0.480556
0 0.846875 0.804167 0.303125 0.391667
0 0.742578 0.088194 0.092969 0.062500
0 0.783203 0.188194 0.125781 0.115278
0 0.821875 0.243056 0.150000 0.122222
0 0.877344 0.330556 0.175000 0.177778
0 0.940625 0.536806 0.115625 0.234722
0 0.954688 0.166667 0.065625 0.180556
0 0.912500 0.127778 0.062500 0.155556
0 0.875000 0.100694 0.059375 0.143056
1 0.135547 0.201389 0.049219 0.072222
1 0.179297 0.160417 0.041406 0.068056
1 0.208594 0.134028 0.028125 0.068056
1 0.453125 0.189583 0.021875 0.165278
1 0.447266 0.211806 0.022656 0.176389
1 0.434375 0.269444 0.040625 0.188889
1 0.425391 0.423611 0.067969 0.241667
1 0.416016 0.489583 0.071094 0.281944
1 0.384375 0.566667 0.075000 0.305556
1 0.339844 0.838194 0.190625 0.293056
1 0.591406 0.412500 0.064062 0.263889
1 0.608594 0.481944 0.067187 0.283333
1 0.595313 0.593750 0.096875 0.337500
1 0.657813 0.824306 0.128125 0.293056
1 0.624219 0.947917 0.129688 0.104167
1 0.856250 0.172917 0.043750 0.101389
1 0.887500 0.215972 0.043750 0.101389
1 0.928125 0.260417 0.059375 0.131944
1 0.975391 0.347917 0.049219 0.131944
2 0.325391 0.736806 0.172656 0.418056
2 0.223047 0.881250 0.239844 0.237500
1 0.309766 0.971528 0.035156 0.056944
2 0.036328 0.288889 0.067969 0.227778
