0 0.089844 0.237500 0.112500 0.158333
0 0.134766 0.198611 0.094531 0.144444
0 0.172656 0.167361 0.079687 0.126389
0 0.018750 0.337500 0.035937 0.200000
0 0.120313 0.397917 0.173437 0.134722
0 0.183594 0.329167 0.151562 0.125000
0 0.231250 0.261111 0.120313 0.100000
0 0.285156 0.163194 0.081250 0.056944
0 0.318359 0.135417 0.075781 0.045833
0 0.340625 0.117361 0.078125 0.048611
0 0.392188 0.204861 0.093750 0.134722
0 0.410156 0.169444 0.078125 0.125000
0 0.421484 0.142361 0.074219 0.106944
0 0.367969 0.312500 0.112500 0.208333
0 0.304688 0.479167 0.162500 0.305556
0 0.339062 0.388889 0.134375 0.255556
0 0.215625 0.727778 0.221875 0.450000
0 0.126172 0.851389 0.246094 0.297222
0 0.048438 0.599306 0.093750 0.184722
0 0.849609 0.832639 0.257031 0.334722
0 0.782422 0.702083 0.238281 0.481944
0 0.694531 0.431944 0.145313 0.280556
0 0.671484 0.366667 0.124219 0.269444
0 0.650391 0.306944 0.102344 0.238889
0 0.645312 0.138889 0.075000 0.058333
0 0.635547 0.105556 0.063281 0.041667
0 0.633594 0.086111 0.053125 0.036111
0 0.709766 0.079167 0.072656 0.041667
0 0.729688 0.100000 0.079687 0.041667
0 0.752734 0.127083 0.085156 0.059722
0 0.791016 0.217361 0.130469 0.109722
0 0.831250 0.273611 0.153125 0.113889
0 0.883203 0.348611 0.183594 0.150000
0 0.947266 0.538889 0.105469 0.194444
0 0.887109 0.123611 0.064844 0.144444
0 0.922656 0.151389 0.073438 0.163889
0 0.960156 0.187500 0.076563 0.186111
1 0.855469 0.201389 0.035937 0.097222
1 0.890625 0.236806 0.040625 0.112500
1 0.927344 0.284028 0.054688 0.129167
1 0.976172 0.361806 0.047656 0.134722
1 0.590625 0.376389 0.035937 0.097222
1 0.603516 0.643056 0.105469 0.341667
1 0.648438 0.864583 0.146875 0.270833
1 0.646094 0.976389 0.109375 0.047222
1 0.380859 0.878472 0.139844 0.243056
1 0.402734 0.642361 0.074219 0.293056
1 0.429688 0.553472 0.078125 0.301389
1 0.433203 0.479861 0.075781 0.254167
1 0.440234 0.339583 0.046094 0.201389
1 0.452734 0.290972 0.030469 0.173611
1 0.457813 0.256250 0.034375 0.165278
1 0.150391 0.292361 0.047656 0.068056
1 0.187891 0.246528 0.041406 0.051389
1 0.219922 0.222222 0.041406 0.069444
1 0.033984 0.447917 0.057031 0.118056
2 0.679297 0.784722 0.183594 0.402778
2 0.619531 0.504861 0.109375 0.295833
2 0.346484 0.806944 0.166406 0.375000
