0 0.049219 0.174306 0.096875 0.168056
0 0.096875 0.135417 0.090625 0.143056
0 0.139844 0.110417 0.075000 0.131944
0 0.259375 0.118056 0.081250 0.069444
0 0.286328 0.084028 0.088281 0.043056
0 0.298438 0.061806 0.062500 0.045833
0 0.200391 0.211806 0.141406 0.106944
0 0.153125 0.261806 0.153125 0.115278
0 0.081641 0.330556 0.161719 0.122222
0 0.172656 0.693056 0.225000 0.505556
0 0.101953 0.818056 0.202344 0.361111
0 0.267188 0.430556 0.165625 0.305556
0 0.303125 0.347917 0.128125 0.268056
0 0.330078 0.272917 0.113281 0.231944
0 0.359375 0.165278 0.090625 0.155556
0 0.378125 0.136806 0.075000 0.143056
0 0.393750 0.111806 0.068750 0.131944
0 0.612500 0.121528 0.081250 0.065278
0 0.615625 0.256944 0.090625 0.197222
0 0.640625 0.339583 0.109375 0.254167
0 0.673828 0.430556 0.152344 0.305556
0 0.756250 0.691667 0.256250 0.494444
0 0.832812 0.803472 0.331250 0.387500
0 0.917188 0.547917 0.162500 0.206944
0 0.843750 0.327778 0.181250 0.113889
0 0.792969 0.259028 0.140625 0.090278
0 0.755469 0.204167 0.120313 0.072222
0 0.719531 0.113194 0.096875 0.056944
0 0.854688 0.118056 0.062500 0.133333
0 0.887500 0.149306 0.068750 0.156944
0 0.925000 0.180556 0.068750 0.169444
0 0.977344 0.257639 0.045312 0.209722
1 0.847266 0.234028 0.038281 0.090278
1 0.820703 0.196528 0.035156 0.093056
1 0.889844 0.293056 0.056250 0.144444
1 0.951562 0.368056 0.075000 0.144444
1 0.568750 0.427778 0.059375 0.247222
1 0.575000 0.505556 0.062500 0.291667
1 0.568750 0.629167 0.093750 0.330556
1 0.639844 0.838889 0.146875 0.272222
1 0.600000 0.949306 0.131250 0.095833
1 0.313672 0.855556 0.207031 0.288889
1 0.105469 0.236806 0.056250 0.076389
1 0.150391 0.186806 0.044531 0.056944
1 0.179297 0.168056 0.027344 0.055556
2 0.285938 0.766667 0.187500 0.402778
2 0.194922 0.879167 0.178906 0.230556
1 0.412891 0.302778 0.044531 0.175000
1 0.418750 0.249306 0.034375 0.165278
1 0.429688 0.218056 0.025000 0.155556
1 0.384375 0.634028 0.112500 0.337500
1 0.400000 0.474306 0.068750 0.234722
2 0.340625 0.495139 0.137500 0.387500
1 0.991016 0.386806 0.017969 0.106944
1 0.398438 0.388889 0.043750 0.175000
