0 0.114062 0.163889 0.109375 0.163889
0 0.161719 0.129167 0.093750 0.144444
0 0.193750 0.104167 0.081250 0.130556
0 0.026953 0.275000 0.052344 0.225000
0 0.140625 0.345833 0.171875 0.155556
0 0.051953 0.536111 0.102344 0.194444
0 0.203125 0.268056 0.140625 0.119444
0 0.251563 0.207639 0.128125 0.101389
0 0.316016 0.100000 0.083594 0.047222
0 0.338281 0.075694 0.078125 0.037500
0 0.356250 0.050694 0.071875 0.043056
0 0.441797 0.099306 0.063281 0.131944
0 0.428125 0.124306 0.075000 0.137500
0 0.418750 0.158333 0.081250 0.169444
0 0.379688 0.263194 0.118750 0.218056
0 0.353125 0.325694 0.140625 0.243056
0 0.319531 0.415972 0.159375 0.306944
0 0.218750 0.681944 0.228125 0.494444
0 0.141016 0.809028 0.280469 0.381944
0 0.859375 0.805556 0.281250 0.388889
0 0.801172 0.668056 0.244531 0.480556
0 0.724219 0.403472 0.156250 0.304167
0 0.697266 0.312500 0.124219 0.230556
0 0.673438 0.248611 0.106250 0.205556
0 0.665625 0.095833 0.078125 0.055556
0 0.660937 0.065972 0.068750 0.043056
0 0.660547 0.047222 0.063281 0.044444
0 0.729688 0.036111 0.075000 0.030556
0 0.753125 0.061806 0.078125 0.037500
0 0.777734 0.087500 0.089844 0.047222
0 0.807813 0.190972 0.131250 0.106944
0 0.853516 0.232639 0.153906 0.087500
0 0.905469 0.315972 0.184375 0.134722
0 0.949219 0.530556 0.101562 0.211111
0 0.906250 0.100000 0.062500 0.150000
0 0.946875 0.124306 0.075000 0.156944
0 0.972266 0.159028 0.055469 0.181944
1 0.037891 0.361806 0.074219 0.120833
1 0.160547 0.227083 0.057031 0.073611
1 0.203125 0.175694 0.034375 0.048611
1 0.232813 0.159028 0.031250 0.065278
1 0.482422 0.193056 0.024219 0.161111
1 0.475000 0.240278 0.031250 0.169444
1 0.460938 0.289583 0.040625 0.176389
1 0.444531 0.434722 0.071875 0.258333
1 0.442188 0.504167 0.068750 0.283333
1 0.407813 0.587500 0.084375 0.291667
1 0.373047 0.854167 0.183594 0.291667
1 0.314063 0.957639 0.081250 0.084722
1 0.652734 0.954167 0.132031 0.091667
1 0.676172 0.840278 0.107031 0.297222
1 0.881641 0.179861 0.036719 0.087500
1 0.908594 0.213194 0.031250 0.081944
1 0.954297 0.265278 0.058594 0.130556
1 0.988281 0.302778 0.018750 0.044444
2 0.353125 0.766667 0.171875 0.425000
2 0.570703 0.515278 0.100781 0.686111
1 0.622656 0.583333 0.059375 0.236111
