0 0.063672 0.147917 0.100781 0.170833
0 0.110937 0.108333 0.090625 0.144444
0 0.146875 0.084722 0.075000 0.130556
0 0.267578 0.101389 0.082031 0.072222
0 0.294922 0.063194 0.082031 0.040278
0 0.312500 0.051389 0.062500 0.047222
0 0.205859 0.193056 0.141406 0.102778
0 0.158984 0.250694 0.169531 0.131944
0 0.084375 0.322222 0.167187 0.155556
0 0.174219 0.672917 0.226562 0.509722
0 0.104297 0.810417 0.207031 0.379167
0 0.267969 0.405556 0.165625 0.308333
0 0.312500 0.320139 0.128125 0.265278
0 0.339062 0.257639 0.112500 0.229167
0 0.368750 0.155556 0.090625 0.155556
0 0.391406 0.122917 0.075000 0.143056
0 0.405469 0.096528 0.068750 0.131944
0 0.632031 0.102083 0.078125 0.037500
0 0.623437 0.261111 0.090625 0.197222
0 0.648438 0.338194 0.109375 0.251389
0 0.682813 0.434028 0.153125 0.309722
0 0.757422 0.716667 0.257031 0.494444
0 0.821875 0.813889 0.287500 0.347222
0 0.926562 0.564583 0.146875 0.220833
0 0.860938 0.326389 0.181250 0.113889
0 0.807422 0.258333 0.141406 0.088889
0 0.763281 0.213889 0.125000 0.105556
0 0.733984 0.120833 0.086719 0.069444
0 0.867578 0.128472 0.061719 0.134722
0 0.899219 0.162500 0.068750 0.155556
0 0.933984 0.194444 0.069531 0.169444
0 0.981250 0.263194 0.037500 0.206944
1 0.833203 0.200000 0.030469 0.088889
1 0.859375 0.234722 0.034375 0.091667
1 0.901172 0.298611 0.055469 0.144444
1 0.962500 0.388194 0.075000 0.145833
1 0.563281 0.409722 0.040625 0.205556
1 0.582422 0.475694 0.058594 0.231944
1 0.578516 0.618750 0.094531 0.331944
1 0.641797 0.847222 0.146094 0.272222
1 0.604688 0.961806 0.121875 0.070833
1 0.350391 0.847222 0.121094 0.286111
1 0.373047 0.594444 0.072656 0.280556
1 0.113281 0.214583 0.056250 0.076389
1 0.156250 0.175000 0.037500 0.055556
1 0.186328 0.144444 0.028906 0.055556
2 0.291016 0.758333 0.186719 0.402778
2 0.206641 0.877778 0.178906 0.230556
1 0.404297 0.500694 0.075781 0.293056
1 0.406250 0.425694 0.071875 0.268056
1 0.411328 0.279167 0.044531 0.175000
1 0.422266 0.246528 0.033594 0.165278
2 0.481250 0.409722 0.115625 0.641667
1 0.438672 0.206944 0.025781 0.158333
