0 0.076953 0.190972 0.125781 0.151389
0 0.124219 0.161111 0.089063 0.130556
0 0.151953 0.132639 0.078906 0.118056
0 0.150781 0.720833 0.287500 0.486111
0 0.130859 0.834028 0.257031 0.331944
0 0.278906 0.444444 0.179688 0.302778
0 0.310156 0.352778 0.157812 0.247222
0 0.340234 0.289583 0.142969 0.226389
0 0.118359 0.387500 0.192969 0.169444
0 0.184375 0.301389 0.148438 0.138889
0 0.225391 0.238889 0.121094 0.105556
0 0.290234 0.138889 0.071094 0.072222
0 0.376563 0.178472 0.100000 0.151389
0 0.396875 0.141667 0.076563 0.125000
0 0.402734 0.118750 0.071094 0.118056
0 0.329688 0.104861 0.056250 0.081944
0 0.787109 0.704861 0.277344 0.512500
0 0.842578 0.820833 0.310156 0.358333
0 0.707422 0.423611 0.185156 0.313889
0 0.662500 0.341667 0.134375 0.244444
0 0.640625 0.272222 0.107813 0.219444
0 0.758594 0.209722 0.093750 0.122222
0 0.814844 0.270833 0.156250 0.130556
0 0.871484 0.334028 0.189844 0.173611
0 0.934375 0.518750 0.131250 0.190278
0 0.640234 0.121528 0.088281 0.070833
0 0.630859 0.089583 0.071094 0.054167
0 0.624609 0.060417 0.064844 0.043056
0 0.691016 0.046528 0.057031 0.020833
0 0.709375 0.068056 0.060937 0.025000
0 0.739062 0.118056 0.084375 0.077778
0 0.881641 0.102778 0.080469 0.144444
0 0.930078 0.134028 0.096094 0.154167
0 0.954688 0.169444 0.090625 0.169444
1 0.636719 0.863194 0.087500 0.273611
1 0.593750 0.631250 0.095312 0.326389
1 0.596875 0.470139 0.056250 0.195833
1 0.584766 0.387500 0.044531 0.144444
1 0.384766 0.871528 0.099219 0.256944
1 0.429297 0.642361 0.102344 0.348611
1 0.425391 0.334722 0.042969 0.144444
1 0.440625 0.298611 0.032813 0.127778
1 0.448047 0.250000 0.030469 0.130556
1 0.839453 0.190278 0.024219 0.105556
1 0.867188 0.220139 0.031250 0.087500
1 0.902344 0.259722 0.034375 0.111111
2 0.339062 0.773611 0.154688 0.394444
2 0.391797 0.480556 0.091406 0.347222
2 0.253906 0.147222 0.076563 0.116667
