0 0.120313 0.144444 0.109375 0.163889
0 0.164844 0.115278 0.093750 0.144444
0 0.196875 0.091667 0.081250 0.130556
0 0.026953 0.258333 0.052344 0.225000
0 0.143750 0.327083 0.171875 0.156944
0 0.051953 0.515278 0.102344 0.194444
0 0.205469 0.250694 0.140625 0.118056
0 0.253906 0.185417 0.128125 0.101389
0 0.322266 0.084722 0.083594 0.044444
0 0.339062 0.061806 0.078125 0.037500
0 0.362500 0.036806 0.071875 0.043056
0 0.446484 0.077778 0.063281 0.130556
0 0.434375 0.109028 0.075000 0.137500
0 0.424219 0.144444 0.081250 0.169444
0 0.385937 0.240278 0.118750 0.219444
0 0.357031 0.311111 0.140625 0.244444
0 0.325000 0.395833 0.159375 0.308333
0 0.230469 0.663889 0.228125 0.494444
0 0.140625 0.796528 0.279687 0.381944
0 0.859375 0.805556 0.281250 0.388889
0 0.804297 0.659722 0.244531 0.480556
0 0.727344 0.392361 0.156250 0.306944
0 0.700391 0.293056 0.124219 0.230556
0 0.676562 0.229861 0.106250 0.206944
0 0.679688 0.077778 0.078125 0.055556
0 0.671875 0.046528 0.068750 0.043056
0 0.657813 0.029167 0.062500 0.044444
0 0.743750 0.019444 0.075000 0.030556
0 0.762500 0.045139 0.078125 0.037500
0 0.787500 0.072917 0.090625 0.045833
0 0.815625 0.172222 0.131250 0.105556
0 0.854297 0.214583 0.153906 0.087500
0 0.905469 0.297222 0.184375 0.133333
0 0.949219 0.526389 0.101562 0.211111
0 0.917969 0.084028 0.062500 0.148611
0 0.954688 0.113194 0.075000 0.156944
0 0.972266 0.151389 0.055469 0.180556
1 0.048828 0.352778 0.074219 0.122222
1 0.164844 0.215972 0.056250 0.079167
1 0.206250 0.178472 0.034375 0.048611
1 0.238281 0.152083 0.031250 0.065278
1 0.482812 0.191667 0.025000 0.163889
1 0.475000 0.240278 0.031250 0.169444
1 0.460938 0.288194 0.040625 0.176389
1 0.443750 0.433333 0.071875 0.258333
1 0.446875 0.443750 0.059375 0.193056
1 0.408203 0.539583 0.072656 0.234722
1 0.372266 0.912500 0.169531 0.175000
1 0.314063 0.957639 0.081250 0.084722
1 0.658594 0.954167 0.131250 0.091667
1 0.675000 0.830556 0.103125 0.283333
1 0.885547 0.163194 0.036719 0.087500
1 0.917188 0.190972 0.031250 0.081944
1 0.959766 0.252778 0.058594 0.130556
2 0.352344 0.748611 0.171875 0.425000
1 0.635156 0.577083 0.095312 0.304167
1 0.629297 0.446528 0.058594 0.212500
1 0.613672 0.350000 0.044531 0.138889
2 0.512891 0.683333 0.225781 0.633333
