0 0.122266 0.143056 0.110156 0.163889
0 0.166406 0.115278 0.093750 0.144444
0 0.202344 0.089583 0.081250 0.131944
0 0.026953 0.262500 0.052344 0.225000
0 0.145703 0.326389 0.172656 0.158333
0 0.051953 0.513194 0.102344 0.193056
0 0.207031 0.245833 0.140625 0.119444
0 0.251172 0.188194 0.127344 0.101389
0 0.319922 0.084028 0.083594 0.043056
0 0.345313 0.060417 0.078125 0.037500
0 0.364063 0.040278 0.071875 0.044444
0 0.448437 0.082639 0.062500 0.131944
0 0.436719 0.110417 0.075000 0.137500
0 0.424219 0.144444 0.081250 0.169444
0 0.388281 0.249306 0.118750 0.218056
0 0.359375 0.311806 0.140625 0.243056
0 0.327344 0.400000 0.159375 0.308333
0 0.235156 0.658333 0.228125 0.494444
0 0.139453 0.796528 0.277344 0.381944
0 0.859375 0.805556 0.281250 0.388889
0 0.804297 0.658333 0.244531 0.480556
0 0.727344 0.391667 0.156250 0.305556
0 0.700391 0.291667 0.124219 0.230556
0 0.675000 0.229167 0.106250 0.205556
0 0.675781 0.081944 0.078125 0.055556
0 0.671875 0.046528 0.068750 0.043056
0 0.662500 0.030556 0.062500 0.044444
0 0.739844 0.018056 0.075000 0.030556
0 0.762500 0.045139 0.078125 0.037500
0 0.787500 0.072917 0.090625 0.045833
0 0.815625 0.169444 0.131250 0.105556
0 0.854297 0.211806 0.153906 0.087500
0 0.905469 0.294444 0.184375 0.133333
0 0.949219 0.519444 0.101562 0.211111
0 0.917969 0.084028 0.062500 0.148611
0 0.954688 0.111806 0.075000 0.156944
0 0.972266 0.149306 0.055469 0.181944
1 0.048438 0.355556 0.075000 0.122222
1 0.164844 0.224306 0.056250 0.079167
1 0.206250 0.184028 0.034375 0.048611
1 0.237500 0.154167 0.031250 0.066667
1 0.481250 0.191667 0.025000 0.163889
1 0.475000 0.240278 0.031250 0.169444
1 0.460938 0.286806 0.040625 0.176389
1 0.452344 0.418056 0.071875 0.258333
1 0.448437 0.488194 0.064062 0.284722
1 0.414453 0.557639 0.088281 0.276389
1 0.376953 0.845139 0.178906 0.309722
1 0.658594 0.954167 0.131250 0.091667
1 0.677344 0.829167 0.103125 0.283333
1 0.885547 0.161806 0.036719 0.087500
1 0.917188 0.190278 0.031250 0.080556
1 0.959766 0.252778 0.058594 0.130556
2 0.356641 0.710417 0.182031 0.331944
1 0.625781 0.595139 0.096875 0.337500
1 0.631641 0.452083 0.053906 0.223611
1 0.614453 0.384028 0.042969 0.209722
2 0.315234 0.794444 0.282031 0.411111
