0 0.101172 0.192361 0.102344 0.159722
0 0.135937 0.159028 0.096875 0.143056
0 0.175391 0.131944 0.077344 0.127778
0 0.016016 0.298611 0.030469 0.213889
0 0.118359 0.374306 0.177344 0.159722
0 0.181641 0.295833 0.146094 0.119444
0 0.227344 0.234028 0.121875 0.101389
0 0.296094 0.135417 0.090625 0.056944
0 0.317969 0.112500 0.081250 0.050000
0 0.332813 0.090972 0.062500 0.045833
0 0.040625 0.559028 0.079687 0.187500
0 0.116406 0.825694 0.231250 0.348611
0 0.180859 0.712500 0.271094 0.500000
0 0.300000 0.438889 0.162500 0.288889
0 0.328125 0.350694 0.145313 0.243056
0 0.357812 0.286111 0.121875 0.202778
0 0.394141 0.185417 0.086719 0.156944
0 0.409375 0.156250 0.076563 0.137500
0 0.419531 0.127778 0.071875 0.127778
0 0.648438 0.136806 0.081250 0.056944
0 0.638281 0.104167 0.071875 0.044444
0 0.631641 0.078472 0.058594 0.031944
0 0.708984 0.075694 0.072656 0.040278
0 0.728516 0.095833 0.078906 0.036111
0 0.751563 0.128472 0.089063 0.056944
0 0.789453 0.221528 0.128906 0.104167
0 0.823047 0.277083 0.153906 0.115278
0 0.874219 0.347917 0.193750 0.131944
0 0.942187 0.565972 0.115625 0.220833
0 0.781641 0.694444 0.260156 0.466667
0 0.851172 0.826389 0.291406 0.347222
0 0.696875 0.409722 0.143750 0.250000
0 0.671875 0.343750 0.125000 0.231944
0 0.653516 0.274306 0.114844 0.195833
0 0.884375 0.136111 0.060937 0.141667
0 0.923047 0.161806 0.077344 0.159722
0 0.958594 0.198611 0.078125 0.172222
1 0.854688 0.227778 0.043750 0.105556
1 0.884766 0.257639 0.038281 0.101389
1 0.923438 0.305556 0.056250 0.130556
1 0.972656 0.400000 0.053125 0.150000
1 0.581641 0.379167 0.033594 0.097222
1 0.592187 0.618056 0.093750 0.294444
1 0.579297 0.893056 0.210156 0.211111
1 0.619922 0.974306 0.083594 0.045833
1 0.344141 0.865972 0.197656 0.254167
1 0.287891 0.982639 0.061719 0.023611
1 0.389062 0.622917 0.087500 0.312500
1 0.415625 0.530556 0.081250 0.286111
1 0.429688 0.462500 0.070312 0.258333
1 0.435547 0.322917 0.049219 0.170833
1 0.448828 0.272222 0.033594 0.161111
1 0.457422 0.240278 0.030469 0.155556
1 0.137891 0.270139 0.058594 0.090278
1 0.180078 0.218056 0.046094 0.075000
1 0.208594 0.208333 0.034375 0.072222
1 0.030469 0.418056 0.053125 0.130556
2 0.312891 0.801389 0.199219 0.388889
2 0.622656 0.793056 0.262500 0.397222
2 0.613672 0.484028 0.121094 0.298611
