0 0.113281 0.804861 0.218750 0.390278
0 0.148047 0.680556 0.288281 0.494444
0 0.275391 0.415278 0.178906 0.305556
0 0.309375 0.328472 0.154688 0.251389
0 0.339453 0.265972 0.132031 0.229167
0 0.381641 0.150694 0.085156 0.168056
0 0.399219 0.122917 0.078125 0.148611
0 0.411719 0.101389 0.065625 0.144444
0 0.114844 0.351389 0.182812 0.200000
0 0.178125 0.270833 0.121875 0.144444
0 0.218359 0.207639 0.125781 0.115278
0 0.078125 0.147917 0.129688 0.154167
0 0.122656 0.117361 0.110937 0.148611
0 0.154688 0.090972 0.100000 0.131944
0 0.777734 0.709722 0.278906 0.527778
0 0.834375 0.820139 0.325000 0.359722
0 0.707812 0.416667 0.195312 0.311111
0 0.666016 0.327778 0.139844 0.261111
0 0.648047 0.265278 0.111719 0.208333
0 0.642969 0.122222 0.089063 0.083333
0 0.635547 0.104167 0.078906 0.097222
0 0.735938 0.112500 0.073438 0.069444
0 0.717969 0.077778 0.059375 0.058333
0 0.758984 0.209722 0.100781 0.119444
0 0.815625 0.270833 0.150000 0.136111
0 0.860156 0.352778 0.201563 0.183333
0 0.890234 0.118750 0.075781 0.145833
0 0.926172 0.150694 0.094531 0.148611
0 0.959766 0.188194 0.080469 0.168056
1 0.842578 0.199306 0.032031 0.090278
1 0.871094 0.228472 0.021875 0.104167
1 0.909766 0.280556 0.039844 0.119444
1 0.628906 0.850000 0.093750 0.286111
1 0.598047 0.611806 0.107031 0.334722
1 0.591797 0.434722 0.052344 0.169444
1 0.579688 0.384028 0.045312 0.159722
1 0.376172 0.859028 0.107031 0.281944
1 0.415625 0.615278 0.118750 0.330556
1 0.417969 0.400000 0.048438 0.163889
1 0.428516 0.306944 0.033594 0.133333
1 0.442188 0.269444 0.023438 0.136111
2 0.328125 0.753472 0.173437 0.409722
2 0.275781 0.915972 0.165625 0.168056
2 0.375781 0.477778 0.126562 0.308333
2 0.285547 0.106944 0.057031 0.097222
