0 0.091797 0.193056 0.102344 0.158333
0 0.136719 0.162500 0.096875 0.144444
0 0.176563 0.134722 0.078125 0.127778
0 0.016016 0.297222 0.030469 0.213889
0 0.117188 0.375694 0.178125 0.159722
0 0.179688 0.294444 0.146875 0.119444
0 0.230469 0.238194 0.121875 0.101389
0 0.298438 0.138194 0.090625 0.056944
0 0.318359 0.112500 0.082031 0.050000
0 0.333594 0.089583 0.062500 0.045833
0 0.039844 0.559028 0.078125 0.187500
0 0.124219 0.825000 0.246875 0.350000
0 0.187891 0.713889 0.271094 0.500000
0 0.299219 0.439583 0.162500 0.290278
0 0.333594 0.356944 0.145313 0.244444
0 0.362500 0.287500 0.121875 0.202778
0 0.394141 0.185417 0.086719 0.156944
0 0.408203 0.153472 0.077344 0.137500
0 0.421094 0.131944 0.071875 0.127778
0 0.650000 0.131250 0.081250 0.056944
0 0.640625 0.100694 0.071875 0.043056
0 0.632031 0.077778 0.059375 0.030556
0 0.710547 0.081250 0.072656 0.040278
0 0.728125 0.097222 0.078125 0.036111
0 0.752344 0.129861 0.089063 0.056944
0 0.785937 0.228472 0.128125 0.104167
0 0.823828 0.284028 0.153906 0.115278
0 0.875000 0.348611 0.193750 0.130556
0 0.940625 0.572917 0.115625 0.220833
0 0.791016 0.697222 0.260156 0.466667
0 0.851172 0.826389 0.291406 0.347222
0 0.699219 0.413194 0.143750 0.251389
0 0.675000 0.343750 0.125000 0.231944
0 0.657813 0.274306 0.115625 0.195833
0 0.881641 0.138889 0.060156 0.141667
0 0.919531 0.170139 0.078125 0.159722
0 0.957422 0.197222 0.077344 0.169444
1 0.858594 0.221528 0.043750 0.106944
1 0.887891 0.249306 0.038281 0.101389
1 0.925000 0.290278 0.056250 0.130556
1 0.971875 0.398611 0.053125 0.150000
1 0.585547 0.374306 0.033594 0.095833
1 0.583203 0.886806 0.213281 0.218056
1 0.628906 0.975694 0.101562 0.048611
1 0.342969 0.868056 0.195312 0.247222
1 0.291406 0.980556 0.068750 0.038889
1 0.387500 0.620833 0.087500 0.305556
1 0.414453 0.532639 0.083594 0.287500
1 0.428906 0.463194 0.062500 0.259722
1 0.435937 0.313194 0.046875 0.187500
1 0.450000 0.271528 0.031250 0.173611
1 0.461719 0.240972 0.025000 0.159722
1 0.145313 0.259028 0.059375 0.090278
1 0.181250 0.218056 0.046875 0.075000
1 0.212500 0.193056 0.034375 0.072222
1 0.030469 0.399306 0.053125 0.131944
2 0.316016 0.802083 0.192969 0.393056
2 0.549609 0.629167 0.150781 0.727778
2 0.607031 0.501389 0.107813 0.325000
