0 0.133984 0.697917 0.266406 0.518056
0 0.120313 0.814583 0.234375 0.368056
0 0.259375 0.431944 0.181250 0.308333
0 0.298047 0.348611 0.155469 0.258333
0 0.325391 0.280556 0.132031 0.227778
0 0.097266 0.356250 0.185156 0.181944
0 0.161719 0.283333 0.159375 0.133333
0 0.214453 0.223611 0.125781 0.122222
0 0.371094 0.172917 0.084375 0.154167
0 0.383203 0.140278 0.078906 0.147222
0 0.401172 0.111806 0.061719 0.120833
0 0.279687 0.123611 0.078125 0.069444
0 0.300000 0.100694 0.070312 0.054167
0 0.319531 0.062500 0.057813 0.033333
0 0.061328 0.162500 0.113281 0.163889
0 0.106250 0.126389 0.103125 0.147222
0 0.144531 0.100694 0.085938 0.134722
0 0.833203 0.827083 0.333594 0.343056
0 0.762109 0.730556 0.271094 0.519444
0 0.679297 0.443750 0.164844 0.295833
0 0.651563 0.359028 0.126562 0.240278
0 0.633203 0.292361 0.107031 0.231944
0 0.626953 0.145139 0.082031 0.081944
0 0.621094 0.113194 0.071875 0.048611
0 0.618750 0.075694 0.065625 0.043056
0 0.685156 0.071528 0.050000 0.020833
0 0.700000 0.093056 0.062500 0.027778
0 0.729297 0.141667 0.089844 0.075000
0 0.761719 0.232639 0.134375 0.118056
0 0.801953 0.307639 0.147656 0.148611
0 0.853125 0.390972 0.173437 0.184722
0 0.924609 0.577083 0.150781 0.198611
0 0.863281 0.150694 0.064062 0.145833
0 0.903125 0.186806 0.078125 0.145833
0 0.948828 0.229167 0.097656 0.186111
1 0.828516 0.241667 0.027344 0.102778
1 0.856250 0.268056 0.026562 0.083333
1 0.901172 0.314583 0.057031 0.123611
1 0.564844 0.390972 0.045312 0.118056
1 0.575781 0.468056 0.048438 0.138889
1 0.580859 0.640278 0.111719 0.330556
1 0.605859 0.865278 0.088281 0.269444
1 0.370703 0.870833 0.063281 0.258333
1 0.419531 0.643056 0.128125 0.291667
1 0.413672 0.325694 0.042969 0.115278
1 0.425781 0.282639 0.032813 0.106944
1 0.435156 0.227083 0.021875 0.129167
2 0.312109 0.773611 0.153906 0.405556
2 0.401172 0.495833 0.175781 0.350000
2 0.233984 0.106944 0.063281 0.102778
