0 0.109375 0.122917 0.100000 0.156944
0 0.153125 0.088194 0.081250 0.143056
0 0.189453 0.066667 0.069531 0.122222
0 0.022266 0.224306 0.042969 0.206944
0 0.310156 0.074306 0.078125 0.059722
0 0.335156 0.047917 0.071875 0.043056
0 0.352344 0.029167 0.065625 0.041667
0 0.435156 0.072917 0.070312 0.129167
0 0.428516 0.096528 0.069531 0.137500
0 0.413281 0.134028 0.075000 0.168056
0 0.380859 0.235417 0.097656 0.223611
0 0.352344 0.299306 0.126562 0.245833
0 0.311328 0.393056 0.155469 0.330556
0 0.212500 0.660417 0.225000 0.506944
0 0.136719 0.790278 0.271875 0.419444
0 0.045703 0.477083 0.089844 0.184722
0 0.125000 0.294444 0.168750 0.136111
0 0.192188 0.218056 0.140625 0.091667
0 0.243359 0.163194 0.132031 0.081944
0 0.665625 0.088194 0.084375 0.062500
0 0.673438 0.230556 0.112500 0.194444
0 0.689844 0.288194 0.123438 0.201389
0 0.712500 0.380556 0.146875 0.263889
0 0.784766 0.666667 0.236719 0.483333
0 0.831641 0.801389 0.260156 0.397222
0 0.767969 0.090972 0.092188 0.062500
0 0.805469 0.191667 0.126562 0.113889
0 0.843750 0.255556 0.153125 0.147222
0 0.898047 0.334028 0.175781 0.176389
0 0.951953 0.534722 0.094531 0.200000
0 0.970313 0.168056 0.054688 0.175000
0 0.942578 0.136806 0.063281 0.156944
0 0.907422 0.109028 0.060156 0.143056
1 0.161328 0.193056 0.049219 0.072222
1 0.203125 0.159028 0.040625 0.068056
1 0.226562 0.136806 0.028125 0.068056
1 0.476562 0.188194 0.021875 0.165278
1 0.466406 0.230556 0.028125 0.169444
1 0.454688 0.268056 0.040625 0.188889
1 0.441797 0.416667 0.064844 0.255556
1 0.434766 0.484722 0.072656 0.288889
1 0.405078 0.568056 0.074219 0.305556
1 0.406250 0.779167 0.090625 0.180556
1 0.611719 0.405556 0.062500 0.252778
1 0.619141 0.468056 0.057031 0.241667
1 0.605859 0.590972 0.097656 0.337500
1 0.669922 0.840278 0.127344 0.294444
1 0.634766 0.957639 0.124219 0.084722
1 0.873828 0.180556 0.030469 0.083333
1 0.904687 0.216667 0.037500 0.105556
1 0.942969 0.268056 0.057813 0.130556
1 0.985938 0.372917 0.028125 0.145833
2 0.338672 0.718056 0.172656 0.366667
2 0.362500 0.804167 0.259375 0.391667
1 0.039062 0.329167 0.070312 0.116667
