0 0.836328 0.818750 0.313281 0.348611
0 0.784375 0.707639 0.275000 0.512500
0 0.702734 0.425694 0.169531 0.301389
0 0.678516 0.337500 0.146094 0.233333
0 0.653125 0.274306 0.110937 0.215278
0 0.646875 0.143056 0.090625 0.119444
0 0.637500 0.112500 0.073438 0.102778
0 0.630469 0.083333 0.062500 0.083333
0 0.698828 0.088889 0.053906 0.100000
0 0.717969 0.124306 0.064062 0.109722
0 0.750391 0.159028 0.107031 0.106944
0 0.768750 0.220139 0.109375 0.104167
0 0.810937 0.284028 0.148438 0.143056
0 0.864453 0.369444 0.189844 0.175000
0 0.113281 0.813889 0.215625 0.366667
0 0.151953 0.686111 0.300781 0.500000
0 0.284375 0.420833 0.175000 0.313889
0 0.311328 0.352083 0.163281 0.284722
0 0.339453 0.272917 0.141406 0.234722
0 0.108984 0.402778 0.174219 0.275000
0 0.173437 0.322917 0.137500 0.226389
0 0.231250 0.247917 0.134375 0.179167
0 0.080078 0.157639 0.116406 0.159722
0 0.123828 0.125694 0.096094 0.134722
0 0.157031 0.104167 0.087500 0.130556
0 0.389844 0.163194 0.076563 0.156944
0 0.402734 0.134722 0.074219 0.136111
0 0.413281 0.106944 0.060937 0.133333
0 0.296094 0.120139 0.079687 0.070833
0 0.316406 0.101389 0.062500 0.083333
0 0.338281 0.085417 0.056250 0.098611
0 0.886719 0.129861 0.067187 0.145833
0 0.921094 0.156250 0.078125 0.140278
0 0.960156 0.198611 0.079687 0.175000
1 0.587891 0.631944 0.077344 0.316667
1 0.626172 0.869444 0.083594 0.255556
1 0.592969 0.473611 0.042188 0.188889
1 0.578906 0.412500 0.046875 0.188889
1 0.382031 0.863194 0.084375 0.273611
1 0.410547 0.633333 0.114844 0.311111
1 0.417969 0.420139 0.051562 0.190278
1 0.428125 0.323611 0.035937 0.127778
1 0.432422 0.299306 0.035156 0.151389
1 0.448437 0.231250 0.021875 0.156944
2 0.218750 0.793750 0.264062 0.390278
2 0.325000 0.765278 0.162500 0.411111
2 0.377734 0.498611 0.127344 0.327778
2 0.386328 0.143750 0.071094 0.159722
