0 0.124609 0.804861 0.246094 0.390278
0 0.153125 0.681250 0.296875 0.504167
0 0.285156 0.420833 0.189062 0.311111
0 0.314844 0.336111 0.162500 0.283333
0 0.346875 0.267361 0.135937 0.237500
0 0.386719 0.156944 0.107813 0.161111
0 0.396875 0.118056 0.089063 0.138889
0 0.409766 0.093750 0.092969 0.145833
0 0.131641 0.341667 0.183594 0.172222
0 0.187109 0.276389 0.157031 0.155556
0 0.237891 0.202083 0.121094 0.109722
0 0.298047 0.115278 0.089844 0.094444
0 0.088672 0.144444 0.110156 0.155556
0 0.128516 0.112500 0.089844 0.147222
0 0.169922 0.094444 0.083594 0.138889
2 0.312891 0.101389 0.053906 0.097222
2 0.328906 0.733333 0.146875 0.358333
2 0.382031 0.459028 0.106250 0.287500
2 0.301172 0.931944 0.152344 0.127778
0 0.787891 0.712500 0.267969 0.516667
0 0.846875 0.819444 0.306250 0.358333
0 0.709766 0.424306 0.169531 0.304167
0 0.671484 0.333333 0.139844 0.247222
0 0.666406 0.270139 0.128125 0.223611
0 0.653125 0.119444 0.085938 0.083333
0 0.640625 0.100000 0.081250 0.083333
0 0.641016 0.070833 0.061719 0.072222
0 0.749219 0.115972 0.090625 0.073611
0 0.730078 0.081250 0.063281 0.045833
0 0.708594 0.049306 0.057813 0.043056
0 0.775781 0.211111 0.090625 0.111111
0 0.800000 0.272917 0.098437 0.134722
0 0.877344 0.361806 0.182812 0.184722
0 0.937500 0.547222 0.125000 0.202778
0 0.891797 0.120833 0.077344 0.147222
0 0.937109 0.152778 0.092969 0.150000
0 0.961719 0.192361 0.075000 0.173611
1 0.630078 0.862500 0.074219 0.275000
1 0.599609 0.611806 0.089844 0.298611
1 0.599609 0.451389 0.050781 0.166667
1 0.588672 0.383333 0.041406 0.138889
1 0.851562 0.208333 0.032813 0.111111
1 0.881641 0.246528 0.027344 0.112500
1 0.915625 0.285417 0.051562 0.115278
1 0.400000 0.856944 0.073438 0.277778
1 0.423828 0.619444 0.116406 0.319444
1 0.429688 0.397917 0.046875 0.156944
1 0.439844 0.297917 0.040625 0.131944
1 0.453906 0.252083 0.032813 0.123611
