0 0.050781 0.175694 0.100000 0.170833
0 0.084375 0.143750 0.090625 0.143056
0 0.125000 0.112500 0.075000 0.130556
0 0.242578 0.118056 0.082031 0.069444
0 0.273047 0.088889 0.088281 0.044444
0 0.299219 0.063889 0.062500 0.047222
0 0.178516 0.220139 0.141406 0.104167
0 0.139063 0.285417 0.168750 0.131944
0 0.083203 0.362500 0.164844 0.155556
0 0.165234 0.706944 0.225781 0.508333
0 0.103516 0.819444 0.205469 0.361111
0 0.250781 0.429167 0.165625 0.308333
0 0.289062 0.345139 0.128125 0.265278
0 0.319531 0.276389 0.112500 0.230556
0 0.348438 0.164583 0.090625 0.156944
0 0.367188 0.139583 0.075000 0.143056
0 0.378125 0.102778 0.068750 0.130556
0 0.604688 0.113194 0.081250 0.065278
0 0.598437 0.261111 0.090625 0.197222
0 0.619531 0.331250 0.109375 0.251389
0 0.654687 0.418750 0.153125 0.309722
0 0.739062 0.681944 0.256250 0.494444
0 0.804688 0.811111 0.287500 0.347222
0 0.926562 0.540972 0.146875 0.220833
0 0.837500 0.318056 0.181250 0.113889
0 0.788281 0.245833 0.140625 0.088889
0 0.741406 0.199306 0.125000 0.106944
0 0.699219 0.113889 0.087500 0.069444
0 0.832031 0.106250 0.062500 0.134722
0 0.869531 0.144444 0.068750 0.155556
0 0.905469 0.173611 0.068750 0.169444
0 0.971094 0.245833 0.057813 0.200000
1 0.804297 0.192361 0.032031 0.090278
1 0.829688 0.224306 0.034375 0.093056
1 0.871875 0.275694 0.056250 0.143056
1 0.935156 0.369444 0.075000 0.144444
1 0.544141 0.427083 0.044531 0.254167
1 0.564453 0.488194 0.058594 0.231944
1 0.554688 0.624306 0.093750 0.331944
1 0.630078 0.843056 0.146094 0.272222
1 0.598437 0.963194 0.121875 0.070833
1 0.316016 0.850694 0.207031 0.287500
1 0.097656 0.242361 0.056250 0.076389
1 0.132031 0.207639 0.043750 0.056944
1 0.159375 0.177083 0.028125 0.056944
2 0.285547 0.770833 0.186719 0.402778
2 0.196484 0.879167 0.178906 0.230556
1 0.393750 0.298611 0.043750 0.175000
1 0.405859 0.250694 0.033594 0.165278
1 0.413672 0.219444 0.025781 0.158333
1 0.429688 0.602083 0.112500 0.337500
1 0.385156 0.379167 0.051562 0.113889
2 0.364844 0.547917 0.170313 0.373611
1 0.981641 0.400694 0.036719 0.095833
