2 0.650000 0.756944 0.217188 0.486111
2 0.610938 0.411111 0.179688 0.441667
2 0.238672 0.438194 0.219531 0.456944
0 0.876563 0.720139 0.231250 0.559722
0 0.825000 0.465972 0.350000 0.543056
0 0.732812 0.258333 0.279687 0.413889
0 0.898828 0.117361 0.196094 0.151389
0 0.969922 0.224306 0.060156 0.084722
0 0.084375 0.591667 0.164062 0.725000
0 0.055469 0.754861 0.103125 0.490278
0 0.105469 0.286111 0.203125 0.447222
0 0.557031 0.122222 0.076563 0.219444
0 0.223047 0.132639 0.083594 0.262500
0 0.257422 0.073611 0.041406 0.144444
0 0.518359 0.063889 0.038281 0.125000
0 0.276953 0.036111 0.016406 0.069444
0 0.499609 0.027778 0.035156 0.052778
0 0.960156 0.052083 0.079687 0.101389
1 0.196484 0.970139 0.041406 0.059722
1 0.506250 0.965278 0.048438 0.069444
1 0.326953 0.795833 0.244531 0.408333
1 0.589063 0.748611 0.148438 0.444444
1 0.553516 0.593750 0.130469 0.484722
1 0.294922 0.627778 0.203906 0.525000
1 0.505078 0.296528 0.125781 0.359722
1 0.292969 0.288194 0.090625 0.329167
1 0.303906 0.202083 0.087500 0.304167
1 0.500391 0.191667 0.071094 0.291667
1 0.477734 0.133333 0.069531 0.263889
1 0.302734 0.138889 0.071094 0.275000
