2 0.683984 0.354167 0.192969 0.441667
2 0.769922 0.772222 0.260156 0.450000
2 0.320703 0.390278 0.194531 0.461111
0 0.130859 0.537500 0.250781 0.713889
0 0.101953 0.729861 0.188281 0.540278
0 0.925000 0.703472 0.150000 0.590278
0 0.870703 0.471528 0.258594 0.634722
0 0.809375 0.230556 0.296875 0.444444
0 0.157422 0.272222 0.269531 0.500000
0 0.308203 0.109722 0.063281 0.216667
0 0.331250 0.052083 0.046875 0.101389
0 0.620703 0.101389 0.061719 0.200000
0 0.589844 0.049306 0.042188 0.095833
1 0.375781 0.154167 0.075000 0.302778
1 0.356641 0.228472 0.080469 0.304167
1 0.554297 0.108333 0.061719 0.213889
1 0.569531 0.154167 0.056250 0.297222
1 0.568359 0.245139 0.094531 0.345833
1 0.626172 0.548611 0.150781 0.488889
1 0.684375 0.728472 0.214062 0.487500
1 0.630469 0.963889 0.107813 0.072222
1 0.246094 0.942361 0.093750 0.115278
1 0.388281 0.774306 0.268750 0.451389
1 0.353516 0.579861 0.202344 0.518056
