2 0.812109 0.772222 0.321094 0.455556
2 0.687500 0.352778 0.226562 0.533333
2 0.315234 0.324306 0.188281 0.454167
0 0.097266 0.695833 0.169531 0.608333
0 0.136719 0.454861 0.232813 0.734722
0 0.159766 0.203472 0.264844 0.398611
0 0.920312 0.707639 0.159375 0.584722
0 0.868359 0.448611 0.263281 0.605556
0 0.814453 0.208333 0.289844 0.397222
0 0.959766 0.080556 0.067969 0.158333
0 0.628125 0.076389 0.054688 0.150000
0 0.324609 0.072917 0.042969 0.143056
1 0.367188 0.522222 0.150000 0.519444
1 0.290234 0.736111 0.183594 0.491667
1 0.244922 0.919444 0.157031 0.161111
1 0.630859 0.952083 0.113281 0.095833
1 0.653125 0.723611 0.168750 0.525000
1 0.621875 0.506250 0.170313 0.451389
1 0.568750 0.212500 0.096875 0.350000
1 0.572656 0.127083 0.068750 0.251389
1 0.550000 0.090278 0.048438 0.177778
1 0.359766 0.181944 0.097656 0.319444
1 0.387891 0.109722 0.067969 0.216667
