2 0.676172 0.590972 0.182031 0.515278
2 0.192578 0.911111 0.285156 0.177778
2 0.667969 0.274306 0.185938 0.343056
0 0.162500 0.465972 0.273438 0.626389
0 0.222656 0.202083 0.248438 0.401389
0 0.028906 0.070139 0.054688 0.137500
0 0.120313 0.745833 0.235937 0.508333
0 0.892578 0.779167 0.182031 0.441667
0 0.867969 0.533333 0.220312 0.661111
0 0.824609 0.200000 0.217969 0.386111
0 0.969922 0.091667 0.060156 0.180556
1 0.333203 0.702083 0.153906 0.434722
1 0.340625 0.950694 0.123438 0.098611
1 0.709375 0.948611 0.065625 0.102778
1 0.675000 0.745139 0.157812 0.487500
1 0.647266 0.466667 0.146094 0.386111
1 0.375000 0.443750 0.121875 0.434722
1 0.416797 0.127083 0.082031 0.251389
1 0.610938 0.112500 0.073438 0.222222
