0 0.893750 0.699306 0.212500 0.584722
0 0.846875 0.459028 0.306250 0.629167
0 0.931641 0.079167 0.136719 0.150000
0 0.801172 0.206250 0.282031 0.409722
0 0.067969 0.711111 0.134375 0.577778
0 0.112500 0.498611 0.215625 0.708333
0 0.132812 0.220139 0.243750 0.434722
0 0.608594 0.098611 0.084375 0.194444
0 0.280859 0.095833 0.058594 0.188889
0 0.573047 0.044444 0.047656 0.086111
0 0.299219 0.033333 0.039062 0.063889
2 0.284375 0.358333 0.203125 0.466667
2 0.692578 0.902083 0.328906 0.195833
2 0.649219 0.359028 0.190625 0.420833
1 0.222656 0.925000 0.060937 0.150000
1 0.348828 0.761111 0.253906 0.477778
1 0.511719 0.937500 0.137500 0.125000
1 0.622266 0.697222 0.174219 0.458333
1 0.580469 0.518750 0.134375 0.468056
1 0.325000 0.529861 0.184375 0.484722
1 0.311719 0.212500 0.114062 0.316667
1 0.551172 0.227083 0.128906 0.340278
1 0.545703 0.135417 0.080469 0.268056
1 0.522266 0.109028 0.067969 0.215278
1 0.341797 0.118750 0.072656 0.234722
