0 0.075781 0.731250 0.131250 0.537500
0 0.106250 0.554861 0.207813 0.720833
0 0.128516 0.291667 0.242969 0.525000
0 0.893750 0.723611 0.200000 0.552778
0 0.842578 0.472917 0.305469 0.540278
0 0.779297 0.271528 0.285156 0.448611
0 0.938281 0.135417 0.123438 0.159722
0 0.269922 0.113194 0.064844 0.223611
0 0.592969 0.121528 0.084375 0.240278
0 0.302344 0.060417 0.034375 0.118056
0 0.557422 0.065278 0.046094 0.127778
1 0.216016 0.953472 0.050781 0.093056
1 0.524609 0.960417 0.053906 0.079167
1 0.350000 0.792361 0.250000 0.415278
1 0.624219 0.759722 0.179688 0.480556
1 0.589844 0.588194 0.164062 0.495833
1 0.322656 0.602083 0.198437 0.504167
1 0.326172 0.268750 0.094531 0.323611
1 0.540234 0.290278 0.107031 0.355556
1 0.339844 0.170833 0.078125 0.286111
1 0.542969 0.192361 0.081250 0.323611
1 0.349219 0.133333 0.057813 0.258333
1 0.516406 0.126389 0.068750 0.250000
2 0.275781 0.412500 0.203125 0.463889
2 0.642188 0.410417 0.181250 0.440278
2 0.762109 0.827083 0.316406 0.345833
