0 0.921484 0.700000 0.157031 0.594444
0 0.859375 0.478472 0.275000 0.648611
0 0.796484 0.214583 0.272656 0.418056
0 0.124219 0.515972 0.245312 0.704167
0 0.095312 0.718750 0.187500 0.562500
0 0.150781 0.259722 0.257812 0.505556
0 0.308984 0.102083 0.063281 0.201389
0 0.332031 0.043750 0.046875 0.084722
0 0.629297 0.097917 0.067969 0.193056
0 0.592578 0.042361 0.036719 0.081944
1 0.374609 0.138194 0.063281 0.273611
1 0.367188 0.197222 0.085938 0.269444
1 0.570312 0.246528 0.100000 0.354167
1 0.567187 0.149306 0.065625 0.284722
1 0.554688 0.107639 0.068750 0.212500
1 0.357422 0.559028 0.183594 0.506944
1 0.394531 0.765278 0.237500 0.469444
1 0.240625 0.931944 0.101562 0.136111
1 0.608984 0.961806 0.086719 0.076389
1 0.667969 0.719444 0.190625 0.491667
1 0.621875 0.545833 0.150000 0.483333
2 0.317578 0.367361 0.192969 0.484722
2 0.776172 0.776389 0.272656 0.447222
2 0.668359 0.322917 0.174219 0.454167
