0 0.879687 0.535417 0.240625 0.676389
0 0.839453 0.277083 0.283594 0.493056
0 0.111328 0.750000 0.210156 0.500000
0 0.144531 0.572917 0.282813 0.704167
0 0.187109 0.302778 0.257031 0.505556
0 0.027734 0.136806 0.049219 0.151389
0 0.645703 0.113194 0.061719 0.223611
0 0.322656 0.118056 0.093750 0.233333
0 0.356641 0.062500 0.041406 0.122222
0 0.610156 0.069444 0.035937 0.136111
1 0.384375 0.256944 0.090625 0.283333
0 0.928906 0.704861 0.142187 0.534722
1 0.405859 0.176389 0.072656 0.263889
1 0.596875 0.285417 0.106250 0.351389
1 0.601172 0.181944 0.085156 0.288889
1 0.574609 0.125000 0.064844 0.247222
1 0.411719 0.789583 0.256250 0.420833
1 0.291016 0.959722 0.042969 0.080556
1 0.550000 0.947917 0.073438 0.104167
1 0.655469 0.722917 0.087500 0.401389
1 0.636328 0.588889 0.127344 0.477778
1 0.391016 0.603472 0.194531 0.484722
1 0.404687 0.083333 0.053125 0.163889
2 0.337500 0.421528 0.198437 0.462500
2 0.807031 0.757639 0.385937 0.473611
2 0.720313 0.383333 0.209375 0.377778
