2 0.760156 0.675694 0.223438 0.543056
2 0.694141 0.320833 0.155469 0.411111
2 0.208984 0.909028 0.249219 0.181944
0 0.141797 0.725000 0.253906 0.550000
0 0.176172 0.413194 0.260156 0.606944
0 0.229297 0.194444 0.285156 0.386111
0 0.051562 0.075000 0.079687 0.147222
0 0.030078 0.203472 0.058594 0.206944
0 0.895312 0.517361 0.209375 0.554167
0 0.908594 0.800694 0.168750 0.398611
0 0.857031 0.230556 0.232813 0.447222
0 0.978516 0.056250 0.042969 0.101389
1 0.649609 0.129861 0.089844 0.243056
1 0.435937 0.132639 0.110937 0.262500
1 0.405859 0.424306 0.094531 0.434722
1 0.360938 0.674306 0.109375 0.420833
1 0.358594 0.938889 0.159375 0.122222
1 0.710156 0.957639 0.062500 0.084722
1 0.670312 0.756944 0.143750 0.450000
1 0.659375 0.486806 0.121875 0.373611
