0 0.900391 0.702083 0.167969 0.595833
0 0.855469 0.468056 0.285938 0.655556
0 0.786328 0.216667 0.264844 0.430556
0 0.947656 0.088194 0.104688 0.165278
0 0.110547 0.454861 0.219531 0.651389
0 0.076172 0.702083 0.149219 0.595833
0 0.140625 0.215972 0.250000 0.429167
0 0.303125 0.084722 0.057813 0.166667
0 0.621094 0.094444 0.057813 0.186111
1 0.246484 0.926389 0.066406 0.147222
1 0.522266 0.935417 0.116406 0.129167
1 0.380859 0.759722 0.247656 0.480556
1 0.342969 0.534722 0.173437 0.486111
1 0.633203 0.678472 0.147656 0.440278
1 0.572266 0.555556 0.208594 0.480556
1 0.351172 0.206944 0.083594 0.347222
1 0.359375 0.128472 0.084375 0.254167
1 0.559766 0.150000 0.061719 0.247222
1 0.560937 0.100694 0.045312 0.198611
1 0.530469 0.099306 0.053125 0.195833
2 0.301563 0.350694 0.214062 0.470833
2 0.686719 0.730556 0.245312 0.538889
2 0.595313 0.338194 0.242188 0.537500
