1 0.656250 0.145139 0.103125 0.284722
1 0.651172 0.518056 0.127344 0.366667
1 0.685156 0.789583 0.164062 0.420833
1 0.355859 0.947222 0.141406 0.105556
1 0.363281 0.729167 0.125000 0.472222
1 0.407422 0.463194 0.133594 0.418056
1 0.462500 0.134722 0.087500 0.266667
0 0.261719 0.199306 0.239063 0.395833
0 0.165625 0.449306 0.270313 0.593056
0 0.130469 0.738889 0.246875 0.522222
0 0.026172 0.187500 0.050781 0.158333
0 0.068359 0.070833 0.135156 0.138889
0 0.846484 0.255556 0.216406 0.466667
0 0.868359 0.568750 0.208594 0.623611
0 0.900391 0.798611 0.171094 0.402778
0 0.983594 0.086806 0.032813 0.087500
2 0.681641 0.327083 0.171094 0.356944
2 0.746094 0.664583 0.203125 0.459722
2 0.205469 0.909722 0.278125 0.180556
