2 0.595313 0.691667 0.298438 0.616667
2 0.618359 0.296528 0.194531 0.454167
2 0.296875 0.347222 0.203125 0.461111
0 0.112500 0.453472 0.218750 0.681944
0 0.093359 0.707639 0.166406 0.584722
0 0.909766 0.700694 0.172656 0.598611
0 0.849219 0.450694 0.278125 0.606944
0 0.810547 0.213194 0.272656 0.423611
0 0.947266 0.075694 0.105469 0.140278
0 0.300391 0.084722 0.066406 0.166667
0 0.597656 0.074306 0.043750 0.145833
0 0.142969 0.238889 0.248438 0.466667
1 0.347266 0.180556 0.088281 0.291667
1 0.373047 0.125000 0.061719 0.225000
1 0.558203 0.162500 0.061719 0.225000
1 0.559375 0.120139 0.079687 0.237500
1 0.540234 0.095139 0.057031 0.187500
1 0.349609 0.537500 0.178906 0.508333
1 0.282422 0.734722 0.183594 0.488889
1 0.244531 0.922917 0.075000 0.154167
1 0.485547 0.890278 0.236719 0.219444
1 0.640234 0.732639 0.199219 0.443056
1 0.587891 0.504861 0.210156 0.448611
