0 0.124609 0.540278 0.238281 0.708333
0 0.099219 0.728472 0.193750 0.543056
0 0.151953 0.277083 0.274219 0.506944
0 0.306641 0.114583 0.063281 0.226389
0 0.332031 0.053472 0.050000 0.104167
0 0.629297 0.109722 0.071094 0.216667
0 0.596484 0.055556 0.046094 0.108333
0 0.790625 0.238889 0.254688 0.444444
0 0.866797 0.452778 0.261719 0.561111
0 0.921484 0.711806 0.157031 0.551389
1 0.359375 0.579167 0.179688 0.505556
1 0.390234 0.777083 0.258594 0.445833
1 0.244922 0.943056 0.096094 0.113889
1 0.697266 0.968750 0.246094 0.062500
1 0.677734 0.738194 0.207031 0.490278
1 0.635156 0.566667 0.181250 0.500000
1 0.594531 0.255556 0.150000 0.338889
1 0.593750 0.166667 0.103125 0.311111
1 0.554688 0.114583 0.059375 0.226389
1 0.360156 0.230556 0.085938 0.291667
1 0.376172 0.165278 0.083594 0.302778
1 0.370703 0.095833 0.058594 0.188889
2 0.771094 0.776389 0.256250 0.447222
2 0.676172 0.368750 0.192969 0.434722
2 0.317969 0.400694 0.203125 0.468056
