1 0.422656 0.102778 0.085938 0.202778
1 0.390625 0.407639 0.115625 0.440278
1 0.339844 0.666667 0.114062 0.444444
1 0.355469 0.932639 0.121875 0.134722
1 0.698438 0.940278 0.106250 0.119444
1 0.678516 0.727778 0.171094 0.452778
1 0.635547 0.465972 0.122656 0.379167
1 0.610547 0.100694 0.083594 0.198611
2 0.680469 0.242361 0.160938 0.304167
2 0.691797 0.545833 0.213281 0.519444
2 0.206250 0.909028 0.276562 0.181944
0 0.214453 0.165278 0.242969 0.322222
0 0.150781 0.404167 0.243750 0.583333
0 0.130078 0.731250 0.230469 0.537500
0 0.896094 0.777083 0.187500 0.445833
0 0.876953 0.474306 0.219531 0.579167
0 0.841016 0.225000 0.247656 0.422222
0 0.026953 0.065972 0.052344 0.109722
0 0.979297 0.054167 0.041406 0.102778
