0 0.099219 0.695833 0.195312 0.608333
0 0.139453 0.487500 0.274219 0.736111
0 0.192578 0.245139 0.314844 0.487500
0 0.350391 0.088194 0.055469 0.173611
0 0.662891 0.092361 0.066406 0.181944
0 0.630859 0.047917 0.039844 0.093056
0 0.844531 0.248611 0.276562 0.458333
0 0.883984 0.534722 0.232031 0.686111
0 0.932422 0.716667 0.135156 0.538889
2 0.341016 0.347222 0.197656 0.488889
2 0.661328 0.377778 0.228906 0.488889
2 0.790234 0.673611 0.347656 0.652778
1 0.394141 0.196528 0.075781 0.304167
1 0.407422 0.143750 0.074219 0.284722
1 0.411719 0.098611 0.075000 0.194444
1 0.589844 0.108333 0.065625 0.213889
1 0.605859 0.151389 0.075781 0.300000
1 0.597656 0.229167 0.098437 0.316667
1 0.388281 0.548611 0.182812 0.500000
1 0.399609 0.766667 0.238281 0.466667
1 0.271094 0.916667 0.064062 0.163889
1 0.566406 0.943750 0.140625 0.112500
1 0.685547 0.711111 0.189844 0.430556
1 0.609766 0.562500 0.216406 0.486111
