0 0.885938 0.531944 0.228125 0.636111
0 0.911328 0.786806 0.177344 0.406944
0 0.858984 0.227083 0.241406 0.451389
0 0.984375 0.047222 0.031250 0.088889
0 0.195312 0.447222 0.275000 0.611111
0 0.146484 0.738194 0.288281 0.523611
0 0.262891 0.211111 0.264844 0.419444
0 0.058203 0.060417 0.114844 0.118056
0 0.021484 0.227083 0.030469 0.223611
0 0.706641 0.040278 0.039844 0.077778
1 0.653516 0.144444 0.096094 0.283333
1 0.440234 0.135417 0.092969 0.268056
1 0.394922 0.429861 0.127344 0.409722
1 0.350391 0.691667 0.158594 0.447222
1 0.358203 0.945833 0.171094 0.108333
1 0.685547 0.754861 0.171094 0.490278
1 0.649609 0.499306 0.122656 0.334722
1 0.732422 0.958333 0.071094 0.083333
2 0.773438 0.666667 0.234375 0.483333
2 0.696875 0.286111 0.164062 0.369444
2 0.225000 0.904167 0.290625 0.191667
