0 0.873047 0.426389 0.238281 0.522222
0 0.932031 0.677083 0.135937 0.523611
0 0.809766 0.204861 0.255469 0.406944
0 0.957812 0.068056 0.079687 0.133333
0 0.636719 0.083333 0.051562 0.163889
0 0.335156 0.078472 0.056250 0.154167
0 0.172266 0.209722 0.280469 0.416667
0 0.124219 0.472917 0.214062 0.734722
0 0.098437 0.693750 0.176563 0.612500
1 0.238672 0.918750 0.091406 0.162500
1 0.689453 0.932639 0.155469 0.134722
1 0.671875 0.730556 0.214062 0.538889
1 0.633594 0.527778 0.167187 0.483333
1 0.303906 0.743750 0.176563 0.504167
1 0.354297 0.518750 0.203906 0.498611
1 0.358594 0.168750 0.114062 0.273611
1 0.385547 0.106944 0.066406 0.211111
1 0.580078 0.209028 0.108594 0.331944
1 0.587500 0.136111 0.076563 0.269444
1 0.566406 0.100000 0.056250 0.197222
2 0.318359 0.346528 0.202344 0.484722
2 0.814063 0.773611 0.350000 0.452778
2 0.675781 0.338194 0.185938 0.451389
