2 0.595313 0.684028 0.318750 0.631944
2 0.649219 0.291667 0.204687 0.425000
2 0.298828 0.348611 0.214844 0.483333
0 0.116016 0.472222 0.224219 0.725000
0 0.086328 0.692361 0.160156 0.615278
0 0.901563 0.705556 0.148438 0.588889
0 0.864453 0.484722 0.271094 0.663889
0 0.951953 0.088194 0.096094 0.170833
0 0.812109 0.215278 0.260156 0.427778
0 0.628125 0.081944 0.062500 0.161111
0 0.316406 0.078472 0.059375 0.154167
0 0.146094 0.251389 0.232813 0.500000
1 0.343359 0.169444 0.102344 0.277778
1 0.379297 0.128472 0.058594 0.223611
1 0.553125 0.218750 0.078125 0.337500
1 0.567578 0.134028 0.072656 0.259722
1 0.547266 0.098611 0.052344 0.194444
1 0.612500 0.467361 0.171875 0.368056
1 0.648828 0.722917 0.227344 0.434722
1 0.486328 0.896528 0.239844 0.206944
1 0.263281 0.920139 0.096875 0.159722
1 0.287891 0.735417 0.172656 0.487500
1 0.337891 0.532639 0.188281 0.509722
