0 0.080078 0.746528 0.150781 0.506944
0 0.112500 0.579167 0.215625 0.730556
0 0.128906 0.304167 0.229687 0.508333
0 0.900000 0.702778 0.200000 0.519444
0 0.850391 0.481250 0.299219 0.587500
0 0.762891 0.270833 0.260156 0.444444
0 0.938672 0.122222 0.122656 0.163889
0 0.277734 0.127778 0.058594 0.252778
0 0.592578 0.119444 0.072656 0.236111
0 0.303125 0.068056 0.040625 0.133333
0 0.564844 0.075000 0.053125 0.147222
1 0.323828 0.277083 0.091406 0.320833
1 0.363281 0.793056 0.246875 0.413889
1 0.535156 0.959028 0.060937 0.081944
1 0.240625 0.968056 0.048438 0.063889
1 0.644531 0.767361 0.190625 0.465278
1 0.610547 0.595833 0.194531 0.480556
1 0.550000 0.285417 0.126562 0.343056
1 0.346484 0.195139 0.069531 0.287500
1 0.337109 0.616667 0.185156 0.502778
1 0.543359 0.185417 0.060156 0.298611
1 0.351953 0.131944 0.049219 0.261111
1 0.512109 0.130556 0.046094 0.258333
2 0.781250 0.823611 0.304688 0.352778
2 0.646094 0.390278 0.185938 0.450000
2 0.287500 0.428472 0.203125 0.465278
