0 0.907031 0.706250 0.179688 0.587500
0 0.864453 0.487500 0.271094 0.644444
0 0.784766 0.252778 0.257031 0.483333
0 0.158594 0.261111 0.273438 0.469444
0 0.130078 0.544444 0.247656 0.702778
0 0.099219 0.732639 0.195312 0.534722
0 0.299609 0.103472 0.066406 0.204167
0 0.324219 0.052778 0.048438 0.102778
0 0.625781 0.102083 0.076563 0.201389
0 0.587500 0.053472 0.046875 0.104167
1 0.355078 0.240972 0.085156 0.309722
1 0.370703 0.163889 0.078906 0.308333
1 0.378516 0.122917 0.063281 0.243056
1 0.546094 0.118056 0.062500 0.233333
1 0.567578 0.152083 0.064844 0.301389
1 0.567578 0.251389 0.097656 0.336111
1 0.353906 0.581944 0.182812 0.508333
1 0.390234 0.776389 0.257031 0.447222
1 0.239844 0.948611 0.104688 0.102778
1 0.612109 0.934722 0.235156 0.130556
1 0.660547 0.708333 0.171094 0.441667
1 0.611719 0.559722 0.126562 0.491667
2 0.312500 0.389583 0.198437 0.470833
2 0.690625 0.377083 0.221875 0.445833
2 0.703125 0.811806 0.289062 0.376389
