1 0.383594 0.750000 0.232813 0.500000
1 0.246484 0.926389 0.080469 0.147222
1 0.537109 0.945833 0.130469 0.108333
1 0.633203 0.695139 0.130469 0.473611
1 0.565625 0.538194 0.185938 0.490278
1 0.349219 0.540972 0.189062 0.501389
1 0.343359 0.178472 0.116406 0.284722
1 0.372266 0.112500 0.075781 0.222222
1 0.562109 0.136111 0.072656 0.261111
1 0.542578 0.086806 0.041406 0.170833
2 0.298047 0.343056 0.200781 0.461111
2 0.698047 0.728472 0.282031 0.543056
2 0.623828 0.303472 0.247656 0.465278
0 0.109375 0.483333 0.207813 0.691667
0 0.085938 0.702778 0.164062 0.594444
0 0.901563 0.679861 0.196875 0.551389
0 0.857031 0.484028 0.278125 0.681944
0 0.786719 0.203472 0.273438 0.404167
0 0.940234 0.085417 0.119531 0.165278
0 0.300781 0.081250 0.045312 0.159722
0 0.146094 0.222917 0.270313 0.431944
