0 0.082031 0.699306 0.162500 0.590278
0 0.105859 0.499306 0.200781 0.734722
0 0.145703 0.224306 0.271094 0.431944
0 0.844141 0.486111 0.292969 0.658333
0 0.902344 0.711111 0.175000 0.577778
0 0.773047 0.217361 0.249219 0.409722
0 0.939844 0.081944 0.120313 0.158333
0 0.287500 0.088194 0.078125 0.173611
0 0.608203 0.097917 0.077344 0.193056
1 0.229297 0.927083 0.063281 0.145833
1 0.523047 0.939583 0.135156 0.120833
1 0.620703 0.696528 0.147656 0.459722
1 0.576172 0.563889 0.196094 0.433333
1 0.371484 0.765278 0.253906 0.469444
1 0.337500 0.572222 0.196875 0.422222
1 0.345313 0.197917 0.093750 0.309722
1 0.555859 0.107639 0.052344 0.212500
1 0.364453 0.100000 0.049219 0.197222
2 0.298438 0.362500 0.214062 0.502778
2 0.701172 0.740278 0.328906 0.519444
2 0.512500 0.341667 0.409375 0.511111
