2 0.741016 0.654167 0.263281 0.500000
2 0.682031 0.350694 0.150000 0.381944
2 0.199219 0.913889 0.265625 0.172222
0 0.171875 0.468750 0.289062 0.654167
0 0.113672 0.745833 0.207031 0.508333
0 0.885547 0.802778 0.166406 0.394444
0 0.884375 0.518750 0.231250 0.562500
0 0.839453 0.255556 0.257031 0.508333
0 0.978516 0.106944 0.042969 0.133333
0 0.258203 0.196528 0.213281 0.390278
0 0.044531 0.072222 0.082812 0.141667
0 0.690234 0.052778 0.049219 0.102778
1 0.643750 0.134028 0.107813 0.265278
1 0.428906 0.137500 0.092188 0.272222
1 0.392578 0.449306 0.099219 0.426389
1 0.360156 0.736111 0.128125 0.475000
1 0.353125 0.957639 0.160938 0.084722
1 0.727344 0.975694 0.107813 0.048611
1 0.666797 0.775000 0.147656 0.450000
1 0.653906 0.538889 0.137500 0.369444
