2 0.819141 0.751389 0.353906 0.497222
2 0.694141 0.355556 0.210156 0.505556
2 0.307031 0.346528 0.229687 0.498611
1 0.358203 0.536806 0.192969 0.526389
1 0.296875 0.745833 0.195312 0.508333
1 0.248828 0.920833 0.117969 0.158333
1 0.667188 0.922917 0.139063 0.154167
1 0.661719 0.732639 0.201563 0.534722
1 0.625000 0.523611 0.165625 0.472222
1 0.583984 0.222917 0.100781 0.348611
1 0.580469 0.137500 0.062500 0.272222
1 0.568750 0.092361 0.064062 0.181944
1 0.373437 0.180556 0.079687 0.294444
1 0.398047 0.114583 0.071094 0.226389
0 0.317188 0.068056 0.060937 0.133333
0 0.161328 0.211806 0.269531 0.420833
0 0.120313 0.453472 0.210938 0.709722
0 0.087891 0.694444 0.153906 0.611111
0 0.934375 0.681250 0.131250 0.565278
0 0.875781 0.411806 0.235937 0.543056
0 0.829297 0.207639 0.292969 0.406944
0 0.945312 0.065972 0.109375 0.129167
0 0.625781 0.085417 0.035937 0.168056
0 0.330078 0.072222 0.049219 0.141667
