2 0.676562 0.298611 0.167187 0.358333
2 0.718750 0.672917 0.206250 0.470833
2 0.176172 0.905556 0.282031 0.188889
0 0.164844 0.434028 0.248438 0.601389
0 0.136328 0.731944 0.252344 0.536111
0 0.251172 0.209028 0.255469 0.415278
0 0.055859 0.059028 0.080469 0.112500
0 0.025000 0.192361 0.048438 0.190278
0 0.885938 0.801389 0.228125 0.380556
0 0.880469 0.577778 0.239063 0.619444
0 0.845703 0.240278 0.217969 0.450000
0 0.975000 0.109028 0.050000 0.145833
0 0.688672 0.052083 0.053906 0.101389
1 0.637500 0.159028 0.082812 0.309722
1 0.414062 0.141667 0.132812 0.280556
1 0.378516 0.460417 0.132031 0.445833
1 0.325781 0.700000 0.148438 0.452778
1 0.339453 0.952083 0.119531 0.095833
1 0.703125 0.974306 0.067187 0.051389
1 0.664062 0.777778 0.190625 0.444444
1 0.635938 0.510417 0.137500 0.406944
