2 0.615625 0.524306 0.298438 0.951389
2 0.643359 0.197917 0.186719 0.393056
2 0.310937 0.381250 0.203125 0.487500
0 0.092188 0.715278 0.179688 0.569444
0 0.127344 0.510417 0.232813 0.720833
0 0.157812 0.261111 0.275000 0.511111
0 0.910937 0.736806 0.178125 0.506944
0 0.868359 0.552778 0.263281 0.675000
0 0.805859 0.290278 0.261719 0.458333
0 0.948828 0.159028 0.102344 0.179167
0 0.316406 0.109722 0.057813 0.216667
0 0.342969 0.053472 0.051562 0.104167
1 0.235937 0.935417 0.057813 0.129167
1 0.369922 0.788194 0.260156 0.423611
1 0.705859 0.936111 0.130469 0.127778
1 0.343359 0.582639 0.192969 0.512500
1 0.355469 0.239583 0.085938 0.298611
1 0.377734 0.166667 0.071094 0.300000
1 0.381641 0.120139 0.075781 0.237500
1 0.558594 0.120139 0.065625 0.237500
1 0.582812 0.160417 0.064062 0.268056
1 0.557031 0.244444 0.073438 0.291667
