2 0.747266 0.684722 0.235156 0.475000
2 0.703516 0.347222 0.153906 0.397222
2 0.213672 0.906250 0.286719 0.187500
1 0.393750 0.445833 0.123438 0.433333
1 0.362500 0.713889 0.121875 0.441667
1 0.355859 0.947917 0.136719 0.104167
1 0.656641 0.774306 0.157031 0.451389
1 0.642969 0.527083 0.120313 0.368056
1 0.659375 0.152778 0.110937 0.302778
1 0.452344 0.137500 0.085938 0.272222
0 0.426563 0.042361 0.050000 0.081944
0 0.711719 0.072917 0.065625 0.143056
0 0.855859 0.268750 0.230469 0.465278
0 0.886719 0.617361 0.221875 0.673611
0 0.900781 0.820139 0.192188 0.359722
0 0.985547 0.117361 0.028906 0.093056
0 0.270703 0.176389 0.236719 0.327778
0 0.178906 0.434028 0.306250 0.559722
0 0.146875 0.717361 0.275000 0.565278
0 0.040234 0.163889 0.069531 0.155556
0 0.062500 0.055556 0.123438 0.108333
