0 0.887891 0.688889 0.217969 0.622222
0 0.840625 0.452778 0.290625 0.647222
0 0.755078 0.195139 0.283594 0.376389
0 0.933203 0.068056 0.133594 0.133333
0 0.094141 0.483333 0.186719 0.713889
0 0.075391 0.709722 0.138281 0.580556
0 0.113672 0.242361 0.219531 0.479167
0 0.262500 0.093056 0.062500 0.183333
0 0.576172 0.079861 0.046094 0.156944
0 0.550391 0.036806 0.038281 0.070833
0 0.292578 0.023611 0.033594 0.044444
1 0.227734 0.921528 0.052344 0.156944
1 0.344922 0.757639 0.255469 0.484722
1 0.515625 0.938889 0.117188 0.122222
1 0.604688 0.695833 0.139063 0.466667
1 0.550391 0.524306 0.163281 0.479167
1 0.314844 0.534722 0.189062 0.466667
1 0.304297 0.223611 0.124219 0.358333
1 0.336328 0.135417 0.064844 0.268056
1 0.530469 0.184722 0.076563 0.261111
1 0.535937 0.116667 0.065625 0.230556
1 0.508203 0.094444 0.044531 0.186111
2 0.271875 0.346528 0.209375 0.459722
2 0.649219 0.731944 0.229687 0.536111
2 0.589453 0.325000 0.194531 0.513889
