2 0.817969 0.809028 0.350000 0.381944
2 0.673047 0.331944 0.191406 0.477778
2 0.320703 0.340972 0.205469 0.454167
0 0.318359 0.077083 0.060156 0.151389
0 0.161719 0.216667 0.290625 0.430556
0 0.108203 0.430556 0.205469 0.663889
0 0.076953 0.693750 0.138281 0.612500
0 0.910937 0.712500 0.143750 0.575000
0 0.869531 0.421528 0.254688 0.534722
0 0.819531 0.224306 0.270313 0.445833
0 0.955469 0.087500 0.089063 0.166667
0 0.627734 0.088194 0.042969 0.173611
0 0.609375 0.030556 0.026562 0.058333
1 0.367578 0.177083 0.075781 0.298611
1 0.382031 0.123611 0.076563 0.244444
1 0.576953 0.109028 0.072656 0.212500
1 0.560156 0.093056 0.054688 0.183333
1 0.589063 0.213194 0.107813 0.351389
1 0.619531 0.518056 0.170313 0.477778
1 0.673828 0.736806 0.224219 0.526389
1 0.669141 0.947917 0.141406 0.104167
1 0.242188 0.922917 0.114062 0.154167
1 0.294141 0.709028 0.200781 0.509722
1 0.373047 0.511111 0.163281 0.497222
