0 0.093359 0.714583 0.178906 0.570833
0 0.133984 0.512500 0.261719 0.719444
0 0.164062 0.261806 0.270313 0.520833
0 0.919922 0.701389 0.160156 0.591667
0 0.862109 0.456944 0.271094 0.616667
0 0.803906 0.229167 0.265625 0.455556
0 0.954297 0.065972 0.091406 0.126389
0 0.620703 0.086806 0.055469 0.170833
0 0.307031 0.093750 0.071875 0.184722
0 0.335938 0.036111 0.053125 0.069444
0 0.598047 0.042361 0.039844 0.081944
1 0.385937 0.104861 0.060937 0.206944
1 0.381250 0.142361 0.068750 0.281944
1 0.357031 0.204861 0.089063 0.287500
1 0.555469 0.100694 0.059375 0.198611
1 0.568359 0.143056 0.055469 0.283333
1 0.571484 0.233333 0.089844 0.358333
1 0.361719 0.554861 0.179688 0.512500
1 0.387500 0.763194 0.256250 0.473611
1 0.239844 0.929861 0.107813 0.140278
1 0.614062 0.956944 0.098437 0.086111
1 0.662500 0.718750 0.179688 0.493056
1 0.619922 0.530556 0.169531 0.488889
2 0.314844 0.360417 0.203125 0.493056
2 0.653906 0.301389 0.187500 0.469444
2 0.759766 0.776389 0.271094 0.447222
