0 0.914844 0.690278 0.170313 0.550000
0 0.864453 0.427083 0.271094 0.593056
0 0.809766 0.191667 0.285156 0.380556
0 0.950781 0.084028 0.098437 0.162500
0 0.121094 0.450694 0.229687 0.706944
0 0.090234 0.675000 0.174219 0.602778
0 0.142578 0.189583 0.282031 0.359722
0 0.308594 0.073611 0.060937 0.144444
0 0.630469 0.078472 0.057813 0.154167
1 0.362109 0.177083 0.075781 0.312500
1 0.376953 0.134028 0.085156 0.265278
1 0.563672 0.221528 0.080469 0.359722
1 0.583984 0.125694 0.083594 0.248611
1 0.550000 0.090972 0.050000 0.179167
1 0.363281 0.516667 0.171875 0.502778
1 0.296875 0.738889 0.178125 0.505556
1 0.250391 0.921528 0.114844 0.156944
1 0.676953 0.940972 0.128906 0.118056
1 0.644531 0.718750 0.176563 0.534722
1 0.619141 0.504861 0.167969 0.473611
1 0.388672 0.086806 0.053906 0.170833
2 0.681641 0.308333 0.199219 0.477778
2 0.819141 0.819444 0.335156 0.361111
2 0.316797 0.327083 0.197656 0.454167
