1 0.347656 0.536111 0.171875 0.508333
1 0.289844 0.746528 0.175000 0.487500
1 0.249609 0.920139 0.069531 0.159722
1 0.462891 0.891667 0.178906 0.216667
1 0.642969 0.703472 0.196875 0.456944
1 0.614062 0.493056 0.178125 0.430556
1 0.341797 0.177083 0.096094 0.309722
1 0.370703 0.129861 0.067969 0.256944
1 0.566406 0.208333 0.082812 0.325000
1 0.573438 0.140278 0.078125 0.277778
1 0.557422 0.097222 0.071094 0.191667
0 0.865234 0.502778 0.269531 0.694444
0 0.907813 0.705556 0.184375 0.588889
0 0.796484 0.206250 0.275781 0.409722
0 0.940234 0.077778 0.108594 0.136111
0 0.153906 0.199306 0.246875 0.390278
0 0.106641 0.468750 0.185156 0.706944
0 0.073047 0.690278 0.141406 0.619444
0 0.304297 0.076389 0.050781 0.150000
0 0.610156 0.088889 0.051562 0.175000
2 0.302734 0.336806 0.199219 0.473611
2 0.664453 0.305556 0.230469 0.436111
2 0.597266 0.704167 0.322656 0.591667
