0 0.871875 0.452778 0.256250 0.611111
0 0.921484 0.711806 0.157031 0.576389
0 0.825000 0.215278 0.301563 0.419444
0 0.958203 0.072917 0.083594 0.137500
0 0.162891 0.197222 0.275781 0.386111
0 0.111328 0.472222 0.213281 0.713889
0 0.098828 0.696528 0.178906 0.606944
0 0.324219 0.088889 0.057813 0.175000
0 0.636328 0.075000 0.057031 0.147222
1 0.376563 0.180556 0.070312 0.286111
1 0.392188 0.115972 0.056250 0.229167
1 0.571484 0.212500 0.091406 0.327778
1 0.581250 0.133333 0.071875 0.263889
1 0.559375 0.090972 0.053125 0.179167
1 0.626172 0.505556 0.169531 0.452778
1 0.663672 0.723611 0.191406 0.513889
1 0.637109 0.954861 0.080469 0.090278
1 0.229687 0.915972 0.095312 0.168056
1 0.304297 0.743056 0.191406 0.513889
1 0.379297 0.517361 0.158594 0.481944
2 0.314453 0.343056 0.210156 0.483333
2 0.665234 0.345833 0.191406 0.513889
2 0.829688 0.749306 0.340625 0.479167
