2 0.762109 0.762500 0.260156 0.475000
2 0.665234 0.327083 0.169531 0.431944
2 0.299219 0.357639 0.196875 0.476389
0 0.116797 0.530556 0.227344 0.727778
0 0.092188 0.713889 0.179688 0.533333
0 0.149219 0.256944 0.271875 0.500000
0 0.291797 0.096528 0.064844 0.190278
0 0.314844 0.038889 0.042188 0.075000
0 0.610938 0.090278 0.062500 0.177778
0 0.578516 0.038194 0.041406 0.073611
0 0.773828 0.212500 0.260156 0.419444
0 0.855078 0.434028 0.278906 0.593056
0 0.910937 0.695833 0.167187 0.608333
1 0.364063 0.103472 0.062500 0.204167
1 0.365625 0.144444 0.064062 0.277778
1 0.351562 0.207639 0.073438 0.293056
1 0.537109 0.101389 0.052344 0.200000
1 0.555469 0.139583 0.056250 0.276389
1 0.558203 0.227778 0.092969 0.341667
1 0.348828 0.563194 0.182031 0.526389
1 0.388281 0.764583 0.246875 0.470833
1 0.236719 0.934722 0.100000 0.130556
1 0.606641 0.950000 0.085156 0.100000
1 0.668359 0.702778 0.189844 0.494444
1 0.608984 0.538194 0.136719 0.490278
