0 0.085547 0.716667 0.157031 0.566667
0 0.108203 0.512500 0.205469 0.700000
0 0.128516 0.256944 0.221094 0.494444
0 0.900391 0.696528 0.199219 0.559722
0 0.846484 0.507639 0.303906 0.693056
0 0.785937 0.215972 0.309375 0.387500
0 0.929688 0.086806 0.140625 0.170833
0 0.271875 0.097222 0.076563 0.191667
0 0.595703 0.091667 0.089844 0.180556
0 0.555859 0.044444 0.060156 0.086111
0 0.303125 0.038889 0.045312 0.075000
1 0.231250 0.938889 0.075000 0.122222
1 0.501953 0.945833 0.144531 0.108333
1 0.637500 0.723611 0.193750 0.472222
1 0.357031 0.770139 0.231250 0.459722
1 0.572656 0.554861 0.123438 0.470833
1 0.326172 0.552778 0.200781 0.511111
1 0.544922 0.247222 0.113281 0.344444
1 0.329297 0.239583 0.105469 0.359722
1 0.536328 0.150000 0.069531 0.297222
1 0.516797 0.111806 0.055469 0.220833
1 0.340234 0.141667 0.083594 0.280556
2 0.278516 0.375000 0.199219 0.472222
2 0.724609 0.934028 0.302344 0.131944
2 0.647656 0.368056 0.189062 0.416667
