1 0.657031 0.677083 0.178125 0.440278
1 0.587109 0.931250 0.166406 0.137500
1 0.257422 0.922917 0.132031 0.154167
1 0.298047 0.738889 0.196094 0.505556
1 0.371094 0.532639 0.175000 0.523611
1 0.588672 0.525694 0.133594 0.479167
1 0.566016 0.213194 0.102344 0.326389
1 0.585547 0.140278 0.085156 0.277778
1 0.557031 0.097222 0.067187 0.191667
1 0.358984 0.187500 0.083594 0.316667
1 0.387109 0.118750 0.063281 0.234722
0 0.157422 0.203472 0.288281 0.390278
0 0.123828 0.441667 0.236719 0.675000
0 0.096484 0.692361 0.177344 0.615278
0 0.908984 0.708333 0.182031 0.583333
0 0.866797 0.465972 0.260156 0.615278
0 0.816406 0.218056 0.278125 0.422222
0 0.948828 0.084722 0.102344 0.166667
0 0.310156 0.081250 0.062500 0.159722
0 0.625000 0.085417 0.056250 0.168056
2 0.317969 0.340278 0.218750 0.497222
2 0.685156 0.327778 0.215625 0.527778
2 0.701172 0.763194 0.269531 0.473611
