1 0.671484 0.738889 0.199219 0.466667
1 0.725000 0.949306 0.107813 0.101389
1 0.345313 0.930556 0.109375 0.138889
1 0.361719 0.687500 0.139063 0.488889
1 0.388281 0.427083 0.101562 0.465278
1 0.441797 0.120833 0.110156 0.238889
1 0.630859 0.129861 0.091406 0.256944
1 0.652344 0.452778 0.132812 0.363889
2 0.679297 0.303472 0.171094 0.409722
2 0.754297 0.632639 0.214844 0.481944
2 0.193359 0.893750 0.266406 0.212500
0 0.132422 0.722917 0.241406 0.554167
0 0.891406 0.789583 0.185938 0.420833
0 0.890625 0.534722 0.218750 0.663889
0 0.841406 0.215278 0.214062 0.422222
0 0.177734 0.394444 0.227344 0.586111
0 0.016797 0.152083 0.032031 0.154167
0 0.036719 0.052083 0.051562 0.101389
0 0.247656 0.135417 0.239063 0.268056
0 0.979688 0.064583 0.040625 0.109722
