1 0.670312 0.740972 0.200000 0.509722
1 0.686719 0.954861 0.265625 0.090278
1 0.241797 0.943750 0.108594 0.112500
1 0.383203 0.775000 0.255469 0.450000
1 0.358594 0.577083 0.185938 0.504167
1 0.617969 0.554167 0.153125 0.486111
1 0.572266 0.259028 0.121094 0.356944
1 0.357422 0.240972 0.086719 0.320833
1 0.366016 0.161806 0.078906 0.298611
1 0.369141 0.116667 0.069531 0.230556
1 0.566016 0.155556 0.069531 0.297222
1 0.547266 0.111806 0.072656 0.220833
0 0.147656 0.254167 0.243750 0.455556
0 0.128125 0.535417 0.237500 0.698611
0 0.095703 0.730556 0.182031 0.527778
0 0.302344 0.107639 0.054688 0.212500
0 0.319922 0.053472 0.044531 0.104167
0 0.616016 0.097917 0.053906 0.193056
0 0.586328 0.047917 0.044531 0.093056
0 0.788672 0.245139 0.266406 0.476389
0 0.857031 0.490972 0.273438 0.670833
0 0.916406 0.702778 0.167187 0.583333
2 0.307031 0.394444 0.192188 0.466667
2 0.677344 0.364583 0.201563 0.412500
2 0.726953 0.777083 0.257031 0.445833
