1 0.293359 0.758333 0.167969 0.483333
1 0.242188 0.924306 0.089063 0.151389
1 0.454688 0.931944 0.243750 0.136111
1 0.637500 0.707639 0.215625 0.479167
1 0.576172 0.545833 0.160156 0.397222
1 0.353125 0.534028 0.165625 0.504167
1 0.340234 0.188889 0.105469 0.308333
1 0.365625 0.131944 0.056250 0.261111
1 0.564453 0.156944 0.072656 0.311111
1 0.545312 0.095139 0.070312 0.187500
0 0.905469 0.704167 0.181250 0.591667
0 0.864453 0.469444 0.271094 0.630556
0 0.792969 0.212500 0.251563 0.419444
0 0.950781 0.087500 0.098437 0.161111
0 0.152734 0.234028 0.241406 0.465278
0 0.111719 0.477083 0.214062 0.695833
0 0.073438 0.700694 0.142187 0.598611
0 0.296094 0.084028 0.056250 0.165278
0 0.609375 0.080556 0.053125 0.158333
2 0.296875 0.351389 0.225000 0.488889
2 0.575000 0.699306 0.235937 0.601389
2 0.523828 0.316667 0.403906 0.466667
