0 0.132422 0.225694 0.250781 0.443056
0 0.121875 0.498611 0.237500 0.713889
0 0.083594 0.709028 0.164062 0.581944
0 0.899219 0.709722 0.192188 0.580556
0 0.851562 0.493750 0.285938 0.684722
0 0.798828 0.211111 0.307031 0.416667
0 0.290234 0.091667 0.060156 0.180556
0 0.322266 0.036111 0.025781 0.069444
0 0.560937 0.037500 0.039062 0.072222
1 0.229687 0.926389 0.059375 0.147222
1 0.358984 0.759722 0.217969 0.450000
1 0.465625 0.940972 0.046875 0.118056
1 0.565234 0.620833 0.078906 0.288889
1 0.593359 0.550694 0.139844 0.418056
1 0.328516 0.527083 0.177344 0.456944
1 0.330469 0.193750 0.085938 0.293056
1 0.349609 0.145139 0.077344 0.273611
1 0.542188 0.234722 0.092188 0.347222
1 0.541406 0.144444 0.056250 0.250000
1 0.525000 0.098611 0.054688 0.194444
2 0.294922 0.365972 0.194531 0.462500
2 0.642578 0.788194 0.297656 0.423611
2 0.619141 0.292361 0.192969 0.434722
