2 0.769922 0.777083 0.274219 0.445833
2 0.671875 0.327083 0.200000 0.487500
2 0.321484 0.362500 0.200781 0.483333
0 0.130859 0.520139 0.253906 0.709722
0 0.105859 0.714583 0.200781 0.570833
0 0.916797 0.703472 0.166406 0.581944
0 0.862500 0.452778 0.275000 0.602778
0 0.815625 0.233333 0.279687 0.447222
0 0.155078 0.247222 0.255469 0.488889
0 0.317578 0.097917 0.060156 0.193056
0 0.341406 0.041667 0.043750 0.080556
0 0.631641 0.095833 0.061719 0.188889
0 0.601172 0.040278 0.038281 0.077778
1 0.241406 0.933333 0.100000 0.133333
1 0.396484 0.768750 0.247656 0.462500
1 0.634766 0.961111 0.110156 0.077778
1 0.668750 0.739583 0.185938 0.520833
1 0.634766 0.534722 0.172656 0.472222
1 0.363281 0.557639 0.176563 0.506944
1 0.357031 0.217361 0.106250 0.298611
1 0.380078 0.143056 0.088281 0.283333
1 0.571875 0.243056 0.093750 0.341667
1 0.574609 0.147222 0.066406 0.291667
1 0.556250 0.105556 0.059375 0.208333
