0 0.113281 0.750694 0.215625 0.498611
0 0.145703 0.584028 0.280469 0.690278
0 0.192188 0.297222 0.235937 0.452778
0 0.029687 0.152083 0.057813 0.159722
0 0.934766 0.656944 0.130469 0.422222
0 0.881641 0.459028 0.236719 0.531944
0 0.839453 0.254861 0.283594 0.437500
0 0.332031 0.122917 0.070312 0.243056
0 0.363281 0.072222 0.042188 0.141667
0 0.654297 0.119444 0.066406 0.236111
0 0.619922 0.072917 0.046094 0.143056
0 0.588672 0.029861 0.024219 0.056944
1 0.296484 0.962500 0.053906 0.075000
1 0.587500 0.958333 0.040625 0.083333
1 0.691016 0.756944 0.174219 0.461111
1 0.422266 0.800000 0.244531 0.400000
1 0.667578 0.597222 0.185156 0.469444
1 0.389453 0.621528 0.178906 0.495833
1 0.394922 0.286111 0.078906 0.316667
1 0.602734 0.295833 0.114844 0.344444
1 0.603906 0.194444 0.070312 0.294444
1 0.410938 0.202778 0.064062 0.288889
1 0.581250 0.147917 0.056250 0.293056
1 0.406641 0.109722 0.042969 0.208333
2 0.809375 0.833333 0.315625 0.333333
2 0.703906 0.402778 0.168750 0.469444
2 0.346484 0.439583 0.211719 0.459722
