2 0.768359 0.800694 0.292969 0.398611
2 0.727344 0.417361 0.201563 0.420833
2 0.359766 0.439583 0.197656 0.459722
0 0.117188 0.749306 0.229687 0.501389
0 0.150781 0.585417 0.296875 0.706944
0 0.201172 0.317361 0.258594 0.504167
0 0.037891 0.171528 0.074219 0.198611
0 0.935547 0.729861 0.128906 0.540278
0 0.886719 0.529861 0.226562 0.654167
0 0.849609 0.272222 0.277344 0.452778
0 0.670703 0.128472 0.086719 0.254167
0 0.629297 0.070139 0.044531 0.137500
0 0.606641 0.032639 0.025781 0.062500
0 0.351953 0.126389 0.061719 0.250000
0 0.374219 0.067361 0.040625 0.131944
0 0.389062 0.035417 0.021875 0.068056
1 0.297656 0.964583 0.051562 0.070833
1 0.591016 0.965972 0.053906 0.068056
1 0.424219 0.799306 0.246875 0.401389
1 0.661719 0.742361 0.143750 0.431944
1 0.653516 0.595139 0.141406 0.479167
1 0.399609 0.615972 0.192969 0.493056
1 0.612891 0.300694 0.121094 0.343056
1 0.406641 0.300000 0.114844 0.341667
1 0.410938 0.200000 0.089063 0.286111
1 0.604688 0.200694 0.056250 0.320833
1 0.416016 0.137500 0.058594 0.263889
1 0.582422 0.131944 0.055469 0.261111
