1 0.217188 0.925000 0.046875 0.150000
1 0.484766 0.942361 0.052344 0.115278
1 0.362109 0.764583 0.232031 0.470833
1 0.605859 0.675694 0.125781 0.423611
1 0.538281 0.527083 0.151562 0.509722
1 0.329688 0.531944 0.178125 0.469444
1 0.326953 0.197917 0.096094 0.315278
1 0.532422 0.177083 0.060156 0.254167
1 0.528516 0.120833 0.060156 0.238889
1 0.521875 0.104167 0.075000 0.205556
1 0.359375 0.121528 0.046875 0.240278
0 0.095312 0.472222 0.179688 0.702778
0 0.069531 0.697917 0.125000 0.565278
0 0.900391 0.705556 0.192969 0.588889
0 0.839844 0.479861 0.304688 0.676389
0 0.768750 0.217361 0.256250 0.418056
0 0.926562 0.081944 0.146875 0.152778
0 0.131250 0.223611 0.237500 0.441667
0 0.268359 0.097222 0.082031 0.191667
2 0.274219 0.359722 0.223438 0.486111
2 0.677344 0.731944 0.315625 0.536111
2 0.599219 0.331944 0.217188 0.544444
