2 0.629687 0.750000 0.293750 0.500000
2 0.650781 0.313194 0.182812 0.468056
2 0.316406 0.344444 0.203125 0.483333
0 0.098437 0.695833 0.182812 0.608333
0 0.125781 0.452083 0.240625 0.704167
0 0.147656 0.238889 0.243750 0.475000
0 0.315234 0.065972 0.055469 0.129167
0 0.623437 0.079167 0.046875 0.155556
0 0.791016 0.224306 0.242969 0.440278
0 0.851172 0.481944 0.230469 0.625000
0 0.891016 0.711806 0.178906 0.576389
0 0.940234 0.086806 0.119531 0.170833
1 0.379688 0.095833 0.067187 0.188889
1 0.363281 0.212500 0.101562 0.355556
1 0.557422 0.227083 0.071094 0.337500
1 0.570703 0.125000 0.057031 0.241667
1 0.550391 0.094444 0.049219 0.186111
1 0.353516 0.524306 0.191406 0.495833
1 0.287109 0.729861 0.172656 0.470833
1 0.246094 0.920833 0.135937 0.158333
1 0.567969 0.893750 0.276562 0.212500
1 0.651953 0.694444 0.163281 0.461111
1 0.596094 0.497222 0.139063 0.419444
