2 0.730859 0.779861 0.258594 0.440278
2 0.692187 0.348611 0.207813 0.411111
2 0.320312 0.387500 0.193750 0.452778
0 0.105859 0.722917 0.207031 0.526389
0 0.132031 0.543750 0.260937 0.715278
0 0.155078 0.276389 0.255469 0.508333
0 0.026172 0.080556 0.050781 0.105556
0 0.923828 0.695139 0.152344 0.581944
0 0.869141 0.460417 0.261719 0.615278
0 0.813281 0.229861 0.276562 0.448611
0 0.955078 0.077778 0.089844 0.150000
0 0.626172 0.097917 0.057031 0.193056
0 0.599219 0.046528 0.039062 0.090278
0 0.314453 0.107639 0.069531 0.212500
0 0.336328 0.052778 0.041406 0.102778
1 0.391406 0.115972 0.054688 0.229167
1 0.388672 0.154167 0.069531 0.280556
1 0.372266 0.219444 0.088281 0.280556
1 0.553125 0.109722 0.056250 0.216667
1 0.569922 0.153472 0.053906 0.301389
1 0.579297 0.246528 0.102344 0.348611
1 0.356250 0.578472 0.187500 0.520833
1 0.402734 0.773611 0.255469 0.452778
1 0.272266 0.944444 0.066406 0.111111
1 0.575391 0.928472 0.088281 0.143056
1 0.673047 0.702083 0.185156 0.468056
1 0.628125 0.561806 0.148438 0.493056
