1 0.366406 0.512500 0.164062 0.500000
1 0.312891 0.743750 0.152344 0.498611
1 0.245312 0.911806 0.107813 0.176389
1 0.648047 0.939583 0.103906 0.120833
1 0.668750 0.731944 0.214062 0.536111
1 0.618359 0.526389 0.152344 0.494444
1 0.594531 0.217361 0.110937 0.348611
1 0.583594 0.129167 0.062500 0.255556
1 0.554297 0.102083 0.049219 0.201389
1 0.362891 0.190278 0.092969 0.344444
1 0.391016 0.121528 0.069531 0.240278
0 0.325000 0.072917 0.071875 0.143056
0 0.170313 0.238889 0.289062 0.475000
0 0.116406 0.452083 0.210938 0.693056
0 0.082812 0.688889 0.157812 0.622222
0 0.919922 0.699306 0.157031 0.601389
0 0.865625 0.410417 0.253125 0.556944
0 0.816797 0.218750 0.277344 0.412500
0 0.958984 0.088194 0.082031 0.173611
0 0.636719 0.079167 0.046875 0.155556
0 0.333594 0.084722 0.051562 0.166667
2 0.698828 0.350694 0.227344 0.506944
2 0.823438 0.800694 0.353125 0.398611
2 0.315625 0.343056 0.215625 0.477778
