2 0.681641 0.745139 0.224219 0.509722
2 0.669531 0.334028 0.198437 0.515278
2 0.311719 0.340972 0.212500 0.459722
1 0.360156 0.197222 0.112500 0.338889
1 0.375781 0.120833 0.076563 0.238889
1 0.570703 0.228472 0.086719 0.345833
1 0.573047 0.131944 0.042969 0.261111
1 0.568359 0.091667 0.080469 0.180556
1 0.286719 0.740278 0.195312 0.494444
1 0.241797 0.920139 0.135156 0.159722
1 0.621094 0.919444 0.246875 0.161111
1 0.667188 0.695833 0.196875 0.475000
1 0.621094 0.528472 0.190625 0.518056
1 0.349609 0.527083 0.200781 0.512500
0 0.138281 0.208333 0.257812 0.413889
0 0.112109 0.474306 0.222656 0.701389
0 0.085156 0.698611 0.165625 0.602778
0 0.921484 0.704861 0.155469 0.590278
0 0.791797 0.419444 0.252344 0.652778
0 0.821094 0.202083 0.267188 0.401389
0 0.948828 0.068056 0.102344 0.130556
