2 0.741016 0.659028 0.216406 0.470833
2 0.182812 0.914583 0.267188 0.170833
2 0.676562 0.321528 0.170313 0.401389
0 0.244141 0.190278 0.233594 0.369444
0 0.160156 0.420833 0.229687 0.552778
0 0.122266 0.733333 0.224219 0.516667
0 0.019922 0.175694 0.036719 0.118056
0 0.030859 0.069444 0.060156 0.136111
0 0.813281 0.273611 0.262500 0.522222
0 0.974609 0.119444 0.050781 0.158333
0 0.875781 0.557639 0.201563 0.631944
0 0.905469 0.806944 0.179688 0.386111
1 0.423438 0.125694 0.095312 0.248611
1 0.633203 0.132639 0.089844 0.262500
1 0.627344 0.507639 0.115625 0.337500
1 0.659766 0.764583 0.175781 0.470833
1 0.342187 0.945833 0.123438 0.108333
1 0.346094 0.716667 0.139063 0.469444
1 0.392188 0.457639 0.125000 0.451389
