0 0.864062 0.540278 0.260937 0.611111
0 0.890625 0.800000 0.218750 0.400000
0 0.825000 0.243056 0.245312 0.477778
0 0.964453 0.119444 0.071094 0.213889
0 0.157031 0.443056 0.242188 0.563889
0 0.127344 0.756250 0.234375 0.487500
0 0.230078 0.200000 0.246094 0.388889
0 0.034375 0.086806 0.067187 0.156944
0 0.665625 0.049306 0.046875 0.095833
0 0.382812 0.044444 0.029687 0.086111
1 0.414844 0.143056 0.095312 0.283333
1 0.611719 0.120833 0.110937 0.238889
1 0.649219 0.485417 0.153125 0.437500
1 0.658594 0.768750 0.184375 0.462500
1 0.705859 0.958333 0.121094 0.083333
1 0.342969 0.959722 0.098437 0.080556
1 0.346484 0.744444 0.130469 0.452778
1 0.367188 0.454167 0.145313 0.444444
2 0.680469 0.604861 0.228125 0.509722
2 0.678516 0.320139 0.196094 0.384722
2 0.205078 0.911806 0.294531 0.176389
