2 0.703906 0.752083 0.332813 0.495833
2 0.626172 0.311806 0.185156 0.440278
2 0.270703 0.354167 0.188281 0.463889
0 0.080469 0.695833 0.148438 0.561111
0 0.091406 0.504167 0.175000 0.722222
0 0.118750 0.234028 0.235937 0.465278
0 0.893359 0.697222 0.203906 0.605556
0 0.835938 0.430556 0.300000 0.591667
0 0.759766 0.192361 0.255469 0.381944
0 0.922656 0.081944 0.145313 0.161111
0 0.274219 0.083333 0.050000 0.163889
0 0.585156 0.086111 0.050000 0.169444
0 0.301953 0.027778 0.025781 0.052778
0 0.553516 0.032639 0.038281 0.062500
1 0.218750 0.919444 0.057813 0.161111
1 0.533984 0.941667 0.157031 0.116667
1 0.342187 0.761111 0.248438 0.477778
1 0.605859 0.689583 0.146094 0.465278
1 0.573828 0.527083 0.121094 0.473611
1 0.317578 0.539583 0.199219 0.515278
1 0.533984 0.229861 0.111719 0.362500
1 0.544141 0.134028 0.085156 0.265278
1 0.524609 0.095833 0.077344 0.188889
1 0.314453 0.206250 0.088281 0.323611
1 0.332422 0.141667 0.082031 0.272222
