0 0.906641 0.704861 0.178906 0.590278
0 0.859766 0.503472 0.261719 0.718056
0 0.792188 0.222917 0.256250 0.443056
0 0.946484 0.093056 0.107031 0.172222
0 0.113281 0.488194 0.214062 0.726389
0 0.078125 0.701389 0.135937 0.597222
0 0.139063 0.205556 0.240625 0.408333
0 0.617969 0.078472 0.050000 0.154167
0 0.588281 0.036806 0.023438 0.056944
0 0.303906 0.077778 0.064062 0.152778
1 0.355859 0.205556 0.089844 0.336111
1 0.376563 0.120139 0.075000 0.237500
1 0.553125 0.225000 0.079687 0.338889
1 0.566406 0.131944 0.060937 0.261111
1 0.541016 0.098611 0.050781 0.194444
1 0.357031 0.534722 0.189062 0.486111
1 0.301563 0.743056 0.156250 0.488889
1 0.253906 0.925694 0.103125 0.148611
1 0.465625 0.899306 0.178125 0.201389
1 0.644922 0.736806 0.213281 0.415278
1 0.617969 0.482639 0.182812 0.384722
2 0.598828 0.697917 0.332031 0.604167
2 0.643359 0.295139 0.227344 0.495833
2 0.307031 0.337500 0.192188 0.441667
