0 0.069141 0.743056 0.124219 0.513889
0 0.109375 0.575694 0.206250 0.729167
0 0.131250 0.299306 0.226562 0.526389
0 0.903125 0.721528 0.193750 0.520833
0 0.839844 0.488889 0.298438 0.561111
0 0.775781 0.272917 0.273438 0.431944
0 0.942578 0.138194 0.114844 0.179167
0 0.588281 0.118750 0.054688 0.231944
0 0.275781 0.120139 0.054688 0.237500
0 0.296875 0.069444 0.045312 0.136111
0 0.556250 0.068056 0.040625 0.133333
1 0.228516 0.964583 0.046094 0.070833
1 0.521484 0.955556 0.066406 0.088889
1 0.355859 0.795139 0.246094 0.409722
1 0.608594 0.761111 0.145313 0.477778
1 0.604297 0.588194 0.188281 0.481944
1 0.321094 0.604167 0.189062 0.477778
1 0.541016 0.293056 0.113281 0.336111
1 0.328906 0.263194 0.095312 0.298611
1 0.541406 0.204167 0.067187 0.327778
1 0.514844 0.130556 0.053125 0.258333
1 0.344531 0.199306 0.071875 0.287500
1 0.352734 0.141667 0.049219 0.269444
2 0.284766 0.421528 0.203906 0.462500
2 0.782031 0.822917 0.321875 0.354167
2 0.633984 0.401389 0.166406 0.461111
