0 0.883203 0.551389 0.228906 0.658333
0 0.917188 0.800000 0.165625 0.377778
0 0.860938 0.249306 0.218750 0.493056
0 0.260937 0.174306 0.225000 0.345833
0 0.182812 0.411806 0.289062 0.584722
0 0.144922 0.723611 0.288281 0.552778
1 0.407813 0.439583 0.084375 0.434722
1 0.366406 0.688194 0.126562 0.454167
1 0.351562 0.939583 0.126562 0.120833
1 0.709375 0.954167 0.090625 0.091667
1 0.668750 0.752083 0.176563 0.465278
1 0.655078 0.495139 0.132031 0.376389
1 0.646094 0.127083 0.092188 0.251389
1 0.449609 0.115278 0.082031 0.227778
2 0.688672 0.325694 0.167969 0.404167
2 0.764062 0.660417 0.225000 0.498611
2 0.216016 0.895139 0.314844 0.209722
