2 0.743750 0.786806 0.367188 0.426389
2 0.638672 0.406944 0.200781 0.452778
2 0.267578 0.405556 0.213281 0.463889
0 0.066797 0.733333 0.132031 0.533333
0 0.107813 0.555556 0.209375 0.730556
0 0.885156 0.715972 0.209375 0.568056
0 0.837891 0.504167 0.316406 0.602778
0 0.758203 0.273611 0.272656 0.483333
0 0.568359 0.114583 0.038281 0.226389
0 0.539844 0.059028 0.026562 0.115278
0 0.260937 0.113889 0.056250 0.225000
0 0.290625 0.056250 0.039062 0.109722
0 0.922656 0.125000 0.148438 0.155556
0 0.979688 0.048611 0.037500 0.094444
0 0.929688 0.022917 0.053125 0.043056
1 0.212500 0.954861 0.053125 0.090278
0 0.119141 0.288889 0.227344 0.525000
1 0.512500 0.958333 0.051562 0.083333
1 0.608984 0.733333 0.152344 0.441667
1 0.570312 0.575000 0.131250 0.472222
1 0.344141 0.784028 0.244531 0.431944
1 0.307812 0.593056 0.206250 0.519444
1 0.524219 0.276389 0.106250 0.341667
1 0.316797 0.253472 0.099219 0.315278
1 0.522656 0.174306 0.067187 0.318056
1 0.500781 0.127778 0.057813 0.244444
1 0.323437 0.142361 0.078125 0.231944
1 0.328516 0.116667 0.074219 0.230556
