0 0.060156 0.750000 0.115625 0.500000
0 0.099609 0.589583 0.183594 0.729167
0 0.884375 0.722222 0.231250 0.536111
0 0.827344 0.495139 0.326562 0.579167
0 0.739062 0.262500 0.264062 0.411111
0 0.912891 0.129167 0.174219 0.155556
0 0.977734 0.229167 0.044531 0.061111
0 0.969922 0.078472 0.060156 0.151389
0 0.112109 0.296528 0.213281 0.470833
0 0.561328 0.122917 0.052344 0.243056
0 0.529687 0.069444 0.040625 0.136111
0 0.236328 0.136806 0.072656 0.270833
0 0.262500 0.075000 0.050000 0.147222
0 0.503516 0.028472 0.033594 0.054167
0 0.285938 0.034722 0.026562 0.066667
1 0.330078 0.795833 0.257031 0.408333
1 0.201563 0.971528 0.040625 0.056944
1 0.508203 0.965972 0.049219 0.068056
1 0.594141 0.752083 0.150781 0.448611
1 0.571484 0.593750 0.174219 0.481944
1 0.306250 0.625694 0.198437 0.512500
1 0.523047 0.302083 0.125781 0.345833
1 0.304297 0.278472 0.097656 0.318056
1 0.312109 0.201389 0.072656 0.300000
1 0.512891 0.193750 0.067969 0.315278
1 0.487500 0.134028 0.071875 0.265278
1 0.310547 0.140278 0.082031 0.277778
2 0.741016 0.825694 0.378906 0.348611
2 0.633594 0.416667 0.200000 0.416667
2 0.253125 0.445139 0.206250 0.476389
