0 0.899219 0.699306 0.201563 0.573611
0 0.844531 0.486806 0.289062 0.640278
0 0.786328 0.210417 0.264844 0.395833
0 0.931250 0.106944 0.137500 0.197222
0 0.081641 0.708333 0.149219 0.583333
0 0.112109 0.486111 0.222656 0.708333
0 0.136719 0.209722 0.251563 0.411111
0 0.603125 0.090278 0.075000 0.177778
0 0.272656 0.095833 0.073438 0.188889
0 0.317188 0.037500 0.025000 0.072222
0 0.564844 0.040278 0.043750 0.077778
1 0.212891 0.917361 0.069531 0.165278
1 0.355859 0.764583 0.232031 0.470833
1 0.485938 0.935417 0.123438 0.129167
1 0.622266 0.699306 0.136719 0.462500
1 0.563281 0.529167 0.117188 0.483333
1 0.315625 0.550694 0.185938 0.506944
1 0.320703 0.210417 0.111719 0.356944
1 0.535156 0.231250 0.107813 0.348611
1 0.541016 0.143056 0.071094 0.283333
1 0.516797 0.104167 0.041406 0.205556
1 0.350781 0.102778 0.079687 0.202778
2 0.283594 0.364583 0.204687 0.473611
2 0.671094 0.784722 0.318750 0.430556
2 0.637891 0.321528 0.175781 0.479167
