0 0.898438 0.709028 0.200000 0.581944
0 0.851172 0.487500 0.286719 0.680556
0 0.779297 0.212500 0.267969 0.408333
0 0.931250 0.092361 0.137500 0.179167
0 0.115625 0.502778 0.212500 0.716667
0 0.077734 0.700694 0.153906 0.598611
0 0.137109 0.235417 0.239844 0.465278
0 0.600781 0.098611 0.054688 0.194444
0 0.583203 0.043056 0.052344 0.083333
0 0.290625 0.099306 0.059375 0.195833
0 0.312891 0.030556 0.030469 0.058333
1 0.225391 0.927778 0.061719 0.144444
1 0.507812 0.938194 0.159375 0.123611
1 0.635938 0.696528 0.168750 0.437500
1 0.587109 0.548611 0.121094 0.450000
1 0.373047 0.777083 0.272656 0.445833
1 0.330469 0.549306 0.171875 0.504167
1 0.328906 0.213889 0.106250 0.341667
1 0.542188 0.233333 0.096875 0.338889
1 0.550781 0.143056 0.062500 0.283333
1 0.526172 0.106250 0.067969 0.209722
1 0.359766 0.136806 0.057031 0.265278
2 0.282422 0.356944 0.213281 0.450000
2 0.699219 0.870833 0.335938 0.258333
2 0.634375 0.325694 0.181250 0.501389
