0 0.917188 0.704861 0.162500 0.590278
0 0.867188 0.478472 0.265625 0.659722
0 0.807031 0.226389 0.267188 0.438889
0 0.950781 0.076389 0.098437 0.144444
0 0.099219 0.736111 0.192188 0.527778
0 0.131250 0.549306 0.240625 0.706944
0 0.156250 0.282639 0.257812 0.518056
0 0.020703 0.099306 0.036719 0.123611
0 0.317188 0.111111 0.065625 0.219444
0 0.337891 0.054167 0.050781 0.105556
0 0.626563 0.102778 0.059375 0.202778
0 0.596484 0.052778 0.041406 0.102778
1 0.368359 0.240972 0.086719 0.304167
1 0.283203 0.944444 0.067969 0.111111
1 0.406641 0.778472 0.242969 0.443056
1 0.603516 0.931944 0.113281 0.136111
1 0.665234 0.698611 0.150781 0.425000
1 0.628125 0.556944 0.142187 0.494444
1 0.589844 0.261111 0.132812 0.358333
1 0.392578 0.150694 0.072656 0.268056
1 0.583203 0.152083 0.074219 0.293056
1 0.567969 0.113194 0.076563 0.223611
1 0.378125 0.081944 0.048438 0.161111
2 0.717969 0.736806 0.240625 0.526389
2 0.689844 0.390972 0.187500 0.484722
2 0.333203 0.398611 0.200781 0.461111
