2 0.635547 0.300000 0.200781 0.502778
2 0.501563 0.137500 0.154688 0.272222
2 0.225781 0.911806 0.295312 0.176389
1 0.303906 0.618056 0.162500 0.450000
1 0.351953 0.884028 0.153906 0.231944
1 0.723828 0.788194 0.210156 0.423611
1 0.593750 0.494444 0.184375 0.472222
1 0.513281 0.268056 0.153125 0.380556
1 0.278516 0.325694 0.158594 0.451389
1 0.250391 0.060417 0.100781 0.118056
0 0.093750 0.460417 0.175000 0.609722
0 0.098828 0.761806 0.188281 0.476389
0 0.097266 0.200694 0.186719 0.395833
0 0.862891 0.543056 0.274219 0.827778
0 0.756641 0.179167 0.341406 0.355556
0 0.566797 0.067361 0.082031 0.131944
