0 0.221484 0.506250 0.278906 0.576389
0 0.165625 0.775000 0.321875 0.450000
0 0.933203 0.778472 0.128906 0.443056
0 0.905469 0.515972 0.189062 0.651389
0 0.876172 0.210417 0.232031 0.418056
0 0.428125 0.050694 0.056250 0.098611
0 0.287109 0.234722 0.214844 0.450000
0 0.080469 0.161806 0.146875 0.304167
0 0.041406 0.331944 0.081250 0.258333
1 0.463672 0.136806 0.096094 0.270833
1 0.670703 0.129167 0.103906 0.255556
1 0.449609 0.475000 0.107031 0.430556
1 0.418750 0.734028 0.150000 0.412500
1 0.800391 0.961111 0.105469 0.077778
1 0.726172 0.756944 0.172656 0.469444
1 0.701562 0.505556 0.153125 0.402778
2 0.723437 0.316667 0.156250 0.405556
2 0.796875 0.640278 0.195312 0.475000
2 0.435547 0.940972 0.180469 0.118056
