0 0.860938 0.336806 0.228125 0.518056
0 0.893750 0.595139 0.212500 0.531944
0 0.919922 0.822222 0.139844 0.355556
0 0.135937 0.788194 0.250000 0.423611
0 0.196094 0.557639 0.248438 0.604167
0 0.268750 0.261806 0.225000 0.495833
0 0.079687 0.142361 0.134375 0.273611
0 0.031641 0.332639 0.052344 0.201389
0 0.400781 0.090972 0.073438 0.179167
0 0.703125 0.095139 0.075000 0.187500
1 0.439453 0.184722 0.097656 0.336111
1 0.649219 0.208333 0.096875 0.313889
1 0.475391 0.102083 0.053906 0.201389
1 0.653125 0.091667 0.056250 0.180556
1 0.628516 0.063194 0.050781 0.123611
1 0.398438 0.533333 0.121875 0.441667
1 0.369922 0.792361 0.158594 0.415278
1 0.686328 0.800000 0.155469 0.400000
1 0.677734 0.581944 0.141406 0.405556
2 0.682813 0.404861 0.156250 0.395833
2 0.763672 0.713194 0.200781 0.465278
2 0.216016 0.961806 0.128906 0.076389
