0 0.858203 0.536806 0.283594 0.823611
0 0.749609 0.158333 0.316406 0.313889
0 0.571875 0.079167 0.098437 0.155556
0 0.105078 0.176389 0.208594 0.350000
0 0.105078 0.476389 0.202344 0.650000
0 0.118750 0.775694 0.225000 0.448611
1 0.285547 0.643750 0.169531 0.473611
1 0.274219 0.363194 0.157812 0.459722
1 0.584766 0.511111 0.196094 0.458333
1 0.350781 0.897222 0.151562 0.205556
1 0.730859 0.788194 0.197656 0.423611
1 0.503906 0.281944 0.139063 0.383333
1 0.246094 0.077778 0.096875 0.152778
2 0.498437 0.135417 0.164062 0.268056
2 0.623828 0.304861 0.163281 0.498611
2 0.230469 0.910417 0.296875 0.165278
