1 0.388672 0.377083 0.117969 0.440278
1 0.365625 0.659722 0.146875 0.466667
1 0.362500 0.914583 0.134375 0.170833
1 0.727734 0.907639 0.096094 0.184722
1 0.671484 0.678472 0.182031 0.490278
1 0.645312 0.412500 0.139063 0.397222
1 0.616406 0.095139 0.092188 0.187500
1 0.411328 0.090972 0.097656 0.179167
0 0.217969 0.156250 0.265625 0.295833
0 0.167187 0.388194 0.287500 0.554167
0 0.146484 0.725694 0.266406 0.518056
0 0.901563 0.725694 0.196875 0.529167
0 0.877344 0.400000 0.245312 0.597222
0 0.837891 0.173611 0.274219 0.336111
2 0.671094 0.205556 0.167187 0.380556
2 0.750781 0.538889 0.237500 0.450000
2 0.230078 0.888194 0.308594 0.223611
