2 0.780859 0.538889 0.227344 0.477778
2 0.242578 0.877083 0.275781 0.245833
2 0.701953 0.209722 0.182031 0.411111
1 0.671484 0.404861 0.133594 0.395833
1 0.703125 0.666667 0.179688 0.502778
1 0.768359 0.906944 0.127344 0.186111
1 0.381250 0.906944 0.146875 0.186111
1 0.389453 0.635417 0.142969 0.451389
1 0.407813 0.372917 0.120313 0.451389
1 0.446094 0.077083 0.115625 0.151389
1 0.639844 0.072917 0.081250 0.143056
0 0.193750 0.376389 0.306250 0.594444
0 0.146094 0.715278 0.285938 0.569444
0 0.922656 0.743750 0.150000 0.512500
0 0.893359 0.403472 0.200781 0.584722
0 0.866016 0.166667 0.260156 0.319444
0 0.247656 0.141667 0.295312 0.280556
0 0.048047 0.062500 0.074219 0.113889
0 0.023828 0.161111 0.039844 0.175000
