2 0.812891 0.515278 0.216406 0.488889
2 0.446484 0.906944 0.194531 0.186111
2 0.731641 0.192361 0.182031 0.370833
0 0.229687 0.454167 0.257812 0.569444
0 0.179297 0.758333 0.322656 0.483333
0 0.949219 0.711111 0.101562 0.569444
0 0.910937 0.355556 0.178125 0.591667
0 0.875781 0.140972 0.248438 0.276389
0 0.278906 0.190278 0.246875 0.366667
0 0.075391 0.157639 0.139844 0.312500
0 0.042969 0.334722 0.070312 0.311111
1 0.451172 0.404167 0.124219 0.430556
1 0.428516 0.662500 0.157031 0.422222
1 0.833594 0.902778 0.129688 0.194444
1 0.769531 0.664583 0.201563 0.487500
1 0.719531 0.407639 0.164062 0.384722
1 0.463672 0.098611 0.122656 0.194444
1 0.659766 0.081250 0.091406 0.159722
