0 0.905078 0.540972 0.189844 0.609722
0 0.917188 0.791667 0.165625 0.352778
0 0.882812 0.236806 0.234375 0.465278
0 0.293359 0.181944 0.217969 0.361111
0 0.208984 0.428472 0.294531 0.543056
0 0.162500 0.742361 0.293750 0.515278
0 0.041016 0.286111 0.072656 0.291667
0 0.081641 0.077778 0.161719 0.152778
0 0.730859 0.058333 0.044531 0.113889
2 0.709766 0.340972 0.155469 0.420833
2 0.804688 0.665278 0.226562 0.527778
2 0.221094 0.921528 0.240625 0.156944
1 0.382422 0.727083 0.149219 0.454167
1 0.388672 0.968056 0.121094 0.063889
1 0.747656 0.974306 0.079687 0.051389
1 0.709375 0.771528 0.171875 0.456944
1 0.689453 0.513194 0.128906 0.362500
1 0.432422 0.465278 0.117969 0.430556
1 0.458594 0.134722 0.110937 0.266667
1 0.666016 0.136111 0.089844 0.269444
