2 0.805078 0.640278 0.232031 0.444444
2 0.730078 0.292361 0.164844 0.370833
2 0.235547 0.895139 0.257031 0.209722
0 0.237500 0.416667 0.303125 0.600000
0 0.153125 0.713194 0.287500 0.529167
0 0.928516 0.796528 0.139844 0.406944
0 0.907813 0.488194 0.184375 0.573611
0 0.893359 0.206250 0.213281 0.406944
0 0.292578 0.178472 0.232031 0.354167
0 0.076563 0.059028 0.137500 0.112500
0 0.048828 0.199306 0.085156 0.220833
1 0.390625 0.703472 0.153125 0.465278
1 0.385937 0.938194 0.131250 0.123611
1 0.716406 0.754861 0.182812 0.481944
1 0.773047 0.959722 0.105469 0.080556
1 0.695703 0.481250 0.146094 0.370833
1 0.435547 0.431944 0.107031 0.450000
1 0.471094 0.122222 0.098437 0.241667
1 0.679297 0.133333 0.083594 0.263889
1 0.501563 0.062500 0.048438 0.122222
