1 0.684375 0.081944 0.084375 0.161111
1 0.478906 0.113194 0.095312 0.223611
1 0.450000 0.407639 0.110937 0.443056
1 0.436719 0.670833 0.121875 0.430556
1 0.744922 0.697222 0.169531 0.477778
1 0.812500 0.929861 0.106250 0.140278
1 0.715234 0.452083 0.138281 0.351389
2 0.735156 0.218750 0.182812 0.365278
2 0.828516 0.560417 0.247656 0.526389
2 0.432812 0.912500 0.201563 0.175000
0 0.230859 0.446528 0.283594 0.606944
0 0.166797 0.744444 0.313281 0.511111
0 0.052734 0.324306 0.091406 0.337500
0 0.078906 0.132639 0.148438 0.262500
0 0.294531 0.172917 0.237500 0.329167
0 0.889844 0.145139 0.220312 0.287500
0 0.914062 0.398611 0.171875 0.533333
0 0.947656 0.748611 0.104688 0.494444
