0 0.222266 0.215278 0.283594 0.427778
0 0.167969 0.465278 0.314063 0.636111
0 0.141016 0.745833 0.278906 0.508333
0 0.880469 0.754861 0.225000 0.490278
0 0.873828 0.493056 0.250781 0.650000
0 0.830078 0.224306 0.260156 0.443056
1 0.385937 0.420139 0.106250 0.437500
1 0.361328 0.688889 0.125781 0.425000
1 0.668750 0.713889 0.170313 0.477778
1 0.697266 0.932639 0.058594 0.134722
1 0.620703 0.447222 0.096094 0.397222
2 0.665625 0.259722 0.168750 0.411111
2 0.741016 0.591667 0.216406 0.475000
2 0.360547 0.917361 0.177344 0.165278
