0 0.245312 0.204861 0.257812 0.406944
0 0.188672 0.440972 0.310156 0.651389
0 0.150781 0.731944 0.289062 0.536111
0 0.850391 0.211111 0.255469 0.411111
0 0.881250 0.478472 0.237500 0.673611
0 0.912891 0.751389 0.174219 0.475000
1 0.409375 0.400694 0.093750 0.434722
1 0.381250 0.648611 0.126562 0.411111
1 0.694531 0.706944 0.173437 0.494444
1 0.716406 0.925694 0.059375 0.148611
1 0.637500 0.439583 0.084375 0.381944
2 0.677344 0.251389 0.156250 0.438889
2 0.763281 0.575694 0.229687 0.465278
2 0.367188 0.909722 0.196875 0.180556
