1 0.685547 0.736111 0.185156 0.452778
1 0.737109 0.944444 0.103906 0.111111
1 0.376563 0.943750 0.143750 0.112500
1 0.372656 0.701389 0.148438 0.461111
1 0.406250 0.437500 0.112500 0.433333
1 0.644141 0.434028 0.121094 0.415278
1 0.630469 0.118056 0.090625 0.233333
1 0.411328 0.122917 0.111719 0.243056
0 0.230078 0.174306 0.247656 0.334722
0 0.170703 0.445139 0.252344 0.598611
0 0.142969 0.752083 0.275000 0.495833
0 0.021094 0.227778 0.035937 0.180556
0 0.042188 0.087500 0.079687 0.172222
0 0.881641 0.459028 0.227344 0.559722
0 0.908984 0.758333 0.182031 0.455556
0 0.848437 0.204167 0.264062 0.402778
2 0.666406 0.293056 0.157812 0.402778
2 0.749219 0.610417 0.212500 0.484722
2 0.210547 0.903472 0.289844 0.193056
