1 0.428906 0.453472 0.129688 0.431944
1 0.417187 0.699306 0.142187 0.420833
1 0.812500 0.944444 0.139063 0.111111
1 0.737109 0.736111 0.182031 0.486111
1 0.689844 0.482639 0.131250 0.376389
1 0.451953 0.129167 0.100781 0.255556
1 0.666406 0.109722 0.103125 0.216667
2 0.708594 0.262500 0.173437 0.388889
2 0.796094 0.604167 0.210938 0.494444
2 0.426563 0.939583 0.168750 0.120833
0 0.214062 0.495139 0.273438 0.601389
0 0.154688 0.759722 0.295312 0.480556
0 0.271875 0.192361 0.225000 0.379167
0 0.932422 0.750694 0.135156 0.484722
0 0.902344 0.446528 0.195312 0.581944
0 0.873828 0.186111 0.252344 0.363889
0 0.069922 0.139583 0.125781 0.265278
0 0.042578 0.325694 0.075781 0.273611
