0 0.256250 0.184028 0.273438 0.359722
0 0.208203 0.396528 0.313281 0.626389
0 0.150781 0.711806 0.289062 0.576389
0 0.919141 0.732639 0.142969 0.534722
0 0.898047 0.429167 0.203906 0.663889
0 0.869531 0.193056 0.243750 0.383333
1 0.439063 0.355556 0.085938 0.447222
1 0.410156 0.631944 0.112500 0.458333
1 0.407813 0.912500 0.114062 0.175000
1 0.739062 0.903472 0.053125 0.193056
1 0.709375 0.662500 0.178125 0.491667
1 0.671094 0.393750 0.131250 0.390278
2 0.702734 0.190972 0.175781 0.370833
2 0.791797 0.529861 0.236719 0.451389
2 0.263672 0.877083 0.285156 0.245833
