0 0.691406 0.043750 0.034375 0.084722
0 0.393750 0.036111 0.025000 0.069444
0 0.979688 0.051389 0.040625 0.091667
0 0.851562 0.213889 0.234375 0.416667
0 0.878516 0.486111 0.242969 0.558333
0 0.913281 0.777083 0.154688 0.445833
0 0.139453 0.768750 0.239844 0.462500
0 0.176563 0.494444 0.262500 0.586111
0 0.244531 0.204861 0.228125 0.406944
0 0.062500 0.114583 0.093750 0.226389
0 0.022266 0.250694 0.042969 0.134722
1 0.403516 0.471528 0.125781 0.437500
1 0.375000 0.736806 0.140625 0.445833
1 0.371094 0.960417 0.129688 0.079167
1 0.753906 0.959722 0.090625 0.080556
1 0.708203 0.759722 0.200781 0.472222
1 0.664844 0.494444 0.151562 0.427778
1 0.652734 0.143056 0.111719 0.269444
1 0.426172 0.137500 0.108594 0.272222
2 0.689453 0.306250 0.202344 0.401389
2 0.776172 0.626389 0.257031 0.469444
2 0.240234 0.932639 0.282031 0.134722
