0 0.837500 0.447917 0.292187 0.590278
0 0.876172 0.759722 0.225781 0.480556
0 0.751172 0.189583 0.232031 0.376389
0 0.947266 0.096528 0.105469 0.187500
0 0.975781 0.195833 0.048438 0.094444
0 0.131250 0.513194 0.235937 0.631944
0 0.108594 0.779167 0.206250 0.441667
0 0.153906 0.217361 0.251563 0.415278
1 0.327344 0.460417 0.118750 0.429167
1 0.305469 0.720139 0.139063 0.404167
1 0.304297 0.954167 0.141406 0.091667
1 0.690234 0.932639 0.092969 0.134722
1 0.613281 0.734028 0.146875 0.456944
1 0.590625 0.480556 0.125000 0.397222
1 0.543359 0.093750 0.082031 0.184722
1 0.344141 0.134028 0.100781 0.265278
2 0.598047 0.284028 0.157031 0.384722
2 0.681641 0.615278 0.194531 0.525000
2 0.154688 0.933333 0.232813 0.133333
