1 0.687891 0.729861 0.169531 0.470833
1 0.730469 0.947222 0.096875 0.105556
1 0.352734 0.936806 0.138281 0.126389
1 0.364453 0.677778 0.139844 0.450000
1 0.403516 0.415278 0.122656 0.444444
1 0.436328 0.115278 0.117969 0.227778
1 0.639062 0.114583 0.101562 0.226389
1 0.652734 0.468056 0.127344 0.366667
2 0.752734 0.611806 0.202344 0.495833
2 0.221875 0.902083 0.298438 0.195833
2 0.685937 0.279861 0.157812 0.401389
0 0.241797 0.167361 0.253906 0.323611
0 0.188281 0.398611 0.279687 0.547222
0 0.144531 0.727083 0.270313 0.545833
0 0.912500 0.770833 0.168750 0.458333
0 0.879687 0.472222 0.234375 0.583333
0 0.853125 0.194444 0.243750 0.380556
0 0.048047 0.048611 0.075781 0.094444
0 0.019531 0.153472 0.037500 0.120833
