1 0.400781 0.134028 0.114062 0.265278
1 0.617969 0.113889 0.100000 0.225000
1 0.389844 0.461111 0.117188 0.447222
1 0.358984 0.710417 0.146094 0.420833
1 0.743750 0.937500 0.118750 0.125000
1 0.692187 0.742361 0.190625 0.515278
1 0.651172 0.477778 0.155469 0.391667
2 0.665234 0.290278 0.177344 0.394444
2 0.742188 0.603472 0.198437 0.473611
2 0.385937 0.950694 0.162500 0.098611
0 0.867969 0.463889 0.246875 0.605556
0 0.899219 0.753472 0.179688 0.493056
0 0.830859 0.177083 0.280469 0.343056
0 0.212109 0.192361 0.236719 0.381944
0 0.162109 0.482639 0.272656 0.531944
0 0.141406 0.784028 0.271875 0.429167
0 0.035547 0.121528 0.069531 0.231944
0 0.653516 0.032639 0.033594 0.062500
0 0.369141 0.039583 0.038281 0.076389
