2 0.787500 0.602083 0.226562 0.454167
2 0.241016 0.900000 0.285156 0.200000
2 0.715625 0.263194 0.156250 0.381944
1 0.401172 0.681944 0.111719 0.450000
1 0.385156 0.928472 0.146875 0.143056
1 0.420312 0.406250 0.132812 0.440278
1 0.459766 0.111111 0.111719 0.219444
1 0.672266 0.107639 0.111719 0.212500
1 0.693750 0.439583 0.178125 0.387500
1 0.704297 0.708333 0.183594 0.475000
1 0.760156 0.939583 0.100000 0.120833
0 0.212109 0.408333 0.285156 0.625000
0 0.160156 0.708333 0.300000 0.547222
0 0.276562 0.177778 0.270313 0.352778
0 0.068750 0.075000 0.118750 0.141667
0 0.036328 0.205556 0.067969 0.236111
0 0.900391 0.465972 0.199219 0.579167
0 0.911328 0.766667 0.177344 0.441667
0 0.878516 0.197222 0.242969 0.386111
