1 0.735547 0.711806 0.185156 0.509722
1 0.794531 0.927083 0.104688 0.145833
1 0.404687 0.681944 0.153125 0.413889
1 0.422656 0.420833 0.129688 0.427778
1 0.444141 0.118056 0.122656 0.233333
1 0.709375 0.427083 0.157812 0.426389
1 0.662109 0.097222 0.096094 0.191667
0 0.272656 0.202778 0.250000 0.400000
0 0.214453 0.454861 0.292969 0.551389
0 0.150781 0.759028 0.300000 0.462500
0 0.033203 0.331944 0.052344 0.322222
0 0.069141 0.127778 0.127344 0.244444
0 0.873047 0.145833 0.253906 0.286111
0 0.901563 0.365278 0.196875 0.486111
0 0.924219 0.747917 0.146875 0.504167
2 0.715625 0.245139 0.150000 0.423611
2 0.800000 0.576389 0.209375 0.483333
2 0.426953 0.932639 0.171094 0.134722
