1 0.640625 0.052083 0.078125 0.101389
1 0.447656 0.081250 0.103125 0.159722
1 0.417969 0.364583 0.107813 0.434722
1 0.395703 0.634028 0.114844 0.437500
1 0.383203 0.911111 0.141406 0.177778
1 0.756641 0.906944 0.099219 0.186111
1 0.702344 0.665278 0.162500 0.488889
1 0.671484 0.393750 0.139844 0.395833
0 0.195312 0.397917 0.273438 0.598611
0 0.147266 0.717361 0.288281 0.565278
0 0.242188 0.154167 0.262500 0.305556
0 0.046094 0.064583 0.090625 0.123611
0 0.029297 0.170139 0.050781 0.187500
0 0.918750 0.732639 0.162500 0.534722
0 0.891797 0.381944 0.216406 0.555556
0 0.864453 0.167361 0.266406 0.318056
2 0.687891 0.207639 0.164844 0.398611
2 0.778125 0.546528 0.225000 0.495833
2 0.269141 0.885417 0.296094 0.229167
