0 0.890625 0.423611 0.218750 0.608333
0 0.915625 0.740972 0.168750 0.501389
0 0.151562 0.710417 0.282813 0.559722
0 0.188281 0.382639 0.276562 0.606944
0 0.027344 0.175694 0.053125 0.215278
0 0.251172 0.173611 0.292969 0.344444
0 0.043359 0.062500 0.085156 0.122222
0 0.863672 0.173611 0.264844 0.333333
1 0.441406 0.080556 0.093750 0.158333
1 0.414062 0.361111 0.103125 0.427778
1 0.389453 0.634722 0.133594 0.425000
1 0.369922 0.911111 0.147656 0.177778
1 0.755078 0.909722 0.107031 0.180556
1 0.701953 0.668750 0.188281 0.487500
1 0.661719 0.398611 0.142187 0.402778
1 0.637500 0.097222 0.096875 0.191667
2 0.694141 0.209028 0.166406 0.415278
2 0.779297 0.540972 0.233594 0.515278
2 0.248438 0.874306 0.304688 0.243056
