0 0.735156 0.127083 0.209375 0.251389
0 0.860938 0.296528 0.271875 0.554167
0 0.892969 0.679167 0.214062 0.622222
0 0.124609 0.756250 0.238281 0.487500
0 0.135547 0.455556 0.257031 0.619444
0 0.155859 0.200000 0.282031 0.394444
1 0.354687 0.368750 0.140625 0.443056
1 0.348438 0.638889 0.143750 0.486111
1 0.369922 0.905556 0.125781 0.188889
1 0.741797 0.858333 0.166406 0.283333
1 0.664844 0.612500 0.181250 0.486111
1 0.606641 0.342361 0.135156 0.409722
1 0.548438 0.042361 0.078125 0.081944
1 0.355469 0.085417 0.115625 0.168056
2 0.616797 0.196528 0.161719 0.390278
2 0.711719 0.468750 0.207813 0.534722
2 0.224219 0.904167 0.303125 0.191667
