2 0.689063 0.254861 0.165625 0.387500
2 0.763672 0.575694 0.211719 0.473611
2 0.401562 0.930556 0.162500 0.138889
1 0.775000 0.922917 0.104688 0.154167
1 0.711719 0.703472 0.189062 0.473611
1 0.679297 0.467361 0.141406 0.373611
1 0.398828 0.700694 0.136719 0.415278
1 0.405859 0.437500 0.132031 0.433333
1 0.428906 0.113889 0.114062 0.225000
1 0.639453 0.106944 0.102344 0.211111
0 0.257422 0.193056 0.239844 0.369444
0 0.192578 0.484028 0.275781 0.568056
0 0.152734 0.768750 0.289844 0.462500
0 0.921094 0.736806 0.157812 0.476389
0 0.891406 0.430556 0.217188 0.544444
0 0.857812 0.177083 0.265625 0.348611
0 0.062500 0.128472 0.118750 0.251389
0 0.031641 0.277778 0.055469 0.180556
