1 0.648047 0.128472 0.088281 0.254167
1 0.428906 0.102778 0.101562 0.202778
1 0.401172 0.409722 0.119531 0.441667
1 0.365625 0.689583 0.159375 0.470833
1 0.354687 0.931944 0.135937 0.136111
1 0.731250 0.943750 0.093750 0.112500
1 0.703906 0.735417 0.218750 0.487500
1 0.659766 0.454861 0.128906 0.365278
0 0.240234 0.178472 0.238281 0.348611
0 0.186328 0.409722 0.288281 0.613889
0 0.137500 0.732639 0.256250 0.534722
0 0.908594 0.773611 0.148438 0.452778
0 0.894531 0.480556 0.210938 0.608333
0 0.865234 0.214583 0.233594 0.404167
0 0.049219 0.072222 0.084375 0.138889
0 0.017578 0.168750 0.030469 0.131944
2 0.691016 0.274306 0.167969 0.370833
2 0.758984 0.599306 0.211719 0.479167
2 0.220703 0.898611 0.289844 0.202778
