0 0.892969 0.471528 0.193750 0.612500
0 0.921875 0.752778 0.156250 0.466667
0 0.158203 0.734028 0.264844 0.531944
0 0.209766 0.426389 0.267969 0.575000
0 0.258984 0.184722 0.257031 0.358333
0 0.039062 0.181944 0.062500 0.155556
0 0.054297 0.077778 0.092969 0.150000
1 0.419531 0.401389 0.101562 0.422222
1 0.386328 0.684028 0.147656 0.468056
1 0.383594 0.931944 0.110937 0.136111
1 0.757422 0.938194 0.099219 0.123611
1 0.695312 0.711111 0.160938 0.502778
1 0.683203 0.447917 0.149219 0.362500
1 0.651172 0.109028 0.089844 0.215278
1 0.449609 0.101389 0.091406 0.200000
2 0.700000 0.261806 0.170313 0.393056
2 0.748437 0.592361 0.165625 0.487500
2 0.238281 0.893750 0.300000 0.212500
