0 0.882812 0.443056 0.234375 0.563889
0 0.916406 0.764583 0.157812 0.470833
0 0.145703 0.772222 0.261719 0.455556
0 0.183594 0.475694 0.295312 0.573611
0 0.027734 0.276389 0.044531 0.180556
0 0.055469 0.105556 0.101562 0.208333
0 0.251172 0.217361 0.236719 0.431944
0 0.854688 0.202778 0.271875 0.391667
0 0.685937 0.030556 0.034375 0.058333
0 0.395703 0.037500 0.027344 0.072222
1 0.429297 0.118750 0.116406 0.234722
1 0.639453 0.120139 0.103906 0.237500
1 0.417578 0.447222 0.107031 0.416667
1 0.394141 0.698611 0.113281 0.416667
1 0.699609 0.726389 0.150781 0.488889
1 0.657031 0.472222 0.123438 0.375000
1 0.769141 0.945139 0.092969 0.109722
2 0.688281 0.265278 0.162500 0.391667
2 0.777344 0.597917 0.218750 0.487500
2 0.405078 0.952083 0.178906 0.095833
