0 0.909766 0.715972 0.164844 0.568056
0 0.888281 0.389583 0.223438 0.631944
0 0.853906 0.177083 0.256250 0.345833
0 0.238281 0.188889 0.260937 0.372222
0 0.178906 0.399306 0.320312 0.606944
0 0.156250 0.722917 0.300000 0.554167
1 0.416016 0.356250 0.094531 0.443056
1 0.396094 0.622917 0.114062 0.440278
1 0.403906 0.909028 0.104688 0.181944
1 0.752734 0.893750 0.089844 0.212500
1 0.699609 0.642361 0.174219 0.493056
1 0.657031 0.382639 0.120313 0.387500
2 0.678125 0.186806 0.162500 0.356944
2 0.775391 0.517361 0.235156 0.476389
2 0.279297 0.893056 0.261719 0.213889
