0 0.860938 0.497917 0.278125 0.659722
0 0.174219 0.486806 0.345313 0.648611
0 0.230078 0.224306 0.300781 0.445833
0 0.155078 0.757639 0.307031 0.484722
0 0.841406 0.230556 0.317188 0.458333
0 0.887109 0.760417 0.225781 0.479167
1 0.405859 0.377083 0.103906 0.312500
1 0.383984 0.690972 0.136719 0.415278
1 0.635547 0.463889 0.088281 0.391667
1 0.689844 0.733333 0.168750 0.491667
1 0.747656 0.940278 0.092188 0.119444
1 0.422656 0.119444 0.106250 0.236111
1 0.632422 0.091667 0.102344 0.180556
2 0.676562 0.264583 0.167187 0.390278
2 0.761328 0.606944 0.228906 0.486111
2 0.390625 0.940972 0.170313 0.118056
