0 0.920312 0.741667 0.159375 0.502778
0 0.889453 0.399306 0.221094 0.570833
0 0.859375 0.174306 0.259375 0.345833
0 0.206641 0.437500 0.303906 0.580556
0 0.147266 0.737500 0.271094 0.525000
0 0.248047 0.177083 0.258594 0.351389
0 0.049609 0.077778 0.097656 0.152778
0 0.030859 0.207639 0.050781 0.176389
1 0.416406 0.393750 0.117188 0.431944
1 0.430859 0.097222 0.119531 0.191667
1 0.632812 0.090972 0.075000 0.179167
1 0.667578 0.409722 0.127344 0.391667
1 0.708594 0.679861 0.171875 0.465278
1 0.782813 0.913194 0.118750 0.173611
1 0.401172 0.924306 0.139844 0.151389
1 0.386328 0.659722 0.163281 0.444444
2 0.696484 0.234722 0.164844 0.427778
2 0.784375 0.556944 0.217188 0.486111
2 0.256250 0.898611 0.317188 0.202778
