2 0.764062 0.703472 0.218750 0.493056
2 0.700000 0.373611 0.190625 0.383333
2 0.188281 0.964583 0.223438 0.070833
0 0.194141 0.548611 0.289844 0.583333
0 0.148438 0.801389 0.285938 0.397222
0 0.244922 0.255556 0.217969 0.436111
0 0.065625 0.166667 0.107813 0.288889
0 0.023828 0.325000 0.046094 0.138889
0 0.914453 0.806250 0.171094 0.387500
0 0.889844 0.529167 0.220312 0.538889
0 0.855859 0.261806 0.230469 0.434722
0 0.978125 0.097222 0.043750 0.125000
0 0.686719 0.074306 0.040625 0.145833
0 0.390234 0.084722 0.060156 0.166667
1 0.429297 0.175000 0.121094 0.322222
1 0.453125 0.105556 0.070312 0.208333
1 0.634766 0.167361 0.082031 0.331944
1 0.635938 0.091667 0.054688 0.180556
1 0.657813 0.563194 0.121875 0.406944
1 0.692578 0.786806 0.169531 0.426389
1 0.376563 0.772222 0.140625 0.430556
1 0.392578 0.532639 0.121094 0.434722
