2 0.761719 0.604167 0.210938 0.469444
2 0.683594 0.266667 0.171875 0.366667
2 0.394922 0.961806 0.169531 0.076389
1 0.371875 0.722917 0.159375 0.420833
1 0.396875 0.453472 0.134375 0.426389
1 0.420703 0.132639 0.107031 0.262500
1 0.628906 0.115278 0.103125 0.227778
1 0.656250 0.479167 0.125000 0.388889
1 0.698047 0.738194 0.182031 0.473611
1 0.771094 0.947917 0.115625 0.104167
0 0.237891 0.209722 0.241406 0.402778
0 0.178516 0.486806 0.294531 0.573611
0 0.147656 0.775694 0.279687 0.448611
0 0.917578 0.761111 0.160156 0.477778
0 0.884766 0.479861 0.222656 0.593056
0 0.844922 0.198611 0.258594 0.386111
0 0.377344 0.032639 0.031250 0.062500
0 0.050000 0.115278 0.095312 0.227778
0 0.021094 0.287500 0.032813 0.188889
