2 0.760547 0.713889 0.252344 0.502778
2 0.232813 0.938194 0.282813 0.123611
2 0.694141 0.376389 0.158594 0.366667
1 0.371484 0.759028 0.124219 0.406944
1 0.373047 0.975000 0.146094 0.050000
1 0.688281 0.789583 0.173437 0.420833
1 0.663672 0.525694 0.124219 0.437500
1 0.401562 0.497222 0.126562 0.469444
1 0.436719 0.163889 0.107813 0.325000
1 0.662109 0.167361 0.105469 0.331944
1 0.481250 0.070833 0.046875 0.138889
0 0.403906 0.059722 0.060937 0.116667
0 0.707422 0.071528 0.058594 0.140278
0 0.852734 0.275000 0.239844 0.488889
0 0.982812 0.122917 0.034375 0.106944
0 0.899609 0.541667 0.200781 0.494444
0 0.908594 0.793750 0.182812 0.340278
0 0.151172 0.773611 0.274219 0.452778
0 0.196484 0.486806 0.261719 0.551389
0 0.275781 0.228472 0.229687 0.420833
0 0.075391 0.131250 0.127344 0.256944
0 0.028125 0.284722 0.045312 0.172222
