1 0.645312 0.087500 0.087500 0.172222
1 0.438672 0.094444 0.107031 0.186111
1 0.410938 0.363194 0.118750 0.437500
1 0.374609 0.641667 0.147656 0.450000
1 0.373047 0.913889 0.147656 0.172222
1 0.758203 0.909028 0.111719 0.181944
1 0.698828 0.684028 0.191406 0.495833
1 0.671094 0.404861 0.146875 0.415278
0 0.248438 0.159028 0.253125 0.309722
0 0.194922 0.377778 0.280469 0.586111
0 0.152344 0.711111 0.282813 0.577778
0 0.914844 0.743056 0.170313 0.483333
0 0.888672 0.425694 0.222656 0.576389
0 0.869531 0.160417 0.260937 0.318056
0 0.045703 0.049306 0.089844 0.095833
0 0.030469 0.157639 0.054688 0.173611
2 0.696484 0.238194 0.174219 0.420833
2 0.769141 0.572917 0.211719 0.473611
2 0.242578 0.881250 0.285156 0.237500
