2 0.631641 0.391667 0.203906 0.530556
2 0.500781 0.174306 0.159375 0.345833
2 0.210156 0.940278 0.260937 0.119444
1 0.712891 0.827083 0.197656 0.345833
1 0.590234 0.572222 0.200781 0.469444
1 0.508594 0.334722 0.153125 0.375000
1 0.283984 0.680556 0.158594 0.441667
1 0.333984 0.921528 0.144531 0.156944
1 0.272656 0.396528 0.150000 0.445833
1 0.233594 0.098611 0.153125 0.194444
1 0.422266 0.029861 0.053906 0.056944
0 0.857812 0.578472 0.284375 0.815278
0 0.747266 0.240972 0.316406 0.479167
0 0.954688 0.075000 0.090625 0.147222
0 0.615234 0.086111 0.194531 0.169444
0 0.098828 0.215278 0.196094 0.402778
0 0.100781 0.507639 0.189062 0.637500
0 0.095703 0.788889 0.169531 0.422222
