0 0.862109 0.610417 0.275781 0.773611
0 0.762500 0.229167 0.332813 0.444444
0 0.630078 0.069444 0.207031 0.136111
0 0.103125 0.210417 0.200000 0.412500
0 0.107422 0.485417 0.194531 0.618056
0 0.104297 0.777778 0.185156 0.444444
1 0.333984 0.917361 0.161719 0.165278
1 0.714063 0.822917 0.170313 0.354167
1 0.591797 0.546528 0.163281 0.468056
1 0.300781 0.655556 0.143750 0.441667
1 0.283203 0.369444 0.141406 0.430556
1 0.504687 0.304167 0.125000 0.400000
1 0.248828 0.088194 0.133594 0.173611
2 0.516406 0.179167 0.175000 0.355556
2 0.635156 0.377083 0.196875 0.556944
2 0.226562 0.923611 0.296875 0.152778
