2 0.404687 0.952778 0.150000 0.094444
2 0.772656 0.638194 0.231250 0.498611
2 0.702344 0.295833 0.181250 0.380556
0 0.246484 0.239583 0.233594 0.451389
0 0.181250 0.493750 0.312500 0.554167
0 0.167969 0.786806 0.312500 0.426389
0 0.917969 0.777778 0.151562 0.444444
0 0.892188 0.493750 0.215625 0.606944
0 0.852344 0.212500 0.276562 0.419444
0 0.069531 0.127778 0.131250 0.247222
0 0.029687 0.311806 0.046875 0.162500
0 0.383984 0.045833 0.041406 0.088889
0 0.685156 0.045139 0.048438 0.087500
1 0.632812 0.131944 0.098437 0.261111
1 0.430078 0.143056 0.097656 0.283333
1 0.407813 0.475694 0.129688 0.437500
1 0.376953 0.734028 0.147656 0.406944
1 0.771484 0.961111 0.094531 0.077778
1 0.708203 0.756944 0.189844 0.486111
1 0.670703 0.497917 0.149219 0.412500
