2 0.782031 0.573611 0.209375 0.491667
2 0.698047 0.235417 0.157031 0.404167
2 0.417187 0.919444 0.184375 0.161111
0 0.198828 0.445833 0.266406 0.516667
0 0.167187 0.768056 0.332813 0.463889
0 0.928906 0.733333 0.142187 0.502778
0 0.896875 0.419444 0.206250 0.569444
0 0.864844 0.163194 0.265625 0.323611
0 0.254297 0.188889 0.238281 0.375000
0 0.067969 0.134722 0.121875 0.263889
0 0.033594 0.291667 0.057813 0.211111
1 0.423438 0.429167 0.115625 0.433333
1 0.415234 0.694444 0.127344 0.408333
1 0.786719 0.925000 0.123438 0.150000
1 0.730859 0.699306 0.207031 0.493056
1 0.677734 0.435417 0.139844 0.406944
1 0.432812 0.120139 0.121875 0.237500
1 0.651172 0.106944 0.107031 0.211111
