2 0.766406 0.640972 0.228125 0.470833
2 0.230469 0.931944 0.248438 0.136111
2 0.678516 0.307639 0.157031 0.390278
1 0.642969 0.138889 0.103125 0.275000
1 0.430078 0.133333 0.091406 0.263889
1 0.404687 0.472917 0.107813 0.434722
1 0.367188 0.744444 0.153125 0.427778
1 0.374609 0.963194 0.157031 0.056944
1 0.752344 0.965972 0.107813 0.068056
1 0.702344 0.758333 0.179688 0.483333
1 0.668750 0.505556 0.146875 0.380556
0 0.863281 0.220139 0.250000 0.412500
0 0.883984 0.484028 0.232031 0.531944
0 0.913672 0.772222 0.172656 0.425000
0 0.136328 0.775694 0.266406 0.448611
0 0.186719 0.490972 0.289062 0.584722
0 0.257812 0.195833 0.226562 0.375000
0 0.064062 0.127778 0.104688 0.241667
0 0.024609 0.295139 0.039844 0.193056
0 0.980469 0.069444 0.039062 0.125000
0 0.687109 0.043056 0.036719 0.083333
0 0.395313 0.049306 0.042188 0.095833
