0 0.930078 0.738194 0.127344 0.523611
0 0.904687 0.415278 0.190625 0.605556
0 0.874219 0.175694 0.242188 0.348611
0 0.269922 0.180556 0.252344 0.352778
0 0.211719 0.424306 0.307812 0.570833
0 0.155859 0.750000 0.299219 0.500000
0 0.039062 0.295139 0.070312 0.279167
0 0.061719 0.119444 0.121875 0.236111
1 0.436719 0.403472 0.107813 0.431944
1 0.420703 0.656250 0.133594 0.423611
1 0.727734 0.690278 0.175781 0.486111
1 0.796875 0.916667 0.112500 0.166667
1 0.692969 0.422917 0.125000 0.387500
1 0.665625 0.097917 0.104688 0.193056
1 0.446094 0.097917 0.120313 0.193056
2 0.709375 0.230556 0.156250 0.427778
2 0.798438 0.561111 0.225000 0.525000
2 0.419922 0.913889 0.199219 0.172222
