2 0.777734 0.552778 0.222656 0.497222
2 0.714844 0.225000 0.184375 0.408333
2 0.242578 0.881250 0.260156 0.237500
0 0.190625 0.369444 0.262500 0.600000
0 0.158594 0.715972 0.287500 0.568056
0 0.921094 0.740278 0.140625 0.519444
0 0.892188 0.409722 0.200000 0.577778
0 0.866797 0.171528 0.241406 0.340278
0 0.245703 0.161806 0.271094 0.320833
0 0.046875 0.065278 0.085938 0.125000
0 0.033594 0.145833 0.065625 0.166667
1 0.420703 0.366667 0.103906 0.441667
1 0.394141 0.627778 0.117969 0.430556
1 0.383984 0.911111 0.142969 0.177778
1 0.763672 0.911111 0.130469 0.177778
1 0.696875 0.665972 0.182812 0.481944
1 0.681250 0.397222 0.151562 0.397222
1 0.446094 0.079167 0.098437 0.155556
1 0.647656 0.077083 0.089063 0.151389
