0 0.224609 0.484028 0.294531 0.615278
0 0.172656 0.765278 0.309375 0.469444
0 0.940625 0.733333 0.118750 0.530556
0 0.912500 0.428472 0.175000 0.670833
0 0.874219 0.184722 0.245312 0.358333
0 0.280078 0.197222 0.252344 0.391667
0 0.076953 0.133333 0.152344 0.263889
0 0.041797 0.318056 0.072656 0.288889
1 0.450391 0.411111 0.110156 0.441667
1 0.422266 0.687500 0.150781 0.458333
1 0.823828 0.913194 0.135156 0.173611
1 0.753125 0.688889 0.179688 0.497222
1 0.714453 0.413194 0.164844 0.409722
1 0.671484 0.081944 0.099219 0.161111
1 0.457813 0.113194 0.107813 0.223611
2 0.724609 0.215972 0.178906 0.390278
2 0.822266 0.562500 0.253906 0.525000
2 0.452734 0.919444 0.186719 0.161111
