0 0.889062 0.561806 0.195312 0.651389
0 0.925391 0.794444 0.149219 0.383333
0 0.859766 0.206944 0.225781 0.411111
0 0.270313 0.206944 0.240625 0.411111
0 0.205469 0.490278 0.279687 0.563889
0 0.155469 0.748611 0.292187 0.463889
0 0.040625 0.275000 0.059375 0.205556
0 0.070312 0.102083 0.128125 0.195833
0 0.425000 0.048611 0.045312 0.094444
0 0.706250 0.055556 0.053125 0.108333
1 0.657813 0.142361 0.098437 0.281944
1 0.453125 0.136111 0.104688 0.269444
1 0.420703 0.479861 0.108594 0.426389
1 0.389062 0.735417 0.128125 0.434722
1 0.369141 0.967361 0.130469 0.065278
1 0.712109 0.761806 0.182031 0.456944
1 0.673828 0.527083 0.130469 0.348611
2 0.697266 0.334722 0.164844 0.433333
2 0.787500 0.654167 0.240625 0.475000
2 0.237500 0.938889 0.284375 0.122222
