1 0.344141 0.678472 0.136719 0.429167
1 0.364063 0.422917 0.118750 0.437500
1 0.633594 0.420139 0.098437 0.434722
1 0.652344 0.713194 0.164062 0.487500
1 0.712109 0.928472 0.099219 0.143056
1 0.611328 0.116667 0.125781 0.230556
1 0.383203 0.111111 0.116406 0.219444
0 0.138672 0.751389 0.274219 0.497222
0 0.157422 0.472222 0.313281 0.655556
0 0.191406 0.218056 0.307812 0.433333
0 0.867578 0.750000 0.264844 0.500000
0 0.841016 0.475694 0.317969 0.651389
0 0.809766 0.220833 0.311719 0.438889
2 0.723828 0.583333 0.222656 0.491667
2 0.348828 0.932639 0.178906 0.134722
