2 0.725000 0.538194 0.214062 0.504167
2 0.675391 0.246528 0.205469 0.473611
0 0.872656 0.715972 0.254688 0.568056
0 0.841016 0.420833 0.317969 0.669444
0 0.805859 0.195833 0.292969 0.388889
0 0.139063 0.745139 0.276562 0.509722
0 0.155859 0.463889 0.310156 0.666667
0 0.183984 0.222917 0.303906 0.443056
1 0.432422 0.904167 0.202344 0.191667
1 0.350391 0.702778 0.136719 0.502778
1 0.367578 0.405556 0.110156 0.438889
1 0.373047 0.102083 0.121094 0.201389
1 0.600781 0.101389 0.123438 0.200000
1 0.612891 0.392361 0.135156 0.440278
1 0.662109 0.680556 0.166406 0.497222
1 0.730859 0.906944 0.108594 0.186111
