2 0.733203 0.543056 0.216406 0.505556
2 0.685156 0.238889 0.198437 0.447222
0 0.876953 0.713889 0.246094 0.572222
0 0.844531 0.422917 0.310937 0.670833
0 0.813281 0.195833 0.298438 0.383333
0 0.142187 0.744444 0.282813 0.511111
0 0.158594 0.465972 0.315625 0.665278
0 0.190625 0.222222 0.306250 0.441667
1 0.439844 0.904167 0.201563 0.191667
1 0.357031 0.703472 0.137500 0.504167
1 0.376563 0.406944 0.110937 0.441667
1 0.380859 0.102083 0.122656 0.201389
1 0.608203 0.101389 0.124219 0.200000
1 0.620703 0.392361 0.136719 0.437500
1 0.669922 0.684028 0.167969 0.493056
1 0.740625 0.907639 0.110937 0.184722
