2 0.546875 0.404167 0.192188 0.802778
2 0.732031 0.628472 0.195312 0.490278
2 0.369922 0.943750 0.175781 0.112500
1 0.362500 0.697222 0.145313 0.416667
1 0.676953 0.751389 0.163281 0.491667
1 0.735938 0.951389 0.078125 0.097222
1 0.398828 0.445833 0.108594 0.433333
1 0.642969 0.449306 0.139063 0.304167
1 0.658203 0.120139 0.113281 0.237500
1 0.423047 0.125694 0.110156 0.248611
0 0.149219 0.750000 0.295312 0.500000
0 0.172266 0.479861 0.342969 0.659722
0 0.232031 0.229167 0.303125 0.455556
0 0.387500 0.033333 0.048438 0.063889
0 0.694141 0.044444 0.057031 0.086111
0 0.844531 0.250000 0.310937 0.497222
0 0.857422 0.536806 0.285156 0.673611
0 0.879297 0.778472 0.241406 0.443056
