2 0.613281 0.368750 0.204687 0.431944
2 0.754687 0.675694 0.226562 0.476389
2 0.363281 0.965972 0.146875 0.068056
0 0.148828 0.768750 0.294531 0.462500
0 0.174609 0.521528 0.347656 0.662500
0 0.232422 0.247222 0.297656 0.491667
0 0.388672 0.056250 0.057031 0.109722
0 0.880469 0.797917 0.239063 0.401389
0 0.858203 0.576389 0.283594 0.677778
0 0.843359 0.272917 0.313281 0.543056
0 0.697266 0.064583 0.069531 0.126389
1 0.368359 0.734722 0.133594 0.408333
1 0.400000 0.485417 0.103125 0.431944
1 0.422266 0.143056 0.110156 0.283333
1 0.639844 0.086111 0.071875 0.169444
1 0.617188 0.472917 0.195312 0.443056
1 0.684375 0.772917 0.178125 0.454167
1 0.715625 0.972917 0.034375 0.054167
