2 0.595703 0.247917 0.133594 0.490278
2 0.715625 0.556250 0.209375 0.498611
0 0.873828 0.714583 0.252344 0.570833
0 0.836719 0.431944 0.326562 0.675000
0 0.791406 0.202083 0.282813 0.401389
0 0.140234 0.770833 0.278906 0.458333
0 0.151562 0.517361 0.301563 0.670833
0 0.173047 0.250000 0.303906 0.497222
1 0.436328 0.920833 0.196094 0.158333
1 0.350391 0.739583 0.133594 0.493056
1 0.357422 0.443750 0.117969 0.437500
1 0.356641 0.111806 0.114844 0.220833
1 0.557813 0.081944 0.067187 0.161111
1 0.544922 0.377083 0.102344 0.415278
1 0.659766 0.704167 0.163281 0.491667
1 0.733984 0.915278 0.108594 0.169444
