1 0.708984 0.872917 0.142969 0.254167
1 0.409766 0.873611 0.219531 0.252778
1 0.334766 0.639583 0.138281 0.493056
1 0.348828 0.343750 0.113281 0.440278
1 0.346875 0.065278 0.114062 0.127778
1 0.577344 0.068056 0.121875 0.133333
1 0.580078 0.325694 0.108594 0.440278
1 0.641797 0.610417 0.160156 0.484722
2 0.704688 0.468750 0.212500 0.493056
2 0.652734 0.177083 0.191406 0.351389
0 0.133203 0.720833 0.264844 0.558333
0 0.146484 0.411111 0.291406 0.677778
0 0.160156 0.195139 0.307812 0.387500
0 0.863281 0.675000 0.273438 0.650000
0 0.829688 0.350694 0.340625 0.668056
0 0.789062 0.159722 0.275000 0.316667
