0 0.864844 0.654167 0.270313 0.691667
0 0.819922 0.350694 0.360156 0.698611
0 0.742578 0.163889 0.286719 0.325000
0 0.135937 0.780556 0.268750 0.438889
0 0.138672 0.531944 0.275781 0.688889
0 0.141797 0.266667 0.282031 0.530556
1 0.435937 0.906250 0.207813 0.187500
1 0.338281 0.729861 0.135937 0.487500
1 0.336328 0.430556 0.122656 0.430556
1 0.316797 0.111111 0.133594 0.219444
1 0.514453 0.065278 0.064844 0.127778
1 0.737891 0.883333 0.122656 0.233333
1 0.642188 0.658333 0.160938 0.494444
1 0.560937 0.386111 0.142187 0.433333
2 0.687500 0.494444 0.198437 0.508333
2 0.564844 0.212500 0.132812 0.422222
