2 0.574609 0.255556 0.182031 0.483333
2 0.728125 0.539583 0.209375 0.487500
2 0.246875 0.925000 0.259375 0.150000
0 0.147656 0.768750 0.293750 0.462500
0 0.157422 0.513889 0.313281 0.677778
0 0.185156 0.245139 0.300000 0.487500
0 0.877344 0.702778 0.245312 0.594444
0 0.842969 0.408333 0.314063 0.683333
0 0.792969 0.187500 0.300000 0.372222
1 0.389453 0.949306 0.103906 0.101389
1 0.364844 0.698611 0.132812 0.441667
1 0.373047 0.425694 0.116406 0.431944
1 0.368359 0.106250 0.114844 0.209722
1 0.745313 0.904861 0.103125 0.190278
1 0.672656 0.684722 0.165625 0.486111
1 0.534766 0.415972 0.135156 0.431944
