2 0.532813 0.394444 0.209375 0.786111
2 0.748437 0.604861 0.221875 0.490278
2 0.362891 0.939583 0.186719 0.120833
0 0.147656 0.747222 0.293750 0.505556
0 0.169141 0.471528 0.336719 0.659722
0 0.221875 0.221528 0.303125 0.440278
0 0.878906 0.768750 0.242188 0.462500
0 0.855859 0.513194 0.288281 0.665278
0 0.836328 0.238194 0.311719 0.473611
0 0.377344 0.026389 0.043750 0.050000
0 0.685547 0.033333 0.052344 0.063889
1 0.360938 0.684722 0.131250 0.419444
1 0.392578 0.432639 0.107031 0.434722
1 0.731250 0.943056 0.081250 0.113889
1 0.674219 0.735417 0.165625 0.484722
1 0.650781 0.447917 0.115625 0.429167
1 0.409766 0.100000 0.102344 0.197222
1 0.651172 0.103472 0.107031 0.204167
