1 0.404687 0.915972 0.203125 0.168056
1 0.307031 0.744444 0.135937 0.491667
1 0.307031 0.445833 0.121875 0.433333
1 0.705859 0.888889 0.125781 0.222222
1 0.614062 0.666667 0.164062 0.486111
1 0.503125 0.397222 0.142187 0.411111
1 0.282422 0.118056 0.136719 0.233333
1 0.474609 0.059722 0.041406 0.116667
2 0.654687 0.506944 0.192188 0.508333
2 0.524609 0.227083 0.166406 0.448611
0 0.848828 0.659722 0.302344 0.680556
0 0.788281 0.362500 0.359375 0.683333
0 0.702734 0.168750 0.286719 0.334722
0 0.118750 0.784028 0.235937 0.415278
0 0.120703 0.549306 0.239844 0.698611
0 0.126953 0.276389 0.252344 0.550000
0 0.848828 0.661111 0.302344 0.677778
0 0.787891 0.364583 0.360156 0.679167
0 0.703516 0.174306 0.288281 0.345833
