2 0.589453 0.246528 0.133594 0.490278
2 0.709375 0.554167 0.209375 0.494444
0 0.135156 0.764583 0.268750 0.470833
0 0.149609 0.507639 0.297656 0.676389
0 0.165625 0.242361 0.306250 0.481944
0 0.867969 0.713889 0.264062 0.572222
0 0.833203 0.428472 0.333594 0.670833
0 0.785547 0.201389 0.277344 0.400000
1 0.426953 0.915278 0.199219 0.169444
1 0.723828 0.911806 0.108594 0.176389
1 0.339844 0.730556 0.140625 0.497222
1 0.354687 0.435417 0.109375 0.431944
1 0.350391 0.111806 0.116406 0.220833
1 0.556250 0.079167 0.076563 0.155556
1 0.535937 0.381944 0.098437 0.433333
1 0.650000 0.698611 0.162500 0.494444
