2 0.694141 0.470833 0.210156 0.497222
2 0.603906 0.195139 0.159375 0.387500
0 0.128516 0.725694 0.255469 0.548611
0 0.140625 0.425694 0.279687 0.679167
0 0.151172 0.204861 0.300781 0.406944
0 0.859375 0.672222 0.281250 0.655556
0 0.825781 0.343750 0.348438 0.673611
0 0.779297 0.155556 0.264844 0.308333
1 0.410547 0.876389 0.211719 0.247222
1 0.328516 0.648611 0.135156 0.491667
1 0.337891 0.354167 0.111719 0.438889
1 0.334375 0.068750 0.115625 0.134722
1 0.553516 0.054167 0.100781 0.105556
1 0.558984 0.313889 0.111719 0.438889
1 0.633594 0.614583 0.159375 0.487500
1 0.705859 0.870833 0.138281 0.258333
