2 0.698438 0.653472 0.218750 0.479167
2 0.226172 0.911806 0.196094 0.176389
1 0.349219 0.943056 0.109375 0.113889
1 0.682422 0.961806 0.083594 0.076389
1 0.314063 0.716667 0.135937 0.416667
1 0.345313 0.469444 0.106250 0.438889
1 0.624609 0.763889 0.164844 0.472222
1 0.608203 0.480556 0.096094 0.430556
1 0.369141 0.134722 0.113281 0.266667
1 0.595313 0.145139 0.128125 0.287500
0 0.121484 0.760417 0.239844 0.479167
0 0.146094 0.500694 0.289062 0.681944
0 0.174609 0.238889 0.310156 0.475000
0 0.853516 0.788889 0.292969 0.422222
0 0.830859 0.554167 0.338281 0.655556
0 0.789453 0.261111 0.310156 0.519444
