0 0.850000 0.634722 0.300000 0.730556
0 0.811719 0.326389 0.376563 0.650000
0 0.737109 0.139583 0.252344 0.276389
0 0.121094 0.755556 0.240625 0.488889
0 0.125000 0.479167 0.248438 0.691667
0 0.128906 0.239583 0.256250 0.476389
1 0.408594 0.882639 0.206250 0.234722
1 0.312500 0.678472 0.135937 0.490278
1 0.310937 0.377778 0.123438 0.436111
1 0.288672 0.083333 0.133594 0.163889
1 0.700781 0.857639 0.148438 0.284722
1 0.616406 0.606944 0.160938 0.486111
1 0.533594 0.334028 0.109375 0.437500
1 0.501953 0.071528 0.086719 0.140278
2 0.574609 0.212500 0.142969 0.422222
2 0.662109 0.449306 0.197656 0.512500
