2 0.431641 0.743750 0.347656 0.512500
2 0.109766 0.951389 0.213281 0.097222
2 0.627344 0.634028 0.207813 0.462500
0 0.085938 0.781250 0.170313 0.437500
0 0.108203 0.536111 0.213281 0.677778
0 0.123828 0.247222 0.246094 0.491667
0 0.245703 0.050694 0.055469 0.098611
0 0.554688 0.056250 0.062500 0.109722
1 0.287500 0.139583 0.118750 0.276389
1 0.238672 0.746528 0.135156 0.445833
1 0.268750 0.479861 0.126562 0.440278
1 0.514453 0.145139 0.124219 0.287500
1 0.543750 0.413194 0.087500 0.301389
1 0.562109 0.718056 0.167969 0.391667
1 0.956641 0.111111 0.086719 0.219444
0 0.823047 0.773611 0.353906 0.452778
0 0.780078 0.531944 0.383594 0.636111
0 0.700000 0.247917 0.285938 0.493056
0 0.896484 0.109028 0.207031 0.215278
0 0.940625 0.382639 0.118750 0.334722
0 0.820312 0.775000 0.359375 0.450000
