2 0.700391 0.338889 0.169531 0.455556
2 0.785156 0.670833 0.225000 0.480556
0 0.162891 0.775694 0.322656 0.448611
0 0.187891 0.535417 0.371094 0.648611
0 0.259375 0.250694 0.293750 0.498611
0 0.414062 0.056944 0.060937 0.111111
0 0.715625 0.059028 0.067187 0.115278
0 0.895703 0.795833 0.208594 0.408333
1 0.398438 0.736111 0.132812 0.413889
1 0.425781 0.490972 0.104688 0.434722
1 0.676953 0.522222 0.128906 0.391667
1 0.708984 0.770833 0.164844 0.450000
1 0.445703 0.145833 0.111719 0.288889
1 0.651563 0.118056 0.089063 0.233333
2 0.400000 0.964583 0.151562 0.070833
0 0.857812 0.265278 0.282813 0.527778
0 0.874219 0.568750 0.251563 0.673611
0 0.898438 0.793056 0.203125 0.413889
