2 0.702734 0.625694 0.221094 0.476389
2 0.251563 0.928472 0.160938 0.143056
1 0.351953 0.957639 0.052344 0.084722
1 0.691016 0.947222 0.086719 0.105556
0 0.123438 0.754861 0.245312 0.490278
0 0.146875 0.486111 0.292187 0.672222
0 0.175391 0.229167 0.311719 0.455556
0 0.791797 0.247222 0.310156 0.491667
0 0.832812 0.525694 0.334375 0.651389
0 0.855859 0.775694 0.288281 0.448611
1 0.318359 0.713194 0.138281 0.448611
1 0.344922 0.447917 0.116406 0.440278
1 0.613281 0.460417 0.100000 0.431944
1 0.629297 0.753472 0.160156 0.493056
1 0.370703 0.123611 0.111719 0.244444
1 0.598437 0.134028 0.128125 0.265278
