0 0.256641 0.229167 0.297656 0.455556
0 0.187500 0.495139 0.371875 0.648611
0 0.166016 0.757639 0.330469 0.479167
0 0.874609 0.513194 0.250781 0.665278
0 0.898828 0.769444 0.202344 0.461111
0 0.860547 0.238194 0.278906 0.473611
1 0.417187 0.446528 0.123438 0.437500
1 0.407422 0.716667 0.146094 0.458333
1 0.678125 0.480556 0.128125 0.380556
1 0.712109 0.745139 0.171094 0.493056
1 0.776563 0.949306 0.090625 0.101389
1 0.445312 0.123611 0.110937 0.244444
1 0.652344 0.094444 0.093750 0.186111
2 0.407813 0.943750 0.167187 0.112500
2 0.701172 0.302778 0.172656 0.438889
2 0.787500 0.621528 0.229687 0.484722
