2 0.225391 0.923611 0.271094 0.152778
2 0.728516 0.556250 0.213281 0.487500
2 0.600391 0.225694 0.135156 0.445833
1 0.555859 0.430556 0.163281 0.430556
1 0.362500 0.695833 0.132812 0.430556
1 0.375391 0.427083 0.107031 0.434722
1 0.739453 0.914583 0.103906 0.170833
1 0.373437 0.106250 0.115625 0.209722
0 0.146094 0.765972 0.290625 0.465278
0 0.160938 0.500000 0.320312 0.658333
0 0.192969 0.241667 0.296875 0.477778
0 0.876172 0.718750 0.247656 0.562500
0 0.842969 0.433333 0.314063 0.675000
0 0.799609 0.201389 0.299219 0.400000
1 0.667578 0.695139 0.160156 0.487500
