0 0.869141 0.661806 0.261719 0.676389
0 0.825000 0.350000 0.350000 0.694444
0 0.750781 0.163194 0.293750 0.323611
0 0.139063 0.770833 0.276562 0.458333
0 0.144922 0.513889 0.288281 0.680556
0 0.148047 0.254167 0.294531 0.505556
1 0.441406 0.902083 0.207813 0.195833
1 0.345313 0.714583 0.132812 0.487500
1 0.347656 0.417361 0.115625 0.426389
1 0.329688 0.104861 0.132812 0.206944
1 0.742969 0.881944 0.126562 0.236111
1 0.650000 0.650000 0.162500 0.494444
1 0.562891 0.389583 0.128906 0.406944
1 0.521094 0.059722 0.054688 0.116667
2 0.700000 0.490278 0.201563 0.505556
2 0.573828 0.209028 0.146094 0.415278
