0 0.179688 0.527083 0.357812 0.648611
0 0.159766 0.775694 0.316406 0.448611
0 0.243359 0.245139 0.297656 0.487500
0 0.891406 0.783333 0.217188 0.433333
0 0.864062 0.543056 0.270313 0.666667
0 0.853125 0.253472 0.293750 0.504167
1 0.664453 0.504861 0.130469 0.393056
1 0.698047 0.761806 0.171094 0.476389
1 0.760547 0.960417 0.083594 0.079167
1 0.385547 0.731250 0.133594 0.426389
1 0.412891 0.477778 0.105469 0.433333
1 0.432031 0.137500 0.109375 0.272222
1 0.656250 0.108333 0.129688 0.213889
2 0.685937 0.333333 0.164062 0.433333
2 0.769141 0.650694 0.225781 0.484722
2 0.388672 0.960417 0.164844 0.079167
