2 0.576562 0.250694 0.143750 0.498611
2 0.694922 0.543056 0.205469 0.502778
1 0.426953 0.922222 0.199219 0.155556
1 0.725781 0.909722 0.110937 0.180556
1 0.644922 0.698611 0.160156 0.491667
1 0.336719 0.747917 0.134375 0.495833
1 0.341406 0.450694 0.112500 0.434722
1 0.528516 0.377778 0.100781 0.419444
1 0.332422 0.118056 0.124219 0.233333
1 0.533203 0.078472 0.069531 0.154167
0 0.864844 0.697222 0.270313 0.605556
0 0.823438 0.409722 0.353125 0.680556
0 0.760938 0.195139 0.278125 0.387500
0 0.135156 0.784028 0.268750 0.431944
0 0.141406 0.541667 0.281250 0.686111
0 0.150391 0.264583 0.299219 0.526389
