1 0.728906 0.893750 0.115625 0.212500
1 0.653516 0.656944 0.163281 0.491667
1 0.591406 0.370833 0.109375 0.438889
1 0.427344 0.893750 0.200000 0.212500
1 0.344531 0.684028 0.134375 0.501389
1 0.360547 0.386111 0.110156 0.444444
1 0.363281 0.093056 0.123438 0.183333
1 0.591016 0.091667 0.124219 0.180556
2 0.716797 0.516667 0.214844 0.500000
2 0.665234 0.221528 0.203906 0.440278
0 0.870313 0.700000 0.259375 0.600000
0 0.836328 0.395833 0.327344 0.669444
0 0.795312 0.184722 0.290625 0.366667
0 0.138281 0.737500 0.275000 0.525000
0 0.152734 0.453472 0.303906 0.673611
0 0.171875 0.215972 0.310937 0.429167
