0 0.867578 0.675000 0.264844 0.650000
0 0.825391 0.375694 0.349219 0.687500
0 0.751953 0.177083 0.292969 0.351389
0 0.138281 0.780556 0.275000 0.438889
0 0.144531 0.533333 0.287500 0.680556
0 0.148047 0.265278 0.294531 0.527778
1 0.439844 0.913889 0.204687 0.172222
1 0.345313 0.738194 0.137500 0.490278
1 0.346875 0.440278 0.117188 0.430556
1 0.330859 0.116667 0.130469 0.230556
1 0.740625 0.893750 0.117188 0.212500
1 0.650781 0.672917 0.164062 0.487500
1 0.544531 0.388889 0.132812 0.436111
1 0.533984 0.070833 0.078906 0.138889
2 0.697656 0.515972 0.198437 0.512500
2 0.569922 0.220833 0.146094 0.438889
