2 0.523828 0.294444 0.157031 0.586111
2 0.743750 0.550694 0.223438 0.487500
2 0.355859 0.911111 0.205469 0.177778
0 0.146875 0.724306 0.292187 0.551389
0 0.169141 0.422222 0.336719 0.655556
0 0.217188 0.197917 0.306250 0.393056
0 0.877344 0.738889 0.245312 0.522222
0 0.853516 0.454167 0.292969 0.666667
0 0.837891 0.209722 0.321094 0.416667
1 0.361328 0.633333 0.139844 0.422222
1 0.385937 0.380556 0.117188 0.436111
1 0.655469 0.386806 0.100000 0.434722
1 0.671094 0.679861 0.162500 0.484722
1 0.726562 0.913889 0.095312 0.172222
1 0.404297 0.073611 0.102344 0.144444
1 0.647656 0.076389 0.109375 0.150000
