0 0.141016 0.506250 0.280469 0.684722
0 0.135937 0.767361 0.270313 0.465278
0 0.145703 0.252778 0.289844 0.502778
0 0.865234 0.656250 0.269531 0.687500
0 0.822266 0.345139 0.355469 0.687500
0 0.744141 0.162500 0.292969 0.322222
1 0.738672 0.877083 0.130469 0.245833
1 0.643359 0.641667 0.158594 0.488889
1 0.567969 0.378472 0.151562 0.409722
1 0.435156 0.897917 0.203125 0.204167
1 0.340234 0.706250 0.135156 0.493056
1 0.341406 0.410417 0.117188 0.429167
1 0.322656 0.098611 0.131250 0.194444
1 0.516797 0.054861 0.050781 0.106944
2 0.691797 0.481944 0.200781 0.502778
2 0.572656 0.223611 0.150000 0.444444
