0 0.170703 0.533333 0.339844 0.650000
0 0.220703 0.247917 0.303906 0.493056
0 0.152734 0.779861 0.303906 0.431944
0 0.885547 0.773611 0.228906 0.452778
0 0.856250 0.528472 0.287500 0.656944
0 0.844141 0.244444 0.310156 0.486111
1 0.393750 0.480556 0.115625 0.433333
1 0.372266 0.738194 0.138281 0.434722
1 0.647266 0.502778 0.125781 0.386111
1 0.685937 0.760417 0.168750 0.479167
1 0.410156 0.140972 0.114062 0.279167
1 0.616016 0.108333 0.088281 0.213889
2 0.667188 0.303472 0.168750 0.393056
2 0.753906 0.638889 0.225000 0.486111
2 0.375781 0.963194 0.167187 0.073611
