2 0.696094 0.463889 0.203125 0.508333
2 0.579688 0.203472 0.137500 0.404167
0 0.137891 0.756250 0.274219 0.487500
0 0.143750 0.481250 0.285938 0.684722
0 0.147656 0.238889 0.293750 0.475000
0 0.866016 0.648611 0.267969 0.702778
0 0.825391 0.336806 0.349219 0.670833
0 0.759766 0.151389 0.289844 0.300000
1 0.437500 0.887500 0.204687 0.225000
1 0.342969 0.683333 0.132812 0.491667
1 0.344531 0.386111 0.117188 0.436111
1 0.326562 0.088889 0.131250 0.175000
1 0.531250 0.071528 0.075000 0.140278
1 0.568359 0.343750 0.157031 0.440278
1 0.648828 0.623611 0.164844 0.483333
1 0.732422 0.870833 0.139844 0.258333
