0 0.260156 0.247917 0.298438 0.493056
0 0.187891 0.529861 0.372656 0.648611
0 0.166406 0.773611 0.329688 0.452778
0 0.900391 0.790278 0.199219 0.419444
0 0.871094 0.558333 0.257812 0.672222
0 0.860547 0.259028 0.277344 0.515278
1 0.399219 0.736806 0.135937 0.429167
1 0.426563 0.483333 0.107813 0.433333
1 0.679297 0.514583 0.128906 0.387500
1 0.713672 0.768750 0.171094 0.462500
1 0.754687 0.969444 0.039062 0.061111
1 0.447266 0.143056 0.108594 0.283333
1 0.673438 0.147917 0.129688 0.293056
2 0.699609 0.346528 0.171094 0.434722
2 0.786328 0.661806 0.227344 0.487500
2 0.408203 0.963194 0.147656 0.073611
