2 0.635547 0.252778 0.135156 0.502778
2 0.757812 0.571528 0.215625 0.495833
2 0.317188 0.952778 0.190625 0.094444
0 0.889062 0.729861 0.221875 0.540278
0 0.855078 0.447917 0.289844 0.681944
0 0.833594 0.206944 0.293750 0.411111
0 0.156641 0.767361 0.311719 0.465278
0 0.171484 0.510417 0.339844 0.662500
0 0.217188 0.244444 0.298438 0.486111
1 0.467969 0.922222 0.189062 0.155556
1 0.384766 0.740972 0.133594 0.498611
1 0.396094 0.443750 0.114062 0.431944
1 0.396484 0.115278 0.111719 0.227778
1 0.766406 0.925000 0.107813 0.150000
1 0.693750 0.713889 0.165625 0.497222
1 0.579688 0.388889 0.098437 0.427778
1 0.603906 0.081944 0.071875 0.161111
