0 0.285547 0.235417 0.294531 0.468056
0 0.205078 0.498611 0.385156 0.650000
0 0.176953 0.756250 0.352344 0.487500
0 0.909766 0.784028 0.180469 0.431944
0 0.885547 0.544444 0.228906 0.683333
0 0.873828 0.255556 0.250781 0.508333
1 0.476172 0.137500 0.102344 0.272222
1 0.700781 0.138194 0.134375 0.273611
1 0.448437 0.461111 0.110937 0.436111
1 0.416406 0.718750 0.143750 0.426389
1 0.703516 0.495139 0.133594 0.393056
1 0.735156 0.759028 0.175000 0.481944
2 0.732422 0.325000 0.163281 0.427778
2 0.811719 0.644444 0.232813 0.488889
2 0.427344 0.950000 0.164062 0.100000
1 0.792969 0.963194 0.078125 0.073611
