0 0.152734 0.773611 0.303906 0.452778
0 0.176172 0.527778 0.350781 0.658333
0 0.234766 0.247917 0.302344 0.493056
0 0.388281 0.053472 0.056250 0.104167
0 0.885547 0.793056 0.228906 0.413889
0 0.858984 0.564583 0.282031 0.665278
0 0.848047 0.263889 0.303906 0.525000
0 0.695312 0.059028 0.068750 0.115278
1 0.374609 0.739583 0.133594 0.423611
1 0.402344 0.485417 0.104688 0.434722
1 0.425781 0.142361 0.104688 0.281944
1 0.633594 0.093056 0.084375 0.183333
1 0.632422 0.475694 0.172656 0.393056
1 0.686719 0.770139 0.168750 0.459722
1 0.723828 0.970139 0.041406 0.059722
2 0.665625 0.326389 0.190625 0.441667
2 0.758594 0.665972 0.225000 0.476389
2 0.376953 0.961806 0.157031 0.076389
