2 0.432031 0.556250 0.306250 0.887500
2 0.646094 0.632639 0.210938 0.473611
2 0.121094 0.946528 0.237500 0.106944
0 0.097656 0.779167 0.192188 0.441667
0 0.120703 0.531250 0.238281 0.676389
0 0.134766 0.243750 0.267969 0.484722
0 0.268359 0.047222 0.053906 0.091667
0 0.833203 0.772222 0.333594 0.455556
0 0.802344 0.524306 0.381250 0.631944
0 0.723437 0.247917 0.290625 0.490278
0 0.908594 0.111111 0.182812 0.216667
0 0.950781 0.336111 0.098437 0.244444
1 0.262891 0.754861 0.150781 0.468056
1 0.282813 0.474306 0.117188 0.445833
1 0.642969 0.950000 0.081250 0.100000
1 0.591016 0.802778 0.152344 0.391667
1 0.562500 0.379861 0.076563 0.240278
1 0.544141 0.123611 0.107031 0.241667
1 0.307422 0.136806 0.121094 0.270833
1 0.966797 0.116667 0.066406 0.197222
