0 0.200391 0.472917 0.374219 0.662500
0 0.280469 0.225000 0.295312 0.447222
0 0.170703 0.741667 0.339844 0.516667
0 0.906641 0.779167 0.186719 0.441667
0 0.880859 0.532639 0.238281 0.676389
0 0.873437 0.250000 0.251563 0.497222
1 0.439063 0.439583 0.115625 0.434722
1 0.409766 0.693056 0.138281 0.425000
1 0.696484 0.469444 0.130469 0.405556
1 0.723047 0.752778 0.169531 0.494444
1 0.784375 0.954861 0.085938 0.090278
1 0.467187 0.122222 0.107813 0.241667
1 0.676562 0.093056 0.095312 0.183333
2 0.737891 0.306944 0.144531 0.405556
2 0.805078 0.634722 0.236719 0.477778
2 0.408984 0.939583 0.185156 0.120833
