1 0.367188 0.737500 0.131250 0.422222
1 0.392188 0.485417 0.114062 0.431944
1 0.613672 0.467361 0.199219 0.448611
1 0.685937 0.772222 0.181250 0.455556
1 0.716016 0.968750 0.032031 0.062500
1 0.417969 0.143056 0.112500 0.283333
1 0.624609 0.148611 0.089844 0.294444
0 0.151953 0.772917 0.299219 0.454167
0 0.173437 0.522222 0.342187 0.661111
0 0.228125 0.246528 0.303125 0.490278
0 0.880469 0.793750 0.239063 0.412500
0 0.857422 0.563194 0.285156 0.668056
0 0.846875 0.264583 0.306250 0.526389
0 0.690234 0.062500 0.071094 0.122222
0 0.385937 0.055556 0.054688 0.108333
2 0.637500 0.367361 0.203125 0.429167
2 0.751563 0.668750 0.223438 0.479167
2 0.377734 0.965972 0.149219 0.068056
