0 0.224219 0.251389 0.300000 0.497222
0 0.172656 0.536806 0.343750 0.651389
0 0.151562 0.781944 0.301563 0.436111
0 0.844141 0.249306 0.308594 0.495833
0 0.855859 0.536806 0.288281 0.656944
0 0.884375 0.780556 0.231250 0.438889
1 0.648438 0.518750 0.126562 0.365278
1 0.685937 0.763194 0.168750 0.473611
1 0.372266 0.741667 0.138281 0.430556
1 0.398438 0.484722 0.106250 0.433333
1 0.428906 0.140972 0.079687 0.279167
1 0.617578 0.111806 0.089844 0.220833
2 0.666797 0.326389 0.164844 0.416667
2 0.755078 0.645833 0.222656 0.486111
2 0.380078 0.964583 0.150781 0.070833
