1 0.421875 0.536111 0.117188 0.433333
1 0.396875 0.786806 0.143750 0.423611
1 0.446094 0.170139 0.107813 0.334722
1 0.715234 0.789583 0.169531 0.420833
1 0.678125 0.558333 0.128125 0.400000
1 0.650781 0.137500 0.090625 0.269444
0 0.165625 0.804861 0.329688 0.387500
0 0.187109 0.587500 0.367969 0.647222
0 0.258594 0.290972 0.296875 0.509722
0 0.317578 0.082639 0.247656 0.162500
0 0.897266 0.811111 0.205469 0.377778
0 0.871875 0.600694 0.256250 0.668056
0 0.858984 0.293750 0.282031 0.523611
0 0.803125 0.082639 0.253125 0.162500
2 0.700781 0.377083 0.164062 0.437500
2 0.787500 0.706944 0.221875 0.483333
