0 0.235547 0.262500 0.297656 0.522222
0 0.176172 0.561806 0.350781 0.645833
0 0.157422 0.793750 0.313281 0.412500
0 0.891797 0.789583 0.216406 0.420833
0 0.862500 0.556250 0.275000 0.659722
0 0.846484 0.259028 0.305469 0.515278
1 0.383984 0.762500 0.136719 0.436111
1 0.403125 0.506944 0.117188 0.433333
1 0.659766 0.525694 0.130469 0.398611
1 0.698047 0.773611 0.172656 0.452778
1 0.739062 0.972222 0.039062 0.055556
1 0.423047 0.152778 0.111719 0.302778
1 0.645312 0.122917 0.128125 0.243056
2 0.677734 0.356250 0.166406 0.423611
2 0.766016 0.668750 0.222656 0.490278
2 0.389844 0.975000 0.125000 0.050000
