2 0.730859 0.479861 0.221094 0.490278
2 0.683594 0.179861 0.203125 0.356944
1 0.725391 0.873611 0.135156 0.252778
1 0.424219 0.870833 0.225000 0.258333
1 0.352344 0.633333 0.139063 0.491667
1 0.372656 0.338194 0.107813 0.440278
1 0.381641 0.068056 0.114844 0.133333
1 0.607812 0.068056 0.125000 0.133333
1 0.618359 0.328472 0.138281 0.437500
1 0.661719 0.616667 0.164062 0.486111
0 0.874219 0.693750 0.251563 0.612500
0 0.844922 0.362500 0.310156 0.666667
0 0.822656 0.165972 0.281250 0.329167
0 0.141406 0.711806 0.281250 0.576389
0 0.159766 0.395833 0.317969 0.669444
0 0.188672 0.184722 0.305469 0.366667
