2 0.588672 0.249306 0.130469 0.495833
2 0.712500 0.548611 0.207813 0.500000
0 0.140625 0.777778 0.279687 0.444444
0 0.151172 0.528472 0.300781 0.673611
0 0.166797 0.255556 0.302344 0.508333
0 0.873047 0.706250 0.253906 0.587500
0 0.832812 0.421528 0.334375 0.679167
0 0.784375 0.197222 0.281250 0.391667
1 0.438281 0.920833 0.201563 0.158333
1 0.349609 0.743750 0.135156 0.493056
1 0.357031 0.445139 0.114062 0.434722
1 0.355469 0.117361 0.112500 0.231944
1 0.555078 0.079861 0.074219 0.156944
1 0.541797 0.381944 0.100781 0.433333
1 0.658594 0.701389 0.165625 0.497222
1 0.735938 0.911806 0.110937 0.176389
