2 0.572266 0.253472 0.189844 0.465278
2 0.735547 0.557639 0.213281 0.498611
2 0.315625 0.928472 0.240625 0.143056
0 0.149609 0.772222 0.297656 0.455556
0 0.162500 0.513889 0.323437 0.663889
0 0.195312 0.247222 0.300000 0.491667
0 0.882031 0.716667 0.235937 0.566667
0 0.846094 0.429167 0.307812 0.680556
0 0.800781 0.198611 0.304688 0.394444
1 0.433984 0.934028 0.122656 0.131944
1 0.748437 0.915278 0.104688 0.169444
1 0.676562 0.702083 0.162500 0.495833
1 0.538672 0.436111 0.141406 0.441667
1 0.368359 0.686806 0.136719 0.395833
1 0.376172 0.439583 0.119531 0.429167
1 0.376172 0.113889 0.114844 0.225000
