1 0.732031 0.892361 0.112500 0.215278
1 0.430859 0.891667 0.199219 0.216667
1 0.348438 0.677778 0.131250 0.497222
1 0.362891 0.381944 0.108594 0.433333
1 0.366797 0.090972 0.124219 0.179167
1 0.594922 0.090278 0.124219 0.177778
1 0.608594 0.368750 0.135937 0.437500
1 0.655469 0.656250 0.160938 0.495833
0 0.870703 0.700694 0.258594 0.598611
0 0.838281 0.389583 0.323437 0.670833
0 0.797266 0.181250 0.291406 0.359722
0 0.138672 0.736111 0.275781 0.527778
0 0.154297 0.446528 0.307031 0.670833
0 0.180078 0.211806 0.303906 0.420833
2 0.721484 0.511111 0.214844 0.500000
2 0.669141 0.220833 0.199219 0.438889
