0 0.867969 0.654167 0.264062 0.691667
0 0.825391 0.340278 0.349219 0.677778
0 0.762891 0.154167 0.288281 0.305556
0 0.138281 0.759028 0.275000 0.481944
0 0.143750 0.490972 0.285938 0.687500
0 0.148438 0.244444 0.295312 0.486111
1 0.438281 0.890972 0.204687 0.218056
1 0.343359 0.693750 0.133594 0.490278
1 0.345313 0.397222 0.120313 0.433333
1 0.736328 0.872917 0.136719 0.254167
1 0.650000 0.631944 0.164062 0.486111
1 0.555078 0.352083 0.130469 0.431944
1 0.328516 0.095833 0.130469 0.188889
1 0.533984 0.047917 0.077344 0.093056
2 0.569531 0.204861 0.131250 0.406944
2 0.699219 0.472917 0.201563 0.506944
