2 0.728516 0.609028 0.222656 0.470833
2 0.338281 0.932639 0.193750 0.134722
0 0.136328 0.736111 0.271094 0.527778
0 0.161328 0.453472 0.321094 0.670833
0 0.205859 0.215972 0.308594 0.426389
0 0.822656 0.240972 0.318750 0.479167
0 0.846484 0.514583 0.307031 0.670833
0 0.867188 0.768750 0.265625 0.462500
1 0.706641 0.939583 0.094531 0.120833
1 0.342969 0.674306 0.132812 0.420833
1 0.374609 0.422222 0.103906 0.438889
1 0.398438 0.111806 0.109375 0.220833
1 0.625391 0.122917 0.130469 0.243056
1 0.640625 0.436806 0.103125 0.429167
1 0.651953 0.731250 0.164844 0.487500
