1 0.730078 0.915972 0.105469 0.168056
1 0.669922 0.686111 0.164844 0.491667
1 0.617969 0.391667 0.109375 0.438889
1 0.432031 0.898611 0.196875 0.202778
1 0.357812 0.679861 0.135937 0.501389
1 0.385547 0.388194 0.107031 0.440278
1 0.404687 0.095139 0.115625 0.187500
1 0.633984 0.101389 0.130469 0.200000
0 0.876953 0.737500 0.246094 0.525000
0 0.851562 0.456944 0.296875 0.672222
0 0.838672 0.211806 0.296094 0.420833
0 0.143750 0.724306 0.285938 0.551389
0 0.167578 0.424306 0.333594 0.662500
0 0.213281 0.199306 0.303125 0.395833
2 0.707031 0.237500 0.212500 0.388889
2 0.743359 0.557639 0.224219 0.490278
