2 0.804297 0.641667 0.233594 0.477778
2 0.796875 0.305556 0.235937 0.372222
0 0.164062 0.661111 0.326562 0.677778
0 0.211328 0.366667 0.378906 0.700000
0 0.318359 0.188889 0.285156 0.375000
0 0.898828 0.793750 0.202344 0.412500
0 0.889844 0.570833 0.220312 0.727778
0 0.889453 0.278472 0.217969 0.554167
0 0.794531 0.046528 0.054688 0.090278
0 0.062109 0.128472 0.122656 0.254167
1 0.442188 0.903472 0.220312 0.193056
1 0.403516 0.672917 0.135156 0.495833
1 0.459766 0.390278 0.114844 0.436111
1 0.503125 0.103472 0.100000 0.204167
1 0.737500 0.123611 0.140625 0.244444
1 0.677734 0.440278 0.114844 0.433333
1 0.713672 0.748611 0.171094 0.502778
