2 0.689453 0.562500 0.214844 0.491667
2 0.649219 0.242361 0.204687 0.395833
0 0.852734 0.734722 0.294531 0.530556
0 0.825781 0.452083 0.348438 0.654167
0 0.778125 0.211111 0.285938 0.419444
0 0.116797 0.737500 0.232031 0.525000
0 0.139844 0.459028 0.278125 0.676389
0 0.155859 0.209028 0.310156 0.415278
1 0.382812 0.908333 0.198437 0.183333
1 0.308594 0.707639 0.142187 0.515278
1 0.335156 0.412500 0.110937 0.444444
1 0.349219 0.107639 0.121875 0.212500
1 0.578906 0.109028 0.123438 0.215278
1 0.566406 0.409722 0.104688 0.436111
1 0.621875 0.700000 0.159375 0.497222
1 0.685156 0.918750 0.107813 0.162500
