2 0.733984 0.534028 0.219531 0.495833
2 0.689844 0.221528 0.214062 0.395833
0 0.874609 0.717361 0.250781 0.565278
0 0.844922 0.419444 0.310156 0.663889
0 0.819141 0.193750 0.292969 0.384722
0 0.141406 0.734722 0.281250 0.530556
0 0.160156 0.446528 0.318750 0.668056
0 0.196484 0.210417 0.302344 0.418056
1 0.434375 0.897917 0.198437 0.204167
1 0.355078 0.687500 0.136719 0.500000
1 0.376563 0.391667 0.109375 0.441667
1 0.385547 0.097917 0.121094 0.193056
1 0.613281 0.095833 0.121875 0.188889
1 0.607031 0.382639 0.107813 0.434722
1 0.666797 0.674306 0.164844 0.490278
1 0.735156 0.904167 0.110937 0.191667
