2 0.828516 0.586806 0.232031 0.493056
2 0.810937 0.243750 0.231250 0.387500
0 0.176953 0.676389 0.352344 0.647222
0 0.226172 0.373611 0.382031 0.672222
0 0.322656 0.184722 0.290625 0.366667
0 0.066797 0.173611 0.132031 0.344444
1 0.476562 0.893056 0.225000 0.213889
1 0.430859 0.656944 0.133594 0.502778
1 0.473828 0.372222 0.103906 0.436111
1 0.508594 0.089583 0.106250 0.176389
1 0.743750 0.101389 0.139063 0.200000
1 0.698047 0.399306 0.108594 0.440278
1 0.745313 0.702083 0.168750 0.495833
1 0.793750 0.931250 0.104688 0.137500
0 0.916016 0.757639 0.167969 0.484722
0 0.900391 0.496528 0.199219 0.715278
0 0.898438 0.234722 0.201563 0.466667
