1 0.591797 0.404861 0.105469 0.440278
1 0.644141 0.700000 0.161719 0.497222
1 0.705859 0.922222 0.105469 0.155556
1 0.408203 0.905556 0.199219 0.188889
1 0.333203 0.696528 0.139844 0.506944
1 0.361328 0.403472 0.110156 0.443056
1 0.379297 0.101389 0.119531 0.200000
1 0.610156 0.104861 0.126562 0.206944
0 0.129297 0.730556 0.257031 0.538889
0 0.153125 0.440972 0.304688 0.668056
0 0.186719 0.202778 0.303125 0.402778
0 0.864453 0.740278 0.271094 0.519444
0 0.838281 0.461806 0.323437 0.662500
0 0.811328 0.215278 0.289844 0.427778
2 0.717187 0.564583 0.220312 0.493056
2 0.678516 0.259722 0.205469 0.430556
