2 0.741016 0.554167 0.224219 0.491667
2 0.704297 0.245139 0.210156 0.448611
2 0.258203 0.696528 0.380469 0.584722
1 0.422656 0.892361 0.201563 0.215278
1 0.386719 0.377083 0.106250 0.445833
1 0.376172 0.471528 0.035156 0.109722
1 0.407422 0.089583 0.113281 0.176389
1 0.639453 0.098611 0.132031 0.194444
1 0.614844 0.386806 0.112500 0.437500
1 0.663672 0.681944 0.164844 0.497222
1 0.721875 0.916667 0.104688 0.166667
0 0.130859 0.710417 0.260156 0.579167
0 0.166406 0.402083 0.331250 0.665278
0 0.216406 0.193056 0.301563 0.383333
0 0.874609 0.738889 0.250781 0.522222
0 0.851562 0.461806 0.296875 0.679167
0 0.842969 0.216667 0.293750 0.430556
