2 0.435547 0.179861 0.147656 0.356944
2 0.721875 0.250694 0.220312 0.426389
2 0.757812 0.554167 0.226562 0.486111
0 0.882422 0.736111 0.235156 0.527778
0 0.858984 0.454167 0.282031 0.677778
0 0.853125 0.211806 0.292187 0.420833
0 0.148828 0.712500 0.296094 0.575000
0 0.173047 0.407639 0.344531 0.665278
0 0.230469 0.193056 0.300000 0.383333
1 0.441406 0.893056 0.195312 0.213889
1 0.369531 0.667361 0.134375 0.501389
1 0.401562 0.377778 0.101562 0.436111
1 0.629297 0.384028 0.108594 0.437500
1 0.680859 0.676389 0.164844 0.494444
1 0.740234 0.913889 0.105469 0.172222
