1 0.686328 0.684722 0.164844 0.502778
1 0.632812 0.391667 0.109375 0.441667
1 0.450391 0.898611 0.197656 0.202778
1 0.373828 0.680556 0.132031 0.502778
1 0.401953 0.390972 0.107031 0.440278
1 0.419141 0.095139 0.117969 0.187500
1 0.648828 0.099306 0.132031 0.195833
1 0.747656 0.916667 0.103125 0.166667
0 0.887109 0.734028 0.225781 0.531944
0 0.860547 0.447917 0.278906 0.665278
0 0.852344 0.207639 0.292187 0.412500
0 0.152734 0.727778 0.303906 0.544444
0 0.175391 0.429861 0.349219 0.656944
0 0.231250 0.200694 0.298438 0.398611
2 0.760938 0.555556 0.226562 0.491667
2 0.722656 0.254167 0.214062 0.419444
