2 0.613672 0.235417 0.205469 0.468056
2 0.717578 0.527778 0.216406 0.494444
0 0.133594 0.727778 0.265625 0.544444
0 0.151953 0.436806 0.302344 0.679167
0 0.177344 0.203472 0.309375 0.404167
0 0.867578 0.710417 0.264844 0.579167
0 0.835547 0.406250 0.328906 0.662500
0 0.800000 0.188889 0.298438 0.375000
1 0.418359 0.892361 0.199219 0.215278
1 0.339062 0.677778 0.139063 0.505556
1 0.358984 0.382639 0.113281 0.445833
1 0.369141 0.091667 0.121094 0.180556
1 0.540625 0.345139 0.117188 0.456944
1 0.558203 0.057639 0.047656 0.112500
1 0.665234 0.664583 0.192969 0.495833
1 0.719531 0.899306 0.110937 0.201389
