2 0.671875 0.208333 0.192188 0.413889
2 0.751172 0.513194 0.216406 0.498611
0 0.148438 0.702083 0.295312 0.595833
0 0.172266 0.385417 0.342969 0.670833
0 0.225781 0.175694 0.304688 0.348611
0 0.885156 0.712500 0.229687 0.575000
0 0.867578 0.404861 0.264844 0.670833
0 0.850781 0.188889 0.296875 0.375000
1 0.432812 0.878472 0.228125 0.243056
1 0.372266 0.638194 0.135156 0.506944
1 0.400781 0.346528 0.107813 0.443056
1 0.419141 0.074306 0.111719 0.145833
1 0.621875 0.059028 0.075000 0.115278
1 0.595313 0.322917 0.110937 0.431944
1 0.684766 0.645833 0.167969 0.491667
1 0.747656 0.892361 0.109375 0.215278
