2 0.818359 0.687500 0.250781 0.452778
2 0.807031 0.364583 0.240625 0.404167
0 0.164062 0.662500 0.326562 0.675000
0 0.218750 0.373611 0.379688 0.694444
0 0.328516 0.197222 0.286719 0.391667
0 0.898828 0.814583 0.202344 0.370833
0 0.893359 0.621528 0.213281 0.756944
0 0.893359 0.301389 0.213281 0.597222
1 0.457422 0.913194 0.186719 0.173611
1 0.405078 0.690972 0.135156 0.504167
1 0.469922 0.415278 0.113281 0.436111
1 0.513672 0.115972 0.099219 0.229167
1 0.748047 0.134028 0.142969 0.265278
1 0.687891 0.468750 0.127344 0.429167
1 0.712891 0.763194 0.172656 0.473611
0 0.070312 0.145139 0.139063 0.287500
0 0.888672 0.064583 0.222656 0.126389
