2 0.734766 0.252083 0.221094 0.387500
2 0.768359 0.572917 0.228906 0.487500
0 0.887500 0.745833 0.225000 0.508333
0 0.864453 0.471528 0.271094 0.676389
0 0.859766 0.220833 0.277344 0.438889
0 0.153516 0.716667 0.305469 0.566667
0 0.178125 0.421528 0.354687 0.662500
0 0.242969 0.200000 0.298438 0.397222
1 0.451562 0.901389 0.195312 0.197222
1 0.378516 0.680556 0.135156 0.502778
1 0.410156 0.389583 0.104688 0.443056
1 0.430469 0.096528 0.115625 0.190278
1 0.662891 0.104861 0.133594 0.206944
1 0.641797 0.399306 0.114844 0.434722
1 0.691016 0.697917 0.166406 0.495833
1 0.746875 0.921528 0.107813 0.156944
