2 0.724609 0.533333 0.214844 0.505556
2 0.675391 0.233333 0.205469 0.447222
1 0.433984 0.900694 0.200781 0.198611
1 0.351953 0.697917 0.133594 0.498611
1 0.368750 0.399306 0.114062 0.440278
1 0.373828 0.100694 0.122656 0.198611
1 0.601953 0.098611 0.128906 0.194444
1 0.611328 0.387500 0.132031 0.438889
1 0.660547 0.675000 0.163281 0.500000
1 0.733203 0.902083 0.113281 0.195833
0 0.873047 0.712500 0.253906 0.575000
0 0.841406 0.418056 0.317188 0.666667
0 0.805859 0.190278 0.292969 0.377778
0 0.140234 0.741667 0.278906 0.516667
0 0.156250 0.459028 0.310937 0.668056
0 0.184375 0.217361 0.300000 0.431944
