1 0.688281 0.681250 0.167187 0.498611
1 0.748828 0.915278 0.107031 0.169444
1 0.637891 0.390278 0.110156 0.436111
1 0.657031 0.096528 0.131250 0.190278
1 0.450781 0.895139 0.195312 0.209722
1 0.378125 0.671528 0.134375 0.498611
1 0.405469 0.380556 0.107813 0.441667
1 0.425000 0.090278 0.114062 0.177778
0 0.153516 0.716667 0.305469 0.566667
0 0.176953 0.414583 0.352344 0.659722
0 0.237500 0.195833 0.298438 0.388889
0 0.887109 0.736111 0.225781 0.527778
0 0.862109 0.451389 0.275781 0.683333
0 0.857031 0.210417 0.284375 0.418056
2 0.765234 0.556944 0.230469 0.491667
2 0.730078 0.250694 0.219531 0.426389
