2 0.355859 0.418056 0.324219 0.830556
2 0.732422 0.572222 0.222656 0.494444
2 0.696875 0.265278 0.210938 0.430556
0 0.136719 0.725000 0.271875 0.550000
0 0.158594 0.430556 0.315625 0.666667
0 0.205859 0.200694 0.302344 0.393056
0 0.871094 0.744444 0.257812 0.511111
0 0.846875 0.471528 0.306250 0.670833
0 0.829688 0.220139 0.292187 0.437500
1 0.417969 0.904167 0.193750 0.191667
1 0.337500 0.695833 0.120313 0.502778
1 0.606641 0.407639 0.107031 0.434722
1 0.658984 0.702778 0.164844 0.494444
1 0.715234 0.922917 0.103906 0.154167
1 0.627344 0.106944 0.129688 0.211111
