1 0.719531 0.911111 0.104688 0.177778
1 0.654297 0.687500 0.163281 0.500000
1 0.597656 0.394444 0.107813 0.436111
1 0.607812 0.102083 0.125000 0.201389
1 0.421484 0.903472 0.197656 0.193056
1 0.342578 0.694444 0.138281 0.508333
1 0.366406 0.400694 0.114062 0.445833
1 0.378516 0.100694 0.119531 0.198611
0 0.870313 0.727083 0.259375 0.545833
0 0.841016 0.438889 0.317969 0.661111
0 0.810156 0.203472 0.292187 0.404167
0 0.134766 0.737500 0.267969 0.525000
0 0.155078 0.451389 0.308594 0.669444
0 0.186719 0.211111 0.307812 0.419444
2 0.723828 0.548611 0.219531 0.494444
2 0.681641 0.254167 0.210156 0.430556
