0 0.885547 0.733333 0.228906 0.533333
0 0.862500 0.445833 0.275000 0.677778
0 0.856250 0.208333 0.285938 0.413889
0 0.151953 0.715972 0.302344 0.568056
0 0.176172 0.410417 0.350781 0.662500
0 0.236719 0.193750 0.298438 0.384722
1 0.450391 0.892361 0.197656 0.215278
1 0.375391 0.665972 0.135156 0.498611
1 0.405469 0.375000 0.107813 0.441667
1 0.424609 0.089583 0.113281 0.176389
1 0.655469 0.096528 0.132812 0.190278
1 0.637109 0.380556 0.111719 0.436111
1 0.687891 0.677083 0.167969 0.495833
1 0.748437 0.910417 0.109375 0.179167
2 0.764453 0.549306 0.232031 0.487500
2 0.731641 0.232639 0.221094 0.401389
