0 0.063672 0.119444 0.125781 0.236111
0 0.160938 0.643750 0.320312 0.712500
0 0.213672 0.350000 0.380469 0.697222
0 0.323047 0.184722 0.288281 0.366667
0 0.896875 0.802778 0.206250 0.394444
0 0.890625 0.592361 0.218750 0.743056
0 0.891016 0.288889 0.216406 0.575000
1 0.433594 0.901389 0.225000 0.197222
1 0.401562 0.659722 0.132812 0.508333
1 0.465625 0.385417 0.117188 0.440278
1 0.509375 0.102083 0.101562 0.201389
1 0.744531 0.123611 0.143750 0.244444
1 0.677734 0.443056 0.114844 0.433333
1 0.708203 0.748611 0.172656 0.502778
2 0.805078 0.651389 0.238281 0.469444
2 0.802344 0.325694 0.239063 0.384722
