1 0.646094 0.665972 0.160938 0.490278
1 0.583203 0.379861 0.107031 0.437500
1 0.421094 0.898611 0.200000 0.202778
1 0.335547 0.694444 0.139844 0.502778
1 0.352734 0.400694 0.111719 0.434722
1 0.350391 0.092361 0.117969 0.181944
1 0.583203 0.095139 0.125781 0.187500
0 0.866406 0.702778 0.267188 0.594444
0 0.832031 0.399306 0.335938 0.670833
0 0.785937 0.186111 0.290625 0.369444
0 0.132812 0.745139 0.262500 0.509722
0 0.146875 0.463889 0.292187 0.677778
0 0.159375 0.222222 0.317188 0.441667
2 0.708203 0.519444 0.211719 0.500000
2 0.661719 0.225694 0.203125 0.448611
