2 0.757031 0.555556 0.225000 0.491667
2 0.719922 0.261806 0.217969 0.443056
0 0.884375 0.736806 0.231250 0.526389
0 0.858203 0.450694 0.283594 0.670833
0 0.851953 0.208333 0.294531 0.413889
0 0.151172 0.725694 0.300781 0.548611
0 0.172656 0.427778 0.343750 0.658333
0 0.227344 0.199306 0.301563 0.395833
1 0.448437 0.899306 0.195312 0.201389
1 0.372656 0.679861 0.134375 0.504167
1 0.398438 0.390972 0.107813 0.440278
1 0.416406 0.097917 0.115625 0.193056
1 0.646875 0.100694 0.131250 0.198611
1 0.631250 0.392361 0.110937 0.440278
1 0.683203 0.687500 0.164844 0.497222
1 0.744141 0.915972 0.103906 0.168056
