1 0.691406 0.695139 0.167187 0.504167
1 0.639844 0.400000 0.110937 0.436111
1 0.452734 0.902083 0.194531 0.195833
1 0.379297 0.684722 0.136719 0.500000
1 0.408203 0.392361 0.105469 0.440278
1 0.426953 0.097917 0.114844 0.193056
1 0.658594 0.103472 0.131250 0.204167
1 0.750781 0.922222 0.104688 0.155556
2 0.767188 0.568750 0.228125 0.490278
2 0.732422 0.247917 0.214844 0.384722
0 0.154297 0.725000 0.307031 0.550000
0 0.178906 0.427083 0.356250 0.662500
0 0.240234 0.202083 0.297656 0.401389
0 0.889062 0.743056 0.221875 0.513889
0 0.863281 0.464583 0.273438 0.676389
0 0.857422 0.217361 0.282031 0.431944
