2 0.824219 0.721528 0.251563 0.454167
2 0.811719 0.395833 0.237500 0.411111
0 0.167187 0.681250 0.332813 0.637500
0 0.226172 0.415972 0.380469 0.695833
0 0.333203 0.213889 0.282031 0.425000
0 0.073438 0.179861 0.145313 0.323611
1 0.461719 0.932639 0.182812 0.134722
1 0.410938 0.729861 0.134375 0.501389
1 0.473047 0.449306 0.113281 0.437500
1 0.518359 0.133333 0.099219 0.263889
1 0.749609 0.153472 0.141406 0.304167
1 0.692969 0.504167 0.129688 0.427778
1 0.722656 0.781944 0.168750 0.436111
0 0.903516 0.831944 0.192969 0.336111
0 0.896875 0.640972 0.206250 0.718056
0 0.895312 0.334028 0.207813 0.590278
