1 0.675000 0.674306 0.179688 0.509722
1 0.558594 0.352778 0.114062 0.463889
1 0.430469 0.890278 0.198437 0.219444
1 0.730469 0.906944 0.107813 0.186111
1 0.350781 0.667361 0.143750 0.504167
1 0.380078 0.375000 0.111719 0.447222
1 0.396875 0.090278 0.115625 0.177778
1 0.588281 0.057639 0.046875 0.112500
0 0.140234 0.718750 0.278906 0.562500
0 0.162500 0.414583 0.323437 0.659722
0 0.205469 0.193750 0.303125 0.381944
0 0.876172 0.724306 0.247656 0.551389
0 0.846875 0.429167 0.306250 0.663889
0 0.830859 0.200000 0.303906 0.397222
2 0.640234 0.232639 0.207031 0.462500
2 0.739453 0.540278 0.224219 0.491667
