2 0.719922 0.541667 0.217969 0.497222
2 0.679297 0.256944 0.214844 0.444444
0 0.868750 0.720139 0.262500 0.559722
0 0.838281 0.427083 0.323437 0.662500
0 0.804297 0.197917 0.292969 0.393056
0 0.135547 0.739583 0.269531 0.520833
0 0.154688 0.455556 0.307812 0.669444
0 0.182031 0.213889 0.307812 0.425000
1 0.421875 0.901389 0.198437 0.197222
1 0.342578 0.695833 0.138281 0.502778
1 0.363672 0.399306 0.111719 0.445833
1 0.372656 0.101389 0.121875 0.200000
1 0.602734 0.101389 0.125781 0.200000
1 0.595313 0.391667 0.106250 0.438889
1 0.653906 0.681250 0.162500 0.498611
1 0.721094 0.907639 0.107813 0.184722
