0 0.159375 0.653472 0.317188 0.693056
0 0.212500 0.364583 0.382812 0.704167
0 0.323437 0.194444 0.284375 0.386111
0 0.894922 0.813889 0.210156 0.372222
0 0.889844 0.624306 0.220312 0.751389
0 0.890234 0.302083 0.219531 0.598611
0 0.886719 0.063889 0.226562 0.125000
1 0.447656 0.910417 0.185938 0.179167
1 0.397266 0.681944 0.133594 0.500000
1 0.465234 0.405556 0.116406 0.438889
1 0.509375 0.112500 0.100000 0.222222
1 0.742188 0.136806 0.142187 0.270833
1 0.675000 0.462500 0.118750 0.430556
1 0.703906 0.760417 0.173437 0.479167
2 0.801562 0.675694 0.237500 0.465278
2 0.801562 0.340972 0.237500 0.359722
0 0.067969 0.124306 0.134375 0.245833
