2 0.718750 0.563194 0.221875 0.493056
2 0.681641 0.240972 0.207031 0.395833
0 0.129297 0.725000 0.257031 0.550000
0 0.154297 0.429861 0.307031 0.668056
0 0.189844 0.202083 0.307812 0.401389
0 0.864844 0.740278 0.270313 0.519444
0 0.839844 0.461806 0.320312 0.670833
0 0.814453 0.215278 0.289844 0.427778
1 0.406250 0.902083 0.196875 0.195833
1 0.333594 0.691667 0.140625 0.508333
1 0.363672 0.395139 0.110156 0.443056
1 0.382031 0.098611 0.118750 0.194444
1 0.612109 0.103472 0.130469 0.204167
1 0.593750 0.400694 0.106250 0.434722
1 0.646484 0.693056 0.163281 0.494444
1 0.703516 0.919444 0.103906 0.161111
