0 0.887500 0.744444 0.225000 0.511111
0 0.862891 0.470139 0.274219 0.679167
0 0.858594 0.219444 0.281250 0.436111
0 0.154297 0.722222 0.307031 0.555556
0 0.177734 0.427778 0.353906 0.661111
0 0.239844 0.202083 0.298438 0.401389
1 0.451953 0.902083 0.194531 0.195833
1 0.378906 0.684722 0.134375 0.500000
1 0.408984 0.393750 0.103906 0.440278
1 0.428125 0.098611 0.114062 0.194444
1 0.658594 0.104167 0.132812 0.205556
1 0.640625 0.399306 0.112500 0.440278
1 0.689453 0.698611 0.164844 0.497222
1 0.748437 0.922222 0.104688 0.155556
2 0.767578 0.568750 0.228906 0.490278
2 0.731641 0.274306 0.222656 0.431944
