0 0.891797 0.725694 0.216406 0.548611
0 0.866406 0.434722 0.267188 0.675000
0 0.857422 0.202083 0.283594 0.401389
0 0.157422 0.710417 0.313281 0.579167
0 0.178906 0.403472 0.356250 0.662500
0 0.243359 0.186111 0.299219 0.369444
1 0.451562 0.888194 0.214062 0.223611
1 0.384766 0.660417 0.136719 0.504167
1 0.414062 0.368056 0.106250 0.441667
1 0.432812 0.086806 0.115625 0.170833
1 0.629687 0.056944 0.060937 0.111111
1 0.593750 0.336111 0.120313 0.438889
1 0.699609 0.667361 0.167969 0.495833
1 0.759766 0.905556 0.107031 0.188889
2 0.766406 0.537500 0.217188 0.497222
2 0.676562 0.228472 0.212500 0.454167
