1 0.727344 0.901389 0.107813 0.197222
1 0.658984 0.665278 0.164844 0.497222
1 0.600781 0.374306 0.107813 0.437500
1 0.608203 0.091667 0.125781 0.180556
1 0.426953 0.895139 0.199219 0.209722
1 0.347266 0.679167 0.136719 0.502778
1 0.369531 0.384028 0.110937 0.443056
1 0.377734 0.093056 0.122656 0.183333
0 0.871875 0.714583 0.256250 0.570833
0 0.841797 0.411806 0.316406 0.665278
0 0.812500 0.191667 0.292187 0.380556
0 0.138672 0.731250 0.275781 0.537500
0 0.157422 0.436111 0.313281 0.666667
0 0.187891 0.205556 0.305469 0.408333
2 0.725000 0.527083 0.220312 0.498611
2 0.687109 0.233333 0.211719 0.430556
