2 0.803906 0.683333 0.246875 0.458333
2 0.787500 0.360417 0.235937 0.406944
0 0.158594 0.672917 0.315625 0.654167
0 0.200781 0.393056 0.387500 0.691667
0 0.309766 0.202778 0.286719 0.402778
0 0.062109 0.135417 0.122656 0.268056
1 0.448828 0.918056 0.188281 0.163889
1 0.393359 0.700000 0.135156 0.508333
1 0.453906 0.420833 0.112500 0.438889
1 0.496094 0.118750 0.101562 0.234722
1 0.728516 0.138889 0.141406 0.275000
1 0.673047 0.468750 0.130469 0.429167
1 0.703125 0.763194 0.170313 0.473611
0 0.895312 0.811111 0.209375 0.377778
0 0.885156 0.606250 0.229687 0.737500
0 0.883984 0.298611 0.232031 0.591667
