1 0.741406 0.905556 0.109375 0.188889
1 0.669531 0.679167 0.164062 0.491667
1 0.607422 0.387500 0.107031 0.438889
1 0.611328 0.099306 0.124219 0.195833
1 0.440234 0.903472 0.197656 0.193056
1 0.360156 0.700694 0.135937 0.504167
1 0.377344 0.404861 0.110937 0.437500
1 0.382812 0.103472 0.123438 0.204167
2 0.734766 0.536111 0.216406 0.500000
2 0.686328 0.251389 0.208594 0.447222
0 0.877344 0.713194 0.245312 0.573611
0 0.844922 0.418056 0.310156 0.675000
0 0.814453 0.194444 0.292969 0.386111
0 0.144531 0.745833 0.287500 0.508333
0 0.161719 0.467361 0.321875 0.670833
0 0.193359 0.222222 0.303906 0.441667
