1 0.719531 0.893056 0.117188 0.213889
1 0.417969 0.895833 0.200000 0.208333
1 0.332422 0.686111 0.139844 0.502778
1 0.346094 0.392361 0.112500 0.440278
1 0.342969 0.086111 0.118750 0.169444
1 0.573828 0.090278 0.121094 0.177778
1 0.576562 0.371528 0.104688 0.443056
1 0.642578 0.654861 0.160156 0.490278
0 0.864453 0.693056 0.271094 0.613889
0 0.829688 0.386806 0.340625 0.670833
0 0.777344 0.178472 0.285938 0.354167
0 0.132031 0.741667 0.262500 0.513889
0 0.145313 0.461111 0.289062 0.680556
0 0.156250 0.219444 0.310937 0.436111
2 0.702734 0.508333 0.210156 0.505556
2 0.656641 0.200000 0.202344 0.394444
