0 0.161328 0.649306 0.321094 0.701389
0 0.217188 0.359722 0.378125 0.711111
0 0.329688 0.191667 0.284375 0.380556
0 0.897266 0.815278 0.205469 0.369444
0 0.892578 0.623611 0.214844 0.752778
0 0.891797 0.304167 0.216406 0.602778
2 0.804688 0.352083 0.243750 0.379167
2 0.805859 0.678472 0.238281 0.465278
1 0.450391 0.909722 0.183594 0.180556
1 0.400391 0.679167 0.133594 0.500000
1 0.467578 0.403472 0.117969 0.437500
1 0.514844 0.112500 0.100000 0.222222
1 0.749609 0.136111 0.144531 0.269444
1 0.678516 0.467361 0.119531 0.431944
1 0.705078 0.762500 0.172656 0.475000
0 0.068359 0.126389 0.135156 0.250000
