2 0.719141 0.533333 0.216406 0.502778
2 0.671484 0.234722 0.199219 0.450000
0 0.870703 0.711111 0.257031 0.577778
0 0.838672 0.415278 0.322656 0.672222
0 0.798438 0.193750 0.290625 0.384722
0 0.137109 0.745833 0.272656 0.508333
0 0.153906 0.468056 0.304688 0.672222
0 0.178516 0.222917 0.303906 0.443056
1 0.429297 0.901389 0.200781 0.197222
1 0.346094 0.701389 0.134375 0.502778
1 0.364063 0.405556 0.109375 0.444444
1 0.367578 0.104167 0.124219 0.205556
1 0.728906 0.903472 0.112500 0.193056
1 0.658594 0.679167 0.165625 0.494444
1 0.608203 0.389583 0.136719 0.437500
1 0.594922 0.100694 0.124219 0.198611
