2 0.726953 0.538889 0.216406 0.502778
2 0.680469 0.229861 0.207813 0.393056
0 0.874609 0.713889 0.250781 0.572222
0 0.841797 0.419444 0.316406 0.675000
0 0.807813 0.193750 0.290625 0.384722
0 0.140625 0.747222 0.279687 0.505556
0 0.158203 0.473611 0.314844 0.672222
0 0.187109 0.226389 0.303906 0.450000
1 0.435156 0.905556 0.198437 0.188889
1 0.354687 0.704861 0.135937 0.501389
1 0.371484 0.409722 0.110156 0.438889
1 0.376563 0.103472 0.123438 0.204167
1 0.603906 0.102083 0.123438 0.201389
1 0.603125 0.393056 0.107813 0.438889
1 0.665234 0.684722 0.164844 0.491667
1 0.735938 0.906944 0.110937 0.186111
