2 0.746484 0.566667 0.224219 0.488889
2 0.712891 0.248611 0.214844 0.383333
0 0.879297 0.742361 0.241406 0.515278
0 0.853516 0.465972 0.292969 0.670833
0 0.842578 0.216667 0.292969 0.430556
0 0.145313 0.727083 0.289062 0.545833
0 0.167578 0.430556 0.333594 0.663889
0 0.219922 0.203472 0.299219 0.404167
1 0.435156 0.902083 0.195312 0.195833
1 0.362500 0.689583 0.134375 0.501389
1 0.389062 0.397222 0.107813 0.441667
1 0.408203 0.098611 0.114844 0.194444
1 0.637891 0.104861 0.130469 0.206944
1 0.621094 0.401389 0.110937 0.436111
1 0.672656 0.697222 0.165625 0.497222
1 0.732812 0.921528 0.101562 0.156944
