1 0.593750 0.395139 0.106250 0.437500
1 0.645703 0.688194 0.161719 0.495833
1 0.705859 0.915278 0.103906 0.169444
1 0.612109 0.100694 0.127344 0.198611
1 0.381641 0.098611 0.119531 0.194444
1 0.363672 0.390972 0.111719 0.445833
1 0.333984 0.684722 0.136719 0.511111
1 0.407813 0.899306 0.196875 0.201389
0 0.130469 0.725000 0.259375 0.550000
0 0.152734 0.424306 0.303906 0.665278
0 0.188672 0.200694 0.305469 0.398611
0 0.865625 0.736806 0.268750 0.526389
0 0.839844 0.454167 0.320312 0.666667
0 0.813281 0.211806 0.290625 0.420833
2 0.719141 0.558333 0.221094 0.491667
2 0.681641 0.256250 0.207031 0.437500
