2 0.767969 0.616667 0.220312 0.502778
2 0.751172 0.290972 0.222656 0.384722
0 0.152734 0.704167 0.303906 0.591667
0 0.182812 0.420139 0.364063 0.684722
0 0.265625 0.206250 0.293750 0.409722
0 0.889062 0.776389 0.221875 0.447222
0 0.871094 0.536806 0.257812 0.706944
0 0.868359 0.257639 0.260156 0.512500
1 0.440625 0.913889 0.192188 0.172222
1 0.378906 0.702778 0.134375 0.505556
1 0.422656 0.415972 0.103125 0.440278
1 0.455078 0.112500 0.108594 0.222222
1 0.685156 0.124306 0.134375 0.245833
1 0.644141 0.441667 0.105469 0.433333
1 0.690625 0.745139 0.165625 0.498611
1 0.745313 0.948611 0.085938 0.102778
