1 0.686719 0.474306 0.125000 0.429167
1 0.710938 0.764583 0.171875 0.470833
1 0.455859 0.915972 0.188281 0.168056
1 0.407031 0.693056 0.129688 0.497222
1 0.469531 0.414583 0.112500 0.437500
1 0.516016 0.115972 0.097656 0.229167
1 0.747656 0.138889 0.143750 0.275000
0 0.165625 0.660417 0.329688 0.679167
0 0.219141 0.377083 0.380469 0.701389
0 0.330078 0.197222 0.283594 0.391667
0 0.898828 0.818750 0.202344 0.362500
0 0.894141 0.627083 0.211719 0.745833
0 0.893750 0.308333 0.212500 0.605556
0 0.889844 0.067361 0.220312 0.131944
2 0.806250 0.372917 0.237500 0.409722
2 0.818750 0.694444 0.251563 0.450000
