2 0.720703 0.527083 0.219531 0.493056
2 0.678906 0.210417 0.207813 0.390278
0 0.867969 0.713194 0.264062 0.573611
0 0.839453 0.411806 0.321094 0.659722
0 0.804297 0.191667 0.289844 0.380556
0 0.135156 0.727778 0.268750 0.544444
0 0.154297 0.431250 0.307031 0.665278
0 0.181641 0.202778 0.307031 0.402778
1 0.421094 0.892361 0.198437 0.215278
1 0.342578 0.672917 0.138281 0.506944
1 0.364453 0.381250 0.110156 0.440278
1 0.372656 0.091667 0.121875 0.180556
1 0.601953 0.091667 0.122656 0.180556
1 0.595313 0.372917 0.109375 0.434722
1 0.653516 0.664583 0.163281 0.495833
1 0.720703 0.900694 0.113281 0.198611
