2 0.435937 0.344444 0.221875 0.686111
2 0.678516 0.261806 0.205469 0.448611
2 0.716016 0.562500 0.221094 0.488889
1 0.404297 0.901389 0.197656 0.197222
1 0.332813 0.687500 0.139063 0.511111
1 0.360156 0.449306 0.110937 0.337500
1 0.590234 0.400694 0.107031 0.437500
1 0.641797 0.693056 0.160156 0.497222
1 0.609766 0.104167 0.125781 0.205556
0 0.128906 0.725694 0.256250 0.548611
0 0.153125 0.431944 0.304688 0.669444
0 0.183594 0.202778 0.303125 0.402778
0 0.864062 0.737500 0.271875 0.525000
0 0.838672 0.457639 0.322656 0.659722
0 0.809766 0.213889 0.288281 0.425000
