2 0.284375 0.609028 0.346875 0.781944
1 0.437891 0.899306 0.166406 0.201389
0 0.133203 0.719444 0.264844 0.561111
0 0.151562 0.416667 0.301563 0.661111
0 0.209375 0.197222 0.298438 0.391667
0 0.871875 0.738889 0.256250 0.522222
0 0.848437 0.461111 0.303125 0.669444
0 0.833594 0.216667 0.292187 0.430556
2 0.734766 0.569444 0.222656 0.516667
2 0.701953 0.254861 0.211719 0.434722
1 0.386719 0.279167 0.079687 0.222222
1 0.610547 0.393750 0.107031 0.434722
1 0.660547 0.688889 0.163281 0.497222
1 0.718359 0.918056 0.103906 0.163889
1 0.631250 0.102083 0.129688 0.201389
1 0.400000 0.096528 0.117188 0.190278
