2 0.655469 0.264583 0.204687 0.437500
2 0.696094 0.565972 0.217188 0.490278
0 0.856641 0.736111 0.286719 0.527778
0 0.828125 0.456944 0.343750 0.658333
0 0.784375 0.213194 0.287500 0.423611
0 0.119531 0.739583 0.237500 0.520833
0 0.141406 0.464583 0.281250 0.676389
0 0.158203 0.213194 0.314844 0.423611
1 0.389844 0.909722 0.200000 0.180556
1 0.313672 0.711111 0.144531 0.511111
1 0.341797 0.413889 0.110156 0.444444
1 0.355469 0.109028 0.120313 0.215278
1 0.585156 0.109722 0.123438 0.216667
1 0.571875 0.411111 0.104688 0.438889
1 0.628125 0.704167 0.162500 0.497222
1 0.690234 0.920833 0.103906 0.158333
