2 0.804688 0.669444 0.229687 0.483333
2 0.803906 0.349306 0.240625 0.387500
0 0.164062 0.656250 0.326562 0.687500
0 0.218750 0.371528 0.373437 0.701389
0 0.327344 0.193056 0.282813 0.383333
0 0.898828 0.815278 0.202344 0.369444
0 0.892188 0.618750 0.215625 0.740278
0 0.892188 0.302083 0.215625 0.598611
0 0.889062 0.063194 0.221875 0.123611
1 0.454688 0.912500 0.182812 0.175000
1 0.403125 0.686111 0.131250 0.502778
1 0.466016 0.408333 0.119531 0.438889
1 0.512500 0.115278 0.101562 0.227778
1 0.746484 0.135417 0.141406 0.268056
1 0.678516 0.468056 0.114844 0.427778
1 0.710547 0.761806 0.174219 0.476389
