2 0.364453 0.376389 0.266406 0.750000
2 0.720313 0.562500 0.223438 0.491667
2 0.680859 0.238194 0.208594 0.398611
0 0.841016 0.459028 0.317969 0.665278
0 0.866406 0.737500 0.267188 0.525000
0 0.816016 0.214583 0.292969 0.426389
0 0.132031 0.727083 0.262500 0.545833
0 0.152734 0.433333 0.303906 0.669444
0 0.190234 0.200000 0.308594 0.397222
1 0.410938 0.901389 0.198437 0.197222
1 0.336328 0.690278 0.138281 0.505556
1 0.708984 0.916667 0.105469 0.166667
1 0.649609 0.692361 0.163281 0.495833
1 0.596094 0.397222 0.104688 0.438889
1 0.613672 0.101389 0.125781 0.200000
