0 0.913281 0.769444 0.173437 0.461111
0 0.899609 0.518056 0.200781 0.725000
0 0.898438 0.247917 0.198437 0.493056
0 0.175781 0.666667 0.350000 0.666667
0 0.229297 0.358333 0.374219 0.680556
0 0.069922 0.165278 0.138281 0.327778
0 0.329297 0.177083 0.286719 0.351389
1 0.466016 0.890278 0.225781 0.219444
1 0.427734 0.650000 0.133594 0.502778
1 0.475781 0.370833 0.110937 0.444444
1 0.514844 0.091667 0.106250 0.180556
1 0.751563 0.103472 0.142187 0.204167
1 0.697656 0.404167 0.109375 0.438889
1 0.741797 0.704167 0.169531 0.497222
1 0.787109 0.938194 0.097656 0.123611
2 0.826562 0.599306 0.234375 0.484722
2 0.815625 0.254167 0.234375 0.380556
