2 0.428906 0.245833 0.143750 0.488889
2 0.691797 0.268056 0.208594 0.436111
2 0.726953 0.571528 0.224219 0.487500
0 0.867188 0.743056 0.265625 0.513889
0 0.844531 0.471528 0.310937 0.676389
0 0.824609 0.220833 0.291406 0.438889
0 0.133203 0.721528 0.264844 0.556944
0 0.158203 0.427083 0.314844 0.673611
0 0.198047 0.202083 0.305469 0.401389
1 0.412500 0.902083 0.196875 0.195833
1 0.341016 0.689583 0.138281 0.504167
1 0.370703 0.397222 0.108594 0.441667
1 0.602734 0.408333 0.107031 0.438889
1 0.652344 0.698611 0.164062 0.497222
1 0.708984 0.921528 0.105469 0.156944
1 0.622656 0.106250 0.128125 0.209722
