2 0.667188 0.236806 0.209375 0.470833
2 0.758203 0.547917 0.216406 0.498611
0 0.887109 0.731250 0.225781 0.537500
0 0.862109 0.442361 0.275781 0.676389
0 0.851562 0.205556 0.293750 0.408333
0 0.151953 0.715972 0.302344 0.568056
0 0.175391 0.409722 0.349219 0.655556
0 0.233594 0.194444 0.300000 0.386111
1 0.451562 0.892361 0.195312 0.215278
1 0.376953 0.670139 0.136719 0.501389
1 0.405078 0.379167 0.107031 0.444444
1 0.424609 0.091667 0.113281 0.180556
1 0.614844 0.061806 0.046875 0.120833
1 0.583203 0.354861 0.114844 0.456944
1 0.700000 0.685417 0.189062 0.512500
1 0.752344 0.910417 0.107813 0.179167
