0 0.129297 0.797222 0.257031 0.405556
0 0.146875 0.575000 0.292187 0.694444
0 0.178906 0.270833 0.279687 0.538889
0 0.036328 0.097222 0.071094 0.191667
0 0.861328 0.836111 0.277344 0.327778
0 0.826562 0.649306 0.346875 0.631944
0 0.776172 0.356944 0.291406 0.513889
0 0.625391 0.106944 0.094531 0.211111
2 0.620313 0.434028 0.176563 0.426389
2 0.694922 0.730556 0.219531 0.463889
2 0.260547 0.710417 0.208594 0.420833
1 0.331641 0.805556 0.155469 0.388889
1 0.344922 0.479167 0.096094 0.313889
1 0.353125 0.166667 0.085938 0.325000
1 0.546484 0.205556 0.100781 0.325000
1 0.565234 0.577083 0.142969 0.384722
1 0.605859 0.805556 0.177344 0.388889
1 0.548047 0.113889 0.067969 0.225000
1 0.537109 0.063889 0.069531 0.125000
0 0.929297 0.299306 0.141406 0.334722
