0 0.331641 0.730556 0.482031 0.536111
0 0.126562 0.679861 0.251563 0.640278
0 0.466797 0.503472 0.335156 0.695833
0 0.211719 0.378472 0.350000 0.581944
0 0.549609 0.252778 0.261719 0.502778
0 0.325391 0.188889 0.246094 0.375000
0 0.035937 0.095833 0.070312 0.188889
0 0.986719 0.102083 0.026562 0.201389
0 0.690625 0.058333 0.032813 0.113889
2 0.583984 0.662500 0.182031 0.438889
2 0.964063 0.800694 0.071875 0.398611
2 0.946875 0.457639 0.106250 0.481944
1 0.649219 0.797222 0.182812 0.405556
1 0.681250 0.455556 0.112500 0.316667
1 0.714063 0.158333 0.107813 0.313889
1 0.930078 0.195833 0.139844 0.344444
1 0.929688 0.114583 0.093750 0.226389
1 0.075391 0.284028 0.149219 0.340278
1 0.034766 0.743056 0.067969 0.169444
1 0.196875 0.275694 0.075000 0.254167
1 0.153125 0.377083 0.078125 0.073611
1 0.228906 0.079861 0.139063 0.156944
1 0.898828 0.612500 0.160156 0.394444
1 0.914453 0.828472 0.171094 0.343056
