0 0.162891 0.753472 0.324219 0.493056
0 0.180469 0.485417 0.359375 0.670833
0 0.242188 0.223611 0.284375 0.444444
0 0.891406 0.776389 0.217188 0.447222
0 0.859375 0.527778 0.281250 0.641667
0 0.844141 0.248611 0.308594 0.494444
0 0.691406 0.045833 0.070312 0.088889
0 0.384766 0.034028 0.036719 0.065278
1 0.390234 0.733333 0.155469 0.452778
1 0.393359 0.968750 0.158594 0.062500
1 0.406250 0.390972 0.098437 0.318056
1 0.418359 0.122222 0.097656 0.241667
1 0.435937 0.054861 0.059375 0.106944
1 0.642578 0.098611 0.146094 0.194444
1 0.596875 0.434028 0.132812 0.393056
1 0.674609 0.765278 0.216406 0.469444
1 0.761328 0.950694 0.092969 0.098611
2 0.311719 0.641667 0.220312 0.438889
2 0.655078 0.318750 0.147656 0.420833
2 0.743359 0.607639 0.222656 0.515278
