0 0.125391 0.769444 0.249219 0.461111
0 0.135547 0.516667 0.269531 0.700000
0 0.141797 0.238194 0.282031 0.473611
0 0.278125 0.035417 0.029687 0.068056
0 0.584375 0.050000 0.078125 0.097222
0 0.743359 0.238194 0.288281 0.473611
0 0.814063 0.513194 0.371875 0.615278
0 0.851172 0.768056 0.297656 0.463889
0 0.960547 0.302778 0.078906 0.183333
0 0.912109 0.109028 0.175781 0.215278
2 0.238281 0.632639 0.218750 0.406944
2 0.589453 0.324306 0.178906 0.434722
2 0.673828 0.604861 0.214844 0.456944
1 0.346484 0.973611 0.125781 0.052778
1 0.319922 0.753472 0.144531 0.459722
1 0.314844 0.399306 0.090625 0.323611
1 0.312109 0.123611 0.091406 0.244444
1 0.538672 0.133333 0.146094 0.263889
1 0.546094 0.485417 0.143750 0.381944
1 0.603516 0.743056 0.192969 0.483333
1 0.683203 0.938194 0.105469 0.123611
1 0.964844 0.096528 0.070312 0.190278
