2 0.383594 0.600694 0.207813 0.395833
2 0.823438 0.559028 0.232813 0.484722
2 0.728906 0.272222 0.189062 0.450000
0 0.199219 0.756250 0.396875 0.487500
0 0.233984 0.493056 0.350781 0.663889
0 0.284375 0.222917 0.270313 0.443056
0 0.075391 0.091667 0.149219 0.180556
0 0.064062 0.370139 0.126562 0.406944
0 0.926562 0.741667 0.146875 0.516667
0 0.887500 0.461806 0.225000 0.651389
0 0.867188 0.209028 0.262500 0.415278
0 0.723437 0.020833 0.062500 0.038889
1 0.481641 0.952778 0.167969 0.094444
1 0.464844 0.707639 0.128125 0.437500
1 0.455469 0.369444 0.082812 0.322222
1 0.448437 0.107639 0.090625 0.212500
1 0.648438 0.113194 0.101562 0.223611
1 0.682422 0.445139 0.142969 0.381944
1 0.754687 0.705556 0.215625 0.497222
1 0.839844 0.919444 0.123438 0.161111
