0 0.128516 0.764583 0.255469 0.470833
0 0.136719 0.508333 0.271875 0.697222
0 0.141406 0.230556 0.281250 0.458333
0 0.853125 0.744444 0.293750 0.511111
0 0.812891 0.479167 0.369531 0.616667
0 0.736328 0.220833 0.296094 0.438889
0 0.581250 0.032639 0.068750 0.062500
0 0.919531 0.087500 0.160938 0.172222
0 0.960156 0.261111 0.079687 0.177778
1 0.341406 0.962500 0.162500 0.075000
1 0.325000 0.734722 0.139063 0.463889
1 0.318359 0.384028 0.085156 0.329167
1 0.308203 0.115972 0.091406 0.229167
1 0.512500 0.121528 0.101562 0.240278
1 0.544531 0.463889 0.140625 0.375000
1 0.608984 0.715972 0.194531 0.487500
1 0.693359 0.920833 0.111719 0.158333
2 0.677344 0.574306 0.214062 0.465278
2 0.586719 0.286806 0.184375 0.451389
2 0.242969 0.648611 0.220312 0.458333
