0 0.036719 0.766667 0.071875 0.466667
0 0.052734 0.500000 0.103906 0.727778
0 0.062891 0.230556 0.124219 0.458333
0 0.585547 0.281944 0.277344 0.500000
0 0.660547 0.557639 0.358594 0.593056
0 0.760156 0.793056 0.442188 0.413889
0 0.937109 0.770833 0.125781 0.330556
0 0.876563 0.553472 0.246875 0.509722
0 0.782813 0.295833 0.231250 0.427778
0 0.907422 0.131250 0.185156 0.259722
0 0.853516 0.057639 0.180469 0.112500
0 0.973437 0.365972 0.053125 0.212500
1 0.150000 0.765972 0.171875 0.468056
1 0.157812 0.400000 0.107813 0.341667
1 0.162109 0.122917 0.088281 0.243056
1 0.335938 0.479861 0.167187 0.440278
1 0.446484 0.765278 0.203906 0.469444
1 0.523438 0.950694 0.092188 0.098611
1 0.930469 0.486806 0.139063 0.245833
1 0.815625 0.198611 0.106250 0.225000
2 0.522656 0.660417 0.217188 0.412500
2 0.386328 0.296528 0.149219 0.590278
2 0.092578 0.661806 0.183594 0.490278
