0 0.127344 0.777778 0.253125 0.444444
0 0.162500 0.573611 0.323437 0.700000
0 0.230078 0.290278 0.289844 0.547222
0 0.075000 0.153472 0.148438 0.304167
0 0.300391 0.098611 0.246094 0.194444
0 0.754687 0.136806 0.201563 0.270833
0 0.732031 0.061806 0.175000 0.120833
0 0.825781 0.433333 0.306250 0.558333
0 0.843359 0.693056 0.313281 0.613889
0 0.967969 0.292361 0.064062 0.190278
0 0.932813 0.046528 0.134375 0.090278
1 0.336328 0.820139 0.166406 0.359722
1 0.379688 0.518056 0.107813 0.316667
1 0.416797 0.218056 0.103906 0.333333
1 0.446484 0.130556 0.067969 0.258333
1 0.621484 0.093750 0.064844 0.184722
1 0.638281 0.249306 0.135937 0.301389
1 0.609375 0.542361 0.112500 0.348611
2 0.264062 0.743056 0.218750 0.480556
2 0.503125 0.729861 0.273438 0.540278
2 0.696094 0.769444 0.206250 0.461111
