2 0.580078 0.340972 0.236719 0.679167
2 0.703125 0.528472 0.189062 0.493056
0 0.864844 0.716667 0.270313 0.566667
0 0.837891 0.418056 0.321094 0.655556
0 0.812109 0.194444 0.282031 0.386111
0 0.130859 0.718750 0.260156 0.562500
0 0.151172 0.419444 0.300781 0.663889
0 0.180078 0.194444 0.310156 0.386111
1 0.412109 0.889583 0.199219 0.220833
1 0.333203 0.668056 0.141406 0.505556
1 0.359375 0.375000 0.112500 0.447222
1 0.373828 0.088889 0.117969 0.175000
1 0.651953 0.668750 0.172656 0.504167
1 0.714063 0.900694 0.106250 0.198611
1 0.541406 0.418750 0.100000 0.226389
