0 0.032422 0.758333 0.063281 0.483333
0 0.046875 0.479861 0.092188 0.712500
0 0.059375 0.224306 0.117188 0.445833
0 0.575781 0.261111 0.278125 0.508333
0 0.649219 0.538889 0.354687 0.594444
0 0.757812 0.793750 0.446875 0.412500
0 0.938672 0.779861 0.122656 0.351389
0 0.867188 0.537500 0.265625 0.505556
0 0.777344 0.275000 0.231250 0.427778
0 0.903125 0.121528 0.193750 0.240278
0 0.848828 0.050000 0.171094 0.097222
0 0.967969 0.329167 0.064062 0.272222
1 0.140625 0.743750 0.170313 0.462500
1 0.142578 0.374306 0.110156 0.331944
1 0.152734 0.115278 0.089844 0.227778
1 0.410547 0.478472 0.122656 0.412500
1 0.430469 0.750000 0.190625 0.486111
1 0.515625 0.950694 0.092188 0.098611
1 0.925391 0.469444 0.149219 0.250000
1 0.800781 0.185417 0.100000 0.212500
2 0.514062 0.636111 0.218750 0.413889
2 0.350391 0.256944 0.147656 0.511111
2 0.087891 0.636111 0.174219 0.491667
