0 0.190234 0.756944 0.378906 0.486111
0 0.208203 0.501389 0.352344 0.688889
0 0.250000 0.234722 0.278125 0.466667
0 0.061719 0.097917 0.121875 0.193056
0 0.041406 0.333333 0.081250 0.294444
0 0.917578 0.714583 0.164844 0.570833
0 0.870313 0.418750 0.256250 0.656944
0 0.847656 0.193750 0.301563 0.384722
2 0.356250 0.618750 0.206250 0.384722
2 0.690234 0.242361 0.185156 0.459722
2 0.790625 0.509722 0.214062 0.508333
1 0.469922 0.947222 0.171094 0.105556
1 0.445312 0.722917 0.125000 0.484722
1 0.427344 0.363194 0.085938 0.320833
1 0.418750 0.106944 0.098437 0.211111
1 0.616016 0.104861 0.096094 0.206944
1 0.653125 0.433333 0.131250 0.372222
1 0.723828 0.681250 0.191406 0.495833
1 0.828906 0.902083 0.126562 0.195833
