0 0.179688 0.774306 0.357812 0.451389
0 0.217969 0.540972 0.371875 0.654167
0 0.304688 0.255556 0.282813 0.508333
0 0.060156 0.349306 0.118750 0.293056
0 0.101172 0.104167 0.200781 0.205556
0 0.912109 0.811111 0.175781 0.377778
0 0.888672 0.578472 0.222656 0.665278
0 0.871484 0.281944 0.255469 0.530556
0 0.450000 0.070139 0.068750 0.137500
0 0.750000 0.075000 0.075000 0.147222
1 0.710547 0.829167 0.225781 0.341667
1 0.694531 0.423611 0.170313 0.308333
1 0.462891 0.725694 0.086719 0.309722
1 0.458203 0.447917 0.099219 0.315278
1 0.479687 0.153472 0.106250 0.304167
1 0.508203 0.090278 0.074219 0.177778
1 0.702734 0.138194 0.132031 0.273611
2 0.361328 0.670833 0.189844 0.383333
2 0.710938 0.648611 0.223438 0.455556
