0 0.027344 0.784722 0.051562 0.430556
0 0.037891 0.524306 0.074219 0.720833
0 0.046484 0.238889 0.091406 0.475000
0 0.555469 0.265972 0.278125 0.493056
0 0.636719 0.544444 0.354687 0.594444
0 0.752344 0.786806 0.451562 0.426389
0 0.919922 0.765278 0.160156 0.388889
0 0.848047 0.521528 0.303906 0.493056
0 0.738672 0.266667 0.257031 0.422222
0 0.914453 0.112500 0.171094 0.222222
0 0.956250 0.315278 0.087500 0.372222
1 0.126562 0.772222 0.170313 0.455556
1 0.127734 0.411806 0.110156 0.331944
1 0.135547 0.124306 0.078906 0.245833
1 0.395703 0.497917 0.105469 0.420833
1 0.426563 0.762500 0.198437 0.475000
1 0.507812 0.941667 0.089063 0.116667
1 0.918750 0.450694 0.162500 0.245833
2 0.500391 0.650000 0.217969 0.416667
2 0.082422 0.656944 0.163281 0.444444
1 0.364844 0.140972 0.156250 0.279167
1 0.982422 0.889583 0.035156 0.131944
0 0.415234 0.063889 0.086719 0.125000
2 0.774609 0.143056 0.128906 0.283333
