0 0.333203 0.777083 0.411719 0.445833
0 0.084375 0.797222 0.167187 0.405556
0 0.128516 0.422222 0.255469 0.361111
0 0.382422 0.537500 0.328906 0.669444
0 0.421875 0.245139 0.253125 0.487500
0 0.192969 0.270139 0.256250 0.523611
0 0.031250 0.100694 0.060937 0.198611
0 0.538281 0.051389 0.028125 0.100000
0 0.856250 0.020139 0.065625 0.037500
0 0.945703 0.159722 0.108594 0.316667
0 0.982031 0.327778 0.035937 0.411111
1 0.088281 0.470833 0.090625 0.258333
1 0.060547 0.580556 0.077344 0.044444
1 0.083203 0.165278 0.152344 0.241667
1 0.121875 0.097917 0.081250 0.193056
1 0.674609 0.975000 0.060156 0.050000
1 0.603516 0.749306 0.127344 0.456944
1 0.588672 0.405556 0.083594 0.319444
1 0.579297 0.124306 0.089844 0.245833
1 0.785156 0.121528 0.106250 0.240278
1 0.805469 0.464583 0.106250 0.398611
1 0.899219 0.736806 0.198437 0.515278
2 0.523047 0.645139 0.208594 0.381944
2 0.924609 0.565972 0.150781 0.534722
2 0.875391 0.279167 0.200781 0.458333
