0 0.228906 0.784722 0.442188 0.430556
0 0.053516 0.700694 0.105469 0.326389
0 0.115234 0.385417 0.228906 0.356944
0 0.173047 0.246528 0.280469 0.490278
0 0.396484 0.297222 0.252344 0.530556
0 0.321875 0.584722 0.339062 0.680556
0 0.447266 0.093056 0.210156 0.183333
0 0.935156 0.687500 0.129688 0.625000
0 0.921875 0.403472 0.156250 0.548611
0 0.896484 0.122917 0.207031 0.243056
0 0.814063 0.044444 0.067187 0.086111
2 0.457031 0.727778 0.198437 0.416667
2 0.894141 0.770139 0.210156 0.459722
2 0.835156 0.485417 0.200000 0.445833
1 0.526563 0.820139 0.148438 0.359722
1 0.541406 0.509028 0.101562 0.312500
1 0.560937 0.202778 0.085938 0.330556
1 0.755078 0.235417 0.111719 0.337500
1 0.766016 0.131944 0.086719 0.261111
1 0.747656 0.079167 0.071875 0.155556
1 0.065234 0.107639 0.128906 0.212500
1 0.115234 0.082639 0.069531 0.162500
1 0.039453 0.406250 0.075781 0.262500
