0 0.218750 0.709722 0.435937 0.580556
0 0.032813 0.550000 0.064062 0.230556
0 0.084375 0.265278 0.167187 0.350000
0 0.099609 0.059028 0.197656 0.115278
0 0.359375 0.179861 0.282813 0.356944
0 0.294141 0.384722 0.357031 0.641667
0 0.953906 0.690972 0.092188 0.618056
0 0.928906 0.355556 0.142187 0.702778
0 0.909766 0.162500 0.175781 0.322222
1 0.551562 0.881944 0.210938 0.236111
1 0.553906 0.702778 0.225000 0.433333
1 0.527734 0.318056 0.107031 0.416667
1 0.542969 0.057639 0.115625 0.112500
1 0.776172 0.051389 0.125781 0.100000
1 0.766406 0.197917 0.154688 0.281944
1 0.773438 0.656250 0.189062 0.459722
1 0.889453 0.880556 0.113281 0.238889
2 0.488672 0.524306 0.217969 0.440278
2 0.795703 0.438889 0.219531 0.547222
