0 0.267188 0.782639 0.432812 0.434722
0 0.058203 0.781944 0.114844 0.436111
0 0.336328 0.539583 0.328906 0.643056
0 0.108594 0.400694 0.215625 0.354167
0 0.153906 0.116667 0.262500 0.230556
0 0.385937 0.249306 0.257812 0.495833
0 0.939453 0.540972 0.121094 0.679167
0 0.923047 0.238194 0.153906 0.473611
0 0.825391 0.049306 0.085156 0.095833
0 0.513672 0.057639 0.027344 0.112500
2 0.476562 0.657639 0.203125 0.395833
2 0.835938 0.344444 0.201563 0.455556
2 0.902344 0.641667 0.195312 0.488889
1 0.548438 0.775000 0.140625 0.450000
1 0.853906 0.763194 0.226562 0.473611
1 0.782813 0.511806 0.159375 0.398611
1 0.750000 0.144444 0.107813 0.286111
1 0.546484 0.139583 0.086719 0.276389
1 0.059766 0.113194 0.117969 0.223611
1 0.091797 0.084722 0.075781 0.166667
1 0.042188 0.439583 0.082812 0.276389
