2 0.593359 0.333333 0.236719 0.661111
2 0.708594 0.520139 0.215625 0.498611
0 0.864453 0.714583 0.271094 0.570833
0 0.836328 0.409028 0.327344 0.659722
0 0.800781 0.190278 0.292187 0.377778
0 0.128125 0.720139 0.254688 0.559722
0 0.148828 0.422917 0.296094 0.676389
0 0.170313 0.195833 0.314063 0.388889
1 0.409375 0.888194 0.200000 0.223611
1 0.331250 0.668056 0.137500 0.505556
1 0.353125 0.372917 0.112500 0.443056
1 0.367188 0.084722 0.118750 0.166667
1 0.571094 0.052083 0.068750 0.101389
1 0.516797 0.309028 0.092969 0.401389
1 0.650000 0.659722 0.176563 0.497222
1 0.710547 0.896528 0.113281 0.206944
