0 0.171094 0.799306 0.340625 0.401389
0 0.191016 0.570833 0.353906 0.672222
0 0.253516 0.269444 0.272656 0.536111
0 0.078906 0.119444 0.156250 0.236111
0 0.036328 0.353472 0.071094 0.254167
0 0.901563 0.818750 0.196875 0.362500
0 0.864062 0.612500 0.271875 0.641667
0 0.850391 0.320139 0.299219 0.512500
0 0.687891 0.086806 0.094531 0.170833
2 0.693359 0.406250 0.180469 0.426389
2 0.773047 0.696528 0.224219 0.484722
2 0.340625 0.697917 0.206250 0.418056
1 0.410938 0.799306 0.145313 0.401389
1 0.414062 0.468750 0.096875 0.309722
1 0.420703 0.161806 0.088281 0.320833
1 0.618750 0.177083 0.101562 0.326389
1 0.639844 0.554167 0.142187 0.394444
1 0.704688 0.790972 0.215625 0.418056
0 0.962891 0.140972 0.074219 0.131944
