0 0.160156 0.739583 0.318750 0.520833
0 0.183594 0.471528 0.365625 0.676389
0 0.258203 0.229167 0.278906 0.455556
0 0.067969 0.063889 0.134375 0.125000
0 0.043750 0.229167 0.085938 0.191667
0 0.888281 0.806944 0.223438 0.386111
0 0.862500 0.590278 0.275000 0.677778
0 0.850391 0.284028 0.297656 0.543056
0 0.836328 0.064583 0.327344 0.126389
1 0.407422 0.974306 0.113281 0.051389
1 0.393359 0.759028 0.153906 0.456944
1 0.416016 0.411111 0.097656 0.336111
1 0.433984 0.130556 0.089844 0.258333
1 0.453125 0.063194 0.068750 0.123611
1 0.638672 0.044444 0.074219 0.086111
1 0.670703 0.151389 0.122656 0.300000
1 0.696484 0.817361 0.161719 0.365278
1 0.737500 0.973611 0.032813 0.052778
2 0.578516 0.574306 0.233594 0.851389
2 0.757812 0.661111 0.200000 0.494444
2 0.323828 0.645833 0.199219 0.450000
