0 0.288281 0.751389 0.484375 0.497222
0 0.109766 0.695833 0.217969 0.608333
0 0.430469 0.559722 0.346875 0.694444
0 0.178125 0.422917 0.354687 0.590278
0 0.516016 0.284028 0.271094 0.551389
0 0.316406 0.203472 0.264062 0.404167
0 0.020703 0.087500 0.039844 0.172222
0 0.967187 0.150694 0.065625 0.298611
0 0.592578 0.093750 0.230469 0.184722
2 0.549219 0.718750 0.170313 0.443056
2 0.941016 0.838889 0.117969 0.322222
2 0.925781 0.548611 0.148438 0.455556
1 0.603516 0.826389 0.174219 0.347222
1 0.644922 0.520139 0.114844 0.320833
1 0.681641 0.213194 0.105469 0.345833
1 0.885156 0.271528 0.125000 0.337500
1 0.892578 0.119444 0.094531 0.236111
1 0.057422 0.257639 0.113281 0.265278
1 0.162109 0.320833 0.072656 0.250000
1 0.114062 0.418750 0.078125 0.073611
1 0.205859 0.080556 0.119531 0.158333
1 0.862109 0.675000 0.167969 0.391667
1 0.900000 0.863194 0.200000 0.273611
