0 0.025000 0.530556 0.048438 0.663889
0 0.014453 0.809722 0.027344 0.380556
0 0.037891 0.260417 0.074219 0.518056
0 0.477344 0.086111 0.243750 0.169444
0 0.540234 0.310417 0.274219 0.495833
0 0.619531 0.586111 0.354687 0.594444
0 0.724219 0.804861 0.428125 0.390278
0 0.910156 0.812500 0.179688 0.375000
0 0.844922 0.575000 0.280469 0.491667
0 0.734766 0.313194 0.222656 0.445833
0 0.948438 0.395833 0.103125 0.391667
0 0.867188 0.138194 0.210938 0.273611
1 0.104688 0.788194 0.171875 0.423611
1 0.109375 0.445139 0.107813 0.345833
1 0.121484 0.143056 0.083594 0.283333
1 0.344922 0.161806 0.146094 0.320833
1 0.321094 0.093056 0.084375 0.183333
1 0.378125 0.537500 0.107813 0.416667
1 0.405859 0.780556 0.200781 0.438889
1 0.899609 0.502083 0.166406 0.243056
2 0.807031 0.179861 0.182812 0.343056
2 0.480859 0.693056 0.221094 0.416667
2 0.070312 0.694444 0.139063 0.438889
1 0.967578 0.777778 0.064844 0.305556
1 0.976172 0.947917 0.047656 0.104167
0 0.777734 0.062500 0.133594 0.122222
