0 0.112500 0.716667 0.223438 0.566667
0 0.126953 0.418056 0.252344 0.708333
0 0.138281 0.194444 0.275000 0.386111
0 0.844531 0.660417 0.310937 0.679167
0 0.804688 0.333333 0.387500 0.663889
0 0.737109 0.155556 0.297656 0.308333
2 0.557813 0.811806 0.464062 0.376389
1 0.360156 0.886806 0.201563 0.226389
2 0.625000 0.409028 0.187500 0.437500
1 0.296094 0.638194 0.143750 0.501389
1 0.310547 0.342361 0.114844 0.445833
1 0.310156 0.068750 0.121875 0.134722
1 0.539062 0.051389 0.117188 0.100000
1 0.535156 0.287500 0.132812 0.430556
1 0.592578 0.617361 0.185156 0.484722
