0 0.136328 0.731250 0.271094 0.537500
0 0.164844 0.459028 0.328125 0.679167
0 0.224609 0.219444 0.296094 0.436111
0 0.869141 0.788889 0.261719 0.422222
0 0.848047 0.561806 0.303906 0.681944
0 0.832031 0.265278 0.306250 0.527778
0 0.686719 0.055556 0.064062 0.108333
1 0.402734 0.947222 0.174219 0.105556
1 0.346094 0.734028 0.132812 0.509722
1 0.377734 0.441667 0.111719 0.436111
1 0.411719 0.121528 0.107813 0.240278
1 0.639062 0.131250 0.132812 0.259722
1 0.605859 0.427083 0.153906 0.415278
1 0.653516 0.759028 0.171094 0.481944
2 0.721875 0.625000 0.203125 0.491667
