0 0.025391 0.779167 0.047656 0.441667
0 0.035156 0.518750 0.068750 0.720833
0 0.042969 0.238889 0.084375 0.475000
0 0.553125 0.256944 0.282813 0.491667
0 0.632422 0.537500 0.358594 0.597222
0 0.751563 0.780556 0.456250 0.438889
0 0.919922 0.761111 0.160156 0.397222
0 0.846484 0.515972 0.300781 0.490278
0 0.738672 0.263889 0.246094 0.425000
0 0.900000 0.107639 0.200000 0.212500
0 0.956250 0.315278 0.087500 0.372222
1 0.124219 0.769444 0.165625 0.461111
1 0.120703 0.403472 0.110156 0.331944
1 0.119531 0.118056 0.090625 0.233333
1 0.394531 0.486806 0.114062 0.440278
1 0.423438 0.760417 0.201563 0.479167
1 0.498828 0.941667 0.107031 0.116667
1 0.914844 0.444444 0.170313 0.244444
2 0.498437 0.646528 0.214062 0.423611
2 0.079687 0.674306 0.157812 0.479167
1 0.358984 0.140278 0.158594 0.277778
1 0.979297 0.883333 0.041406 0.144444
0 0.407813 0.061111 0.084375 0.119444
2 0.773438 0.137500 0.110937 0.272222
1 0.801562 0.192361 0.064062 0.162500
