0 0.172266 0.776389 0.342969 0.447222
0 0.191016 0.537500 0.380469 0.661111
0 0.267969 0.252778 0.276562 0.502778
0 0.903906 0.808333 0.192188 0.383333
0 0.870313 0.592361 0.259375 0.662500
0 0.862500 0.291667 0.271875 0.527778
0 0.799219 0.075000 0.270313 0.147222
0 0.410938 0.063194 0.043750 0.123611
1 0.426563 0.446528 0.096875 0.318056
1 0.415234 0.783333 0.142969 0.433333
1 0.719922 0.809028 0.166406 0.381944
1 0.595703 0.490278 0.144531 0.477778
1 0.659766 0.154167 0.136719 0.305556
1 0.639062 0.061111 0.073438 0.119444
1 0.439063 0.153472 0.098437 0.304167
2 0.338281 0.697222 0.207813 0.458333
2 0.777344 0.667361 0.214062 0.518056
2 0.748437 0.341667 0.304688 0.463889
