2 0.326172 0.572222 0.203906 0.402778
2 0.744141 0.597222 0.221094 0.641667
2 0.654297 0.238889 0.183594 0.444444
0 0.164062 0.743056 0.326562 0.513889
0 0.169531 0.472917 0.337500 0.684722
0 0.205859 0.214583 0.283594 0.426389
0 0.029297 0.115278 0.057031 0.227778
0 0.889062 0.713889 0.221875 0.572222
0 0.847656 0.418750 0.304688 0.640278
0 0.808203 0.190972 0.308594 0.379167
1 0.418750 0.938889 0.176563 0.122222
1 0.395313 0.684028 0.128125 0.443056
1 0.380859 0.340278 0.085156 0.325000
1 0.373047 0.093056 0.097656 0.183333
1 0.573828 0.097917 0.096094 0.193056
1 0.608594 0.415972 0.135937 0.384722
1 0.667969 0.668750 0.178125 0.487500
1 0.770703 0.898611 0.124219 0.202778
