0 0.714453 0.611806 0.453906 0.776389
0 0.526563 0.300000 0.376563 0.597222
0 0.406250 0.145139 0.287500 0.287500
0 0.872266 0.332639 0.255469 0.354167
0 0.727734 0.106250 0.269531 0.209722
0 0.924219 0.144444 0.151562 0.286111
0 0.842578 0.069444 0.214844 0.136111
0 0.033984 0.838194 0.066406 0.323611
1 0.256250 0.904167 0.260937 0.191667
1 0.063672 0.734028 0.125781 0.506944
1 0.021094 0.413889 0.040625 0.422222
1 0.244531 0.361111 0.156250 0.413889
1 0.382812 0.620833 0.207813 0.483333
1 0.528516 0.829861 0.217969 0.340278
1 0.894141 0.270833 0.122656 0.297222
1 0.764453 0.086111 0.128906 0.169444
1 0.978516 0.404861 0.042969 0.184722
2 0.417969 0.427083 0.212500 0.501389
2 0.102344 0.338194 0.203125 0.673611
