2 0.931641 0.437500 0.136719 0.461111
2 0.961719 0.745833 0.076563 0.508333
2 0.580859 0.736111 0.205469 0.419444
0 0.373437 0.804167 0.415625 0.391667
0 0.445703 0.611111 0.325781 0.658333
0 0.504297 0.315278 0.252344 0.516667
0 0.118359 0.790972 0.235156 0.418056
0 0.175781 0.574306 0.326562 0.598611
0 0.286719 0.302778 0.253125 0.480556
0 0.088281 0.093056 0.175000 0.183333
0 0.139844 0.027083 0.135937 0.051389
0 0.548438 0.093056 0.210938 0.183333
0 0.956641 0.095833 0.086719 0.188889
1 0.653906 0.817361 0.148438 0.365278
1 0.658594 0.509028 0.093750 0.323611
1 0.666406 0.187500 0.084375 0.327778
1 0.878516 0.199306 0.116406 0.354167
1 0.873437 0.084722 0.093750 0.166667
1 0.880078 0.614583 0.114844 0.409722
1 0.927344 0.818750 0.145313 0.362500
1 0.063281 0.452778 0.125000 0.258333
1 0.169531 0.467361 0.081250 0.251389
1 0.131250 0.568056 0.070312 0.052778
1 0.034766 0.950000 0.067969 0.100000
1 0.185547 0.156250 0.136719 0.237500
1 0.219922 0.113194 0.088281 0.223611
1 0.278906 0.032639 0.092188 0.062500
