0 0.764453 0.690972 0.471094 0.618056
0 0.611719 0.422222 0.354687 0.611111
0 0.515234 0.193750 0.264844 0.384722
0 0.039062 0.808333 0.076563 0.383333
0 0.037500 0.586806 0.073438 0.701389
0 0.028906 0.263889 0.056250 0.525000
0 0.020313 0.046528 0.039062 0.090278
0 0.349609 0.028472 0.069531 0.054167
0 0.912109 0.508333 0.175781 0.372222
0 0.831641 0.310417 0.308594 0.459722
0 0.721875 0.147222 0.204687 0.291667
0 0.939063 0.145139 0.121875 0.287500
1 0.146094 0.774306 0.145313 0.451389
1 0.102344 0.429167 0.110937 0.350000
1 0.072656 0.131944 0.118750 0.261111
1 0.287109 0.090972 0.094531 0.179167
1 0.355078 0.502083 0.144531 0.315278
1 0.435547 0.705556 0.189844 0.488889
1 0.545703 0.897222 0.127344 0.205556
1 0.894922 0.236806 0.157031 0.245833
1 0.741016 0.049306 0.113281 0.095833
2 0.481250 0.540278 0.189062 0.472222
2 0.353516 0.285417 0.194531 0.426389
2 0.084375 0.713194 0.167187 0.365278
