0 0.196484 0.760417 0.391406 0.479167
0 0.226953 0.506250 0.350781 0.665278
0 0.276172 0.225694 0.271094 0.448611
0 0.072266 0.098611 0.142969 0.194444
0 0.052344 0.371528 0.103125 0.384722
0 0.925781 0.736806 0.148438 0.526389
0 0.883594 0.454861 0.232813 0.654167
0 0.863281 0.208333 0.270313 0.413889
0 0.711719 0.017361 0.064062 0.031944
1 0.471484 0.956944 0.169531 0.086111
1 0.455859 0.718056 0.130469 0.447222
1 0.445312 0.374306 0.084375 0.323611
1 0.438672 0.110417 0.089844 0.218056
1 0.638672 0.113889 0.100781 0.225000
1 0.674609 0.447222 0.141406 0.377778
1 0.747656 0.704861 0.209375 0.498611
1 0.838281 0.920833 0.123438 0.158333
2 0.816016 0.556944 0.233594 0.491667
2 0.719922 0.270139 0.186719 0.448611
2 0.377734 0.606944 0.208594 0.391667
