0 0.174219 0.747917 0.346875 0.504167
0 0.193359 0.472222 0.369531 0.658333
0 0.263281 0.218056 0.278125 0.433333
0 0.903516 0.768056 0.192969 0.463889
0 0.871875 0.511806 0.254688 0.659722
0 0.854297 0.237500 0.289844 0.472222
0 0.403125 0.024306 0.034375 0.045833
0 0.716406 0.034028 0.062500 0.065278
1 0.422656 0.959028 0.167187 0.081944
1 0.414453 0.725694 0.152344 0.456944
1 0.427734 0.377083 0.094531 0.320833
1 0.435547 0.115972 0.099219 0.229167
1 0.685547 0.107639 0.107031 0.212500
1 0.667188 0.445833 0.084375 0.388889
1 0.723047 0.751389 0.166406 0.427778
1 0.785547 0.942361 0.100781 0.115278
2 0.778906 0.605556 0.206250 0.497222
2 0.604688 0.378472 0.157812 0.754167
2 0.339453 0.630556 0.205469 0.438889
