0 0.343359 0.786111 0.452344 0.427778
0 0.431641 0.580556 0.333594 0.666667
0 0.494141 0.286806 0.266406 0.520833
0 0.283594 0.259722 0.264062 0.483333
0 0.169531 0.522222 0.337500 0.600000
0 0.113281 0.764583 0.223438 0.470833
0 0.089063 0.065972 0.176563 0.129167
0 0.546094 0.081944 0.209375 0.161111
0 0.948438 0.095139 0.103125 0.187500
1 0.057422 0.398611 0.113281 0.263889
1 0.148047 0.419444 0.080469 0.238889
1 0.109766 0.521528 0.074219 0.059722
1 0.020703 0.905556 0.039844 0.111111
1 0.630078 0.806250 0.153906 0.387500
1 0.639453 0.484722 0.100781 0.327778
1 0.655859 0.168056 0.094531 0.333333
1 0.863281 0.183333 0.117188 0.355556
1 0.856250 0.595139 0.117188 0.412500
1 0.913672 0.815278 0.172656 0.369444
1 0.183984 0.116667 0.146094 0.230556
2 0.921484 0.434028 0.157031 0.456944
2 0.948438 0.736806 0.103125 0.526389
2 0.563672 0.704167 0.191406 0.419444
