0 0.082812 0.584028 0.164062 0.831944
0 0.130469 0.296528 0.259375 0.590278
0 0.148828 0.122917 0.296094 0.243056
0 0.751172 0.829167 0.377344 0.341667
0 0.738281 0.634028 0.346875 0.687500
0 0.715234 0.325000 0.272656 0.588889
0 0.918359 0.436806 0.163281 0.529167
0 0.941406 0.720139 0.117188 0.559722
0 0.961719 0.086111 0.076563 0.169444
0 0.976953 0.185417 0.046094 0.281944
0 0.698828 0.063889 0.227344 0.125000
2 0.588672 0.648611 0.250781 0.361111
2 0.576953 0.320833 0.186719 0.422222
2 0.171875 0.395833 0.189062 0.455556
1 0.210156 0.575000 0.221875 0.422222
1 0.144531 0.886111 0.223438 0.227778
2 0.297656 0.906250 0.256250 0.187500
1 0.290625 0.226389 0.131250 0.308333
1 0.474609 0.425000 0.163281 0.327778
1 0.467578 0.709722 0.196094 0.463889
1 0.514453 0.945139 0.100781 0.109722
1 0.950391 0.372222 0.099219 0.225000
