0 0.067969 0.726389 0.134375 0.547222
0 0.100391 0.429167 0.199219 0.758333
0 0.117188 0.218750 0.232813 0.434722
0 0.778125 0.843750 0.395313 0.312500
0 0.729297 0.662500 0.360156 0.655556
0 0.671094 0.367361 0.278125 0.540278
0 0.604688 0.100694 0.193750 0.198611
0 0.919922 0.605556 0.160156 0.375000
0 0.973047 0.859028 0.053906 0.181944
0 0.879297 0.417361 0.214844 0.484722
0 0.782422 0.100694 0.125781 0.198611
0 0.957812 0.230556 0.084375 0.322222
0 0.937109 0.134028 0.125781 0.265278
0 0.914844 0.075694 0.170313 0.148611
1 0.203516 0.762500 0.192969 0.475000
1 0.244922 0.402778 0.111719 0.341667
1 0.264453 0.124306 0.083594 0.245833
1 0.463281 0.127083 0.107813 0.251389
1 0.463672 0.565972 0.169531 0.295833
1 0.484375 0.785417 0.192188 0.429167
1 0.913281 0.336806 0.112500 0.223611
2 0.500391 0.400000 0.166406 0.450000
2 0.581250 0.718750 0.221875 0.409722
2 0.150391 0.626389 0.194531 0.388889
