0 0.013281 0.776389 0.025000 0.441667
0 0.028516 0.497917 0.055469 0.729167
0 0.042578 0.231250 0.083594 0.459722
0 0.722266 0.793056 0.439844 0.413889
0 0.623437 0.555556 0.353125 0.591667
0 0.547656 0.283333 0.271875 0.508333
0 0.466016 0.065278 0.186719 0.127778
1 0.107422 0.765278 0.175781 0.469444
1 0.111719 0.394444 0.112500 0.341667
1 0.119141 0.123611 0.083594 0.244444
1 0.328906 0.106944 0.101562 0.211111
1 0.354297 0.520139 0.152344 0.351389
1 0.399609 0.761806 0.185156 0.476389
1 0.776953 0.202778 0.108594 0.219444
2 0.380859 0.341667 0.178906 0.444444
2 0.480469 0.647222 0.212500 0.433333
2 0.071094 0.638194 0.140625 0.437500
1 0.901172 0.487500 0.172656 0.244444
1 0.967969 0.765972 0.064062 0.298611
1 0.484766 0.954167 0.085156 0.091667
0 0.912891 0.796528 0.166406 0.373611
0 0.852344 0.550000 0.273438 0.494444
0 0.742188 0.293750 0.225000 0.431944
0 0.878125 0.134028 0.210938 0.265278
0 0.813281 0.061111 0.175000 0.119444
0 0.951562 0.377083 0.096875 0.379167
