0 0.121875 0.792361 0.242188 0.415278
0 0.132031 0.561806 0.262500 0.698611
0 0.139844 0.258333 0.278125 0.513889
0 0.274609 0.058333 0.028906 0.113889
0 0.848047 0.789583 0.303906 0.420833
0 0.810937 0.559028 0.378125 0.612500
0 0.732031 0.272917 0.285938 0.490278
0 0.906641 0.150694 0.186719 0.215278
0 0.957031 0.354861 0.085938 0.179167
0 0.656250 0.069444 0.253125 0.136111
2 0.233594 0.682639 0.221875 0.415278
2 0.666797 0.650000 0.216406 0.458333
2 0.583594 0.370833 0.178125 0.433333
1 0.310937 0.783333 0.145313 0.433333
1 0.310156 0.447917 0.089063 0.329167
1 0.306250 0.145139 0.087500 0.287500
1 0.532031 0.156250 0.146875 0.309722
1 0.536328 0.534028 0.141406 0.373611
1 0.597266 0.770833 0.197656 0.458333
1 0.683594 0.959722 0.081250 0.080556
1 0.960938 0.142361 0.078125 0.237500
