0 0.160156 0.745833 0.318750 0.508333
0 0.169141 0.481944 0.336719 0.702778
0 0.199609 0.227778 0.300781 0.452778
0 0.890234 0.668056 0.219531 0.663889
0 0.842969 0.347222 0.314063 0.691667
0 0.814063 0.159722 0.309375 0.316667
1 0.470703 0.904861 0.188281 0.190278
1 0.387891 0.679167 0.130469 0.494444
1 0.394141 0.384722 0.113281 0.433333
1 0.381641 0.086111 0.121094 0.169444
1 0.608203 0.059028 0.122656 0.115278
1 0.609766 0.318056 0.135156 0.430556
1 0.694531 0.637500 0.173437 0.491667
1 0.775000 0.833333 0.107813 0.155556
2 0.732031 0.461806 0.196875 0.512500
