0 0.151953 0.660417 0.302344 0.679167
0 0.184375 0.341667 0.367188 0.680556
0 0.270313 0.165972 0.293750 0.329167
0 0.882422 0.757639 0.235156 0.484722
0 0.867969 0.496528 0.264062 0.709722
0 0.863672 0.237500 0.271094 0.472222
1 0.401953 0.895139 0.225781 0.209722
1 0.375781 0.625694 0.132812 0.493056
1 0.422656 0.343056 0.106250 0.436111
1 0.457813 0.072917 0.103125 0.143056
1 0.689453 0.086806 0.138281 0.170833
1 0.642969 0.334028 0.165625 0.415278
1 0.669922 0.683333 0.189844 0.486111
2 0.644531 0.898611 0.248438 0.202778
2 0.750781 0.546528 0.237500 0.481944
