2 0.194531 0.647222 0.229687 0.408333
2 0.633203 0.595833 0.211719 0.461111
2 0.546484 0.321528 0.177344 0.429167
0 0.832031 0.753472 0.335938 0.493056
0 0.780859 0.500694 0.385156 0.612500
0 0.693359 0.231250 0.280469 0.459722
0 0.937891 0.333333 0.124219 0.277778
0 0.888672 0.103472 0.222656 0.204167
0 0.106250 0.777083 0.210938 0.445833
0 0.113672 0.538889 0.225781 0.713889
0 0.119141 0.239583 0.236719 0.476389
0 0.536719 0.046528 0.078125 0.090278
0 0.228906 0.038194 0.029687 0.073611
1 0.349609 0.972917 0.057031 0.054167
1 0.282813 0.762500 0.142187 0.466667
1 0.274609 0.406944 0.088281 0.330556
1 0.265625 0.127083 0.096875 0.251389
1 0.470703 0.134028 0.097656 0.265278
1 0.505859 0.487500 0.139844 0.377778
1 0.570312 0.738194 0.195312 0.487500
1 0.654297 0.933333 0.110156 0.133333
1 0.941016 0.100694 0.117969 0.198611
