2 0.234766 0.629861 0.221094 0.406944
2 0.671094 0.599306 0.217188 0.456944
2 0.585938 0.316667 0.176563 0.430556
0 0.123438 0.768056 0.245312 0.463889
0 0.132031 0.516667 0.262500 0.700000
0 0.138672 0.238194 0.275781 0.473611
0 0.848047 0.763194 0.303906 0.473611
0 0.812109 0.503472 0.375781 0.612500
0 0.736719 0.235417 0.289062 0.468056
0 0.580859 0.046528 0.080469 0.090278
0 0.912891 0.104861 0.174219 0.206944
0 0.956641 0.297917 0.086719 0.184722
1 0.339062 0.971528 0.145313 0.056944
1 0.315234 0.745139 0.144531 0.459722
1 0.313281 0.395833 0.087500 0.327778
1 0.308984 0.119444 0.091406 0.236111
1 0.535156 0.131250 0.146875 0.259722
1 0.537891 0.479167 0.138281 0.372222
1 0.600000 0.738889 0.193750 0.488889
1 0.683203 0.935417 0.108594 0.129167
