0 0.136719 0.750694 0.271875 0.498611
0 0.143750 0.488194 0.285938 0.698611
0 0.152344 0.218056 0.293750 0.433333
0 0.860938 0.737500 0.278125 0.525000
0 0.822656 0.459722 0.351562 0.619444
0 0.762500 0.211806 0.284375 0.420833
0 0.601172 0.022222 0.066406 0.041667
0 0.937109 0.075694 0.125781 0.148611
0 0.973047 0.218750 0.053906 0.123611
1 0.337109 0.720139 0.142969 0.468056
1 0.354687 0.950000 0.170313 0.100000
1 0.332813 0.360417 0.089063 0.326389
1 0.326562 0.104167 0.089063 0.205556
1 0.528516 0.111111 0.100781 0.219444
1 0.563672 0.440278 0.146094 0.377778
1 0.627344 0.693750 0.203125 0.487500
1 0.712109 0.913194 0.117969 0.173611
2 0.692187 0.559028 0.220312 0.468056
2 0.605469 0.281250 0.176563 0.451389
2 0.256641 0.597222 0.222656 0.411111
