0 0.175391 0.777778 0.349219 0.444444
0 0.193359 0.552083 0.385156 0.679167
0 0.260547 0.261111 0.292969 0.519444
0 0.916406 0.745139 0.167187 0.509722
0 0.891797 0.487500 0.216406 0.691667
0 0.858984 0.230556 0.282031 0.458333
1 0.503516 0.960417 0.150781 0.079167
1 0.421484 0.755556 0.133594 0.452778
1 0.437891 0.490972 0.108594 0.440278
1 0.444531 0.145139 0.117188 0.287500
1 0.670703 0.122222 0.127344 0.241667
1 0.656641 0.436111 0.130469 0.430556
1 0.741797 0.754167 0.182031 0.491667
1 0.818359 0.942361 0.094531 0.115278
2 0.784766 0.590278 0.214844 0.538889
