0 0.195312 0.695833 0.389062 0.608333
0 0.242188 0.384028 0.379688 0.662500
0 0.322266 0.178472 0.286719 0.354167
0 0.937109 0.717361 0.125781 0.565278
0 0.901953 0.418056 0.196094 0.702778
0 0.893750 0.195833 0.212500 0.388889
2 0.843750 0.495833 0.234375 0.544444
1 0.508203 0.897917 0.221094 0.204167
1 0.456641 0.647222 0.135156 0.508333
1 0.485938 0.357639 0.106250 0.448611
1 0.507422 0.081944 0.111719 0.161111
1 0.740234 0.061806 0.139844 0.120833
1 0.712109 0.322917 0.149219 0.437500
1 0.780078 0.667361 0.188281 0.518056
1 0.849219 0.904167 0.117188 0.191667
