1 0.323437 0.726389 0.139063 0.480556
1 0.346094 0.953472 0.167187 0.093056
1 0.310547 0.370833 0.088281 0.330556
1 0.301172 0.109028 0.094531 0.215278
1 0.504297 0.112500 0.096094 0.222222
1 0.542188 0.441667 0.140625 0.377778
1 0.611719 0.692361 0.200000 0.487500
1 0.702344 0.904861 0.118750 0.190278
2 0.673438 0.552083 0.215625 0.470833
2 0.583203 0.271528 0.175781 0.437500
2 0.241406 0.612500 0.223438 0.405556
0 0.128516 0.759028 0.255469 0.481944
0 0.134766 0.502778 0.267969 0.697222
0 0.137109 0.225000 0.272656 0.447222
0 0.852734 0.722222 0.294531 0.555556
0 0.812891 0.450000 0.371094 0.627778
0 0.738672 0.206250 0.278906 0.409722
0 0.924219 0.067361 0.151562 0.131944
0 0.958594 0.225694 0.082812 0.179167
