0 0.023047 0.779167 0.042969 0.441667
0 0.033594 0.518750 0.065625 0.720833
0 0.039844 0.238889 0.078125 0.475000
0 0.547266 0.247917 0.278906 0.493056
0 0.628906 0.527083 0.354687 0.590278
0 0.750781 0.772917 0.457813 0.454167
0 0.916797 0.772222 0.166406 0.455556
0 0.848047 0.500000 0.300781 0.488889
0 0.736719 0.246528 0.240625 0.431944
0 0.883203 0.097917 0.233594 0.193056
0 0.953906 0.308333 0.092188 0.386111
1 0.124219 0.766667 0.162500 0.466667
1 0.116797 0.400694 0.110156 0.331944
1 0.119531 0.117361 0.090625 0.226389
1 0.392969 0.480556 0.117188 0.427778
1 0.422656 0.757639 0.203125 0.484722
1 0.498828 0.941667 0.107031 0.116667
1 0.907031 0.431250 0.162500 0.248611
1 0.770703 0.146528 0.117969 0.240278
2 0.493750 0.634722 0.212500 0.419444
2 0.075391 0.670139 0.149219 0.470833
1 0.353516 0.137500 0.155469 0.272222
1 0.977734 0.872917 0.044531 0.165278
0 0.401953 0.055556 0.082031 0.108333
