0 0.103906 0.734722 0.206250 0.530556
0 0.103906 0.451389 0.206250 0.716667
0 0.104297 0.200694 0.207031 0.398611
0 0.826562 0.688194 0.346875 0.623611
0 0.760547 0.380556 0.380469 0.613889
0 0.674609 0.171528 0.282031 0.340278
0 0.926562 0.221528 0.146875 0.315278
0 0.907031 0.036806 0.185938 0.070833
1 0.301172 0.927083 0.186719 0.145833
1 0.269531 0.670139 0.135937 0.465278
1 0.251953 0.313194 0.088281 0.331944
1 0.237500 0.080556 0.104688 0.158333
1 0.441797 0.083333 0.096094 0.163889
1 0.480859 0.388889 0.130469 0.377778
1 0.557031 0.634028 0.195312 0.484722
1 0.644531 0.875000 0.156250 0.250000
2 0.616406 0.483333 0.206250 0.463889
2 0.522656 0.214583 0.178125 0.426389
2 0.178516 0.585417 0.235156 0.459722
