0 0.146875 0.664583 0.292187 0.670833
0 0.173828 0.338889 0.346094 0.675000
0 0.238672 0.162500 0.300781 0.322222
0 0.877344 0.736806 0.245312 0.526389
0 0.857812 0.452083 0.284375 0.690278
0 0.850781 0.213889 0.296875 0.425000
1 0.398438 0.884722 0.225000 0.230556
1 0.362500 0.612500 0.132812 0.494444
1 0.401562 0.323611 0.107813 0.441667
1 0.432031 0.063889 0.103125 0.125000
1 0.661719 0.060417 0.139063 0.118056
1 0.623437 0.311111 0.159375 0.425000
1 0.668359 0.649306 0.172656 0.479167
2 0.635938 0.890972 0.239063 0.218056
2 0.741797 0.511111 0.208594 0.491667
