0 0.412500 0.769444 0.431250 0.461111
0 0.169922 0.761806 0.219531 0.476389
0 0.216406 0.504167 0.317188 0.594444
0 0.487891 0.527083 0.325781 0.654167
0 0.541797 0.243750 0.255469 0.484722
0 0.320703 0.237500 0.244531 0.472222
0 0.099609 0.063889 0.197656 0.125000
0 0.037500 0.218750 0.073438 0.370833
1 0.698828 0.773611 0.150781 0.452778
1 0.699219 0.420139 0.098437 0.334722
1 0.702344 0.130556 0.084375 0.258333
1 0.925391 0.139583 0.119531 0.276389
1 0.928906 0.517361 0.120313 0.420833
1 0.951172 0.769444 0.097656 0.461111
1 0.086328 0.452778 0.171094 0.375000
1 0.228125 0.113194 0.146875 0.223611
2 0.623047 0.650000 0.207031 0.413889
2 0.953516 0.336111 0.092969 0.463889
2 0.986328 0.609028 0.027344 0.237500
