0 0.253906 0.781944 0.350000 0.436111
0 0.304688 0.602083 0.251563 0.493056
0 0.355078 0.294444 0.163281 0.322222
0 0.376563 0.188194 0.125000 0.268056
0 0.378125 0.066667 0.114062 0.130556
0 0.068750 0.790972 0.135937 0.418056
0 0.102344 0.620139 0.203125 0.526389
0 0.183203 0.253472 0.174219 0.218056
0 0.223438 0.149306 0.145313 0.179167
0 0.252734 0.071528 0.127344 0.140278
0 0.021875 0.131250 0.042188 0.237500
0 0.067578 0.045833 0.133594 0.088889
0 0.899609 0.760417 0.200781 0.479167
0 0.866406 0.565278 0.267188 0.502778
0 0.761719 0.272917 0.193750 0.334722
0 0.723047 0.170139 0.161719 0.273611
0 0.690234 0.106944 0.141406 0.211111
0 0.915625 0.208333 0.168750 0.222222
0 0.862109 0.107639 0.160156 0.165278
0 0.825391 0.052083 0.111719 0.101389
0 0.954297 0.037500 0.091406 0.072222
1 0.021875 0.426389 0.042188 0.225000
1 0.048047 0.290972 0.094531 0.231944
1 0.139063 0.097222 0.079687 0.172222
1 0.514453 0.946528 0.083594 0.106944
1 0.471484 0.770139 0.078906 0.318056
1 0.467578 0.467361 0.067969 0.304167
1 0.465234 0.330556 0.052344 0.222222
1 0.458203 0.220833 0.035156 0.136111
1 0.454688 0.054861 0.039062 0.106944
1 0.456641 0.163889 0.035156 0.061111
1 0.668359 0.463194 0.133594 0.318056
1 0.638281 0.343056 0.059375 0.283333
1 0.613281 0.261806 0.048438 0.254167
1 0.737500 0.763889 0.125000 0.313889
1 0.729297 0.926389 0.053906 0.147222
2 0.393750 0.910417 0.187500 0.179167
2 0.864844 0.868056 0.237500 0.263889
1 0.171094 0.071528 0.040625 0.140278
