0 0.205469 0.646528 0.409375 0.706944
0 0.296094 0.353472 0.357812 0.704167
0 0.372656 0.179167 0.265625 0.355556
0 0.098047 0.143056 0.194531 0.283333
0 0.035156 0.347222 0.068750 0.188889
0 0.920703 0.835417 0.158594 0.329167
0 0.906641 0.625694 0.186719 0.695833
0 0.898828 0.306250 0.202344 0.584722
0 0.892188 0.062500 0.215625 0.122222
1 0.475000 0.640278 0.162500 0.372222
1 0.509766 0.315278 0.107031 0.311111
1 0.527344 0.086806 0.070312 0.170833
1 0.733984 0.128472 0.127344 0.254167
1 0.736719 0.477778 0.135937 0.397222
1 0.719141 0.745833 0.183594 0.452778
1 0.792578 0.971528 0.024219 0.056944
2 0.402344 0.495833 0.209375 0.455556
2 0.859375 0.695833 0.268750 0.408333
2 0.356641 0.869444 0.214844 0.261111
