0 0.029297 0.571528 0.057031 0.709722
0 0.016406 0.811806 0.031250 0.376389
0 0.039453 0.263194 0.077344 0.523611
0 0.477344 0.086111 0.243750 0.169444
0 0.540234 0.310417 0.274219 0.495833
0 0.621484 0.588194 0.350781 0.590278
0 0.724219 0.804861 0.428125 0.390278
0 0.908594 0.809028 0.182812 0.381944
0 0.846484 0.570833 0.283594 0.483333
0 0.735547 0.307639 0.224219 0.434722
0 0.948438 0.393056 0.103125 0.397222
0 0.867969 0.138194 0.210938 0.273611
1 0.098828 0.788194 0.167969 0.423611
1 0.093750 0.449306 0.107813 0.348611
1 0.102344 0.145139 0.082812 0.287500
1 0.327734 0.163889 0.146094 0.325000
1 0.302344 0.092361 0.084375 0.181944
1 0.367188 0.535417 0.107813 0.420833
1 0.398047 0.781250 0.203906 0.437500
1 0.760156 0.207639 0.125000 0.206944
2 0.873047 0.348611 0.189844 0.497222
2 0.473438 0.682639 0.217188 0.429167
2 0.064844 0.722222 0.128125 0.394444
1 0.960547 0.707639 0.078906 0.326389
1 0.971484 0.931944 0.057031 0.136111
0 0.802344 0.068056 0.175000 0.133333
