0 0.428516 0.061806 0.242969 0.120833
0 0.493750 0.258333 0.278125 0.486111
0 0.571875 0.536111 0.348438 0.588889
0 0.698438 0.777778 0.457813 0.444444
0 0.876953 0.775000 0.246094 0.450000
0 0.795312 0.502083 0.296875 0.476389
0 0.680859 0.258333 0.232031 0.419444
0 0.817187 0.104861 0.210938 0.206944
1 0.073828 0.776389 0.146094 0.447222
1 0.054688 0.418056 0.107813 0.350000
1 0.062109 0.129167 0.077344 0.255556
1 0.288672 0.143056 0.139844 0.283333
1 0.273828 0.068750 0.085156 0.134722
1 0.337109 0.497222 0.103906 0.422222
1 0.371094 0.763889 0.204687 0.472222
1 0.712891 0.176389 0.099219 0.191667
2 0.930469 0.583333 0.139063 0.438889
2 0.444922 0.646528 0.211719 0.426389
2 0.057031 0.708333 0.112500 0.377778
1 0.843750 0.430556 0.150000 0.238889
1 0.952344 0.896528 0.095312 0.173611
0 0.748437 0.036806 0.142187 0.070833
0 0.923047 0.303472 0.153906 0.354167
