0 0.244141 0.634028 0.486719 0.731944
0 0.084375 0.365972 0.167187 0.451389
0 0.147656 0.124306 0.293750 0.245833
0 0.391406 0.356944 0.351562 0.711111
0 0.472656 0.188889 0.270313 0.375000
0 0.943750 0.102083 0.112500 0.201389
0 0.944141 0.377778 0.111719 0.561111
0 0.946484 0.697222 0.107031 0.605556
1 0.540625 0.642361 0.168750 0.315278
1 0.559375 0.950000 0.048438 0.100000
1 0.592578 0.346528 0.116406 0.301389
1 0.631250 0.103472 0.075000 0.204167
1 0.825781 0.162500 0.126562 0.322222
1 0.841797 0.076389 0.094531 0.150000
1 0.810937 0.541667 0.156250 0.388889
1 0.774609 0.794444 0.192969 0.411111
1 0.047266 0.147222 0.078906 0.086111
1 0.095703 0.079861 0.078906 0.156944
2 0.420703 0.865972 0.288281 0.268056
2 0.483984 0.525000 0.177344 0.430556
2 0.889453 0.777083 0.221094 0.401389
