0 0.525391 0.836111 0.391406 0.327778
0 0.286719 0.757639 0.210938 0.484722
0 0.333984 0.485417 0.305469 0.604167
0 0.601953 0.490972 0.339844 0.673611
0 0.540234 0.759722 0.416406 0.480556
0 0.037891 0.474306 0.074219 0.362500
0 0.087500 0.259028 0.173437 0.437500
0 0.164062 0.066667 0.253125 0.130556
1 0.823438 0.747917 0.156250 0.501389
1 0.807031 0.368056 0.101562 0.333333
1 0.802344 0.106250 0.093750 0.209722
1 0.188281 0.448611 0.173437 0.372222
1 0.087500 0.718750 0.173437 0.398611
1 0.316797 0.112500 0.122656 0.222222
2 0.741016 0.619444 0.216406 0.413889
0 0.642188 0.225000 0.256250 0.447222
1 0.361719 0.072917 0.067187 0.143056
1 0.897266 0.979861 0.050781 0.040278
1 0.985938 0.147917 0.028125 0.148611
0 0.412891 0.231944 0.227344 0.461111
1 0.289844 0.497917 0.068750 0.048611
1 0.313281 0.393056 0.079687 0.244444
1 0.174609 0.909028 0.141406 0.181944
