0 0.014453 0.609028 0.027344 0.781944
0 0.022656 0.263889 0.043750 0.522222
0 0.446484 0.077778 0.246094 0.152778
0 0.514453 0.290278 0.278906 0.486111
0 0.595703 0.575694 0.350781 0.590278
0 0.716016 0.794444 0.444531 0.411111
0 0.899219 0.792361 0.201563 0.415278
0 0.813281 0.536806 0.296875 0.476389
0 0.704297 0.291667 0.232031 0.419444
0 0.948438 0.393056 0.103125 0.397222
0 0.837500 0.122222 0.210938 0.241667
1 0.086719 0.792361 0.164062 0.415278
1 0.081641 0.450694 0.103906 0.348611
1 0.085547 0.144444 0.083594 0.286111
1 0.317578 0.163194 0.146094 0.323611
1 0.291406 0.091667 0.084375 0.180556
1 0.357031 0.532639 0.107813 0.420833
1 0.391016 0.781250 0.203906 0.437500
1 0.740625 0.203472 0.104688 0.198611
2 0.904687 0.376389 0.190625 0.411111
2 0.461719 0.682639 0.217188 0.429167
2 0.058594 0.727778 0.115625 0.394444
1 0.955078 0.697222 0.089844 0.338889
1 0.964063 0.922222 0.071875 0.155556
0 0.771094 0.053472 0.178125 0.104167
0 0.946875 0.346528 0.106250 0.376389
