0 0.413281 0.795833 0.396875 0.408333
0 0.454688 0.573611 0.317188 0.652778
0 0.493750 0.266667 0.250000 0.511111
0 0.266406 0.301389 0.243750 0.511111
0 0.174609 0.590972 0.314844 0.623611
0 0.135937 0.809722 0.234375 0.380556
0 0.069531 0.116667 0.137500 0.230556
0 0.096484 0.045833 0.158594 0.088889
0 0.973047 0.218750 0.053906 0.434722
0 0.933203 0.043056 0.099219 0.083333
1 0.677344 0.784722 0.134375 0.430556
1 0.656641 0.447222 0.083594 0.325000
1 0.653125 0.149306 0.073438 0.295833
1 0.871875 0.145833 0.150000 0.288889
1 0.850391 0.071528 0.089844 0.140278
1 0.937500 0.500694 0.125000 0.465278
1 0.936719 0.763194 0.126562 0.473611
2 0.972266 0.693750 0.055469 0.337500
2 0.594141 0.690972 0.208594 0.387500
1 0.162109 0.493750 0.091406 0.251389
1 0.134375 0.602083 0.073438 0.056944
1 0.046484 0.977083 0.091406 0.045833
1 0.060937 0.527083 0.120313 0.312500
1 0.159375 0.190972 0.139063 0.262500
1 0.195703 0.119444 0.096094 0.236111
