0 0.628125 0.698611 0.439063 0.597222
0 0.499219 0.395139 0.343750 0.590278
0 0.410547 0.181944 0.286719 0.361111
0 0.852344 0.669444 0.295312 0.575000
0 0.711719 0.341667 0.265625 0.452778
0 0.624219 0.157639 0.181250 0.312500
0 0.879687 0.166667 0.240625 0.330556
0 0.926562 0.346528 0.146875 0.409722
0 0.985156 0.552778 0.029687 0.125000
0 0.742188 0.029167 0.137500 0.055556
1 0.035156 0.671528 0.068750 0.459722
1 0.196875 0.076389 0.151562 0.150000
1 0.260937 0.372917 0.117188 0.440278
1 0.305469 0.646528 0.209375 0.501389
1 0.404297 0.875694 0.127344 0.248611
1 0.875391 0.712500 0.103906 0.158333
1 0.867188 0.484722 0.128125 0.300000
1 0.957031 0.759028 0.085938 0.376389
1 0.760547 0.275694 0.139844 0.209722
1 0.651172 0.059722 0.125781 0.116667
2 0.371875 0.518056 0.218750 0.438889
2 0.010156 0.660417 0.018750 0.215278
2 0.092969 0.917361 0.184375 0.165278
