0 0.421094 0.762500 0.429688 0.475000
0 0.187891 0.733333 0.374219 0.533333
0 0.115234 0.043056 0.188281 0.083333
0 0.151953 0.745833 0.302344 0.508333
0 0.239453 0.482639 0.321094 0.593056
0 0.342578 0.233333 0.247656 0.463889
0 0.563672 0.254167 0.249219 0.505556
0 0.505078 0.534722 0.319531 0.672222
1 0.090625 0.422917 0.179688 0.368056
1 0.232813 0.095139 0.129688 0.187500
1 0.712500 0.786806 0.154688 0.426389
1 0.715625 0.440278 0.103125 0.330556
1 0.725781 0.142361 0.070312 0.281944
2 0.633984 0.670139 0.211719 0.423611
1 0.063672 0.895139 0.125781 0.209722
1 0.190625 0.481250 0.075000 0.056944
1 0.224219 0.379167 0.084375 0.250000
0 0.042969 0.187500 0.084375 0.372222
1 0.938281 0.162500 0.123438 0.316667
1 0.942187 0.082639 0.089063 0.162500
1 0.965625 0.608333 0.068750 0.341667
1 0.953516 0.794444 0.092969 0.411111
1 0.291797 0.070139 0.064844 0.137500
