0 0.457031 0.770139 0.400000 0.459722
0 0.499219 0.514583 0.310937 0.659722
0 0.535156 0.238889 0.248438 0.475000
0 0.181641 0.790972 0.222656 0.418056
0 0.219141 0.543750 0.291406 0.626389
0 0.306641 0.257639 0.230469 0.512500
0 0.032031 0.323611 0.060937 0.311111
0 0.089844 0.101389 0.178125 0.200000
1 0.086328 0.528472 0.171094 0.379167
1 0.211719 0.451389 0.087500 0.238889
1 0.202344 0.154167 0.140625 0.263889
1 0.246875 0.098611 0.084375 0.191667
1 0.712109 0.743750 0.161719 0.462500
1 0.962500 0.730556 0.075000 0.536111
1 0.700391 0.384722 0.089844 0.333333
1 0.693750 0.113889 0.073438 0.225000
1 0.918750 0.112500 0.148438 0.222222
2 0.639844 0.638889 0.215625 0.405556
1 0.964453 0.429861 0.071094 0.484722
1 0.185156 0.561111 0.073438 0.052778
1 0.084375 0.951389 0.132812 0.097222
1 0.800781 0.974306 0.065625 0.051389
