1 0.016016 0.609722 0.030469 0.361111
1 0.039844 0.933333 0.078125 0.133333
1 0.178906 0.064583 0.176563 0.126389
1 0.225391 0.352778 0.124219 0.438889
1 0.255078 0.634722 0.208594 0.500000
1 0.348047 0.877778 0.157031 0.244444
1 0.612891 0.071528 0.110156 0.140278
1 0.734375 0.302778 0.150000 0.230556
1 0.823438 0.524306 0.151562 0.306944
1 0.822656 0.745833 0.098437 0.166667
1 0.933594 0.789583 0.132812 0.345833
0 0.583203 0.711806 0.438281 0.576389
0 0.465625 0.393750 0.353125 0.601389
0 0.384375 0.183333 0.290625 0.363889
0 0.591797 0.172222 0.188281 0.341667
0 0.682422 0.363194 0.252344 0.470833
0 0.822266 0.709722 0.321094 0.580556
0 0.722656 0.050000 0.173437 0.097222
0 0.854297 0.190972 0.250781 0.365278
0 0.909766 0.401389 0.180469 0.416667
0 0.964453 0.615972 0.071094 0.295833
2 0.334375 0.502778 0.220312 0.455556
