0 0.191406 0.727778 0.370312 0.544444
0 0.244141 0.420833 0.302344 0.613889
2 0.390234 0.563194 0.188281 0.437500
1 0.459766 0.686806 0.147656 0.448611
1 0.475391 0.336111 0.100781 0.338889
0 0.332422 0.196528 0.228906 0.387500
0 0.878516 0.210417 0.232031 0.404167
1 0.706641 0.391667 0.105469 0.305556
0 0.916016 0.534028 0.161719 0.601389
2 0.801953 0.575000 0.142969 0.505556
1 0.723828 0.695139 0.192969 0.398611
0 0.923438 0.800694 0.146875 0.387500
1 0.687891 0.118056 0.096094 0.233333
1 0.485156 0.099306 0.068750 0.195833
0 0.055859 0.211111 0.110156 0.366667
1 0.806641 0.946528 0.069531 0.106944
2 0.625781 0.889583 0.329688 0.220833
