0 0.193750 0.729861 0.345313 0.540278
0 0.243359 0.426389 0.302344 0.652778
0 0.305078 0.197917 0.221094 0.393056
1 0.584375 0.899306 0.131250 0.201389
2 0.389062 0.564583 0.181250 0.379167
1 0.491406 0.629167 0.079687 0.302778
1 0.466797 0.350000 0.097656 0.327778
1 0.477734 0.103472 0.067969 0.204167
1 0.656641 0.122222 0.111719 0.241667
0 0.874609 0.228472 0.227344 0.454167
1 0.703906 0.448611 0.112500 0.438889
0 0.904687 0.525694 0.190625 0.609722
2 0.772656 0.650000 0.182812 0.441667
1 0.720313 0.732639 0.198437 0.462500
0 0.925000 0.784028 0.150000 0.431944
1 0.807031 0.940278 0.095312 0.119444
0 0.048047 0.254167 0.094531 0.355556
2 0.435937 0.858333 0.240625 0.283333
