0 0.160938 0.777778 0.320312 0.438889
0 0.169922 0.529861 0.338281 0.679167
0 0.220312 0.250000 0.270313 0.497222
0 0.046094 0.167361 0.090625 0.331944
0 0.888672 0.787500 0.222656 0.425000
0 0.852344 0.554167 0.295312 0.619444
0 0.808594 0.264583 0.307812 0.501389
0 0.725391 0.065278 0.249219 0.127778
0 0.948047 0.139583 0.103906 0.220833
1 0.391406 0.754167 0.139063 0.411111
1 0.386328 0.427083 0.089844 0.320833
1 0.388672 0.146528 0.071094 0.290278
1 0.588672 0.148611 0.125781 0.294444
1 0.575000 0.081944 0.073438 0.161111
1 0.637109 0.504167 0.114844 0.419444
1 0.669141 0.765972 0.199219 0.465278
1 0.764453 0.954167 0.069531 0.091667
2 0.757422 0.664583 0.233594 0.445833
2 0.312500 0.659722 0.210938 0.400000
