0 0.217188 0.687500 0.432812 0.625000
0 0.304688 0.379167 0.334375 0.691667
0 0.368750 0.185417 0.257812 0.368056
0 0.102734 0.183333 0.203906 0.363889
0 0.044141 0.493750 0.086719 0.295833
0 0.944922 0.788194 0.110156 0.423611
0 0.920312 0.525694 0.159375 0.673611
0 0.902344 0.240278 0.195312 0.477778
0 0.820312 0.027778 0.073438 0.052778
1 0.506250 0.654861 0.153125 0.423611
1 0.521875 0.311806 0.095312 0.318056
1 0.532031 0.081944 0.062500 0.161111
1 0.739453 0.102083 0.128906 0.201389
1 0.768359 0.428472 0.132031 0.418056
1 0.782813 0.706944 0.214062 0.480556
1 0.854297 0.942361 0.116406 0.115278
1 0.023047 0.194444 0.044531 0.288889
2 0.553125 0.905556 0.356250 0.188889
2 0.437109 0.530556 0.196094 0.405556
2 0.877734 0.626389 0.244531 0.419444
