0 0.182031 0.947917 0.335938 0.104167
0 0.220312 0.768750 0.368750 0.462500
0 0.267188 0.568750 0.265625 0.515278
0 0.327344 0.267361 0.157812 0.337500
0 0.085547 0.577083 0.169531 0.526389
0 0.046875 0.696528 0.092188 0.315278
0 0.153906 0.208333 0.184375 0.225000
0 0.731250 0.267361 0.198437 0.334722
0 0.666406 0.101389 0.143750 0.200000
0 0.694922 0.161806 0.166406 0.279167
0 0.894141 0.214583 0.192969 0.226389
0 0.964063 0.375694 0.071875 0.120833
0 0.849609 0.559722 0.300781 0.486111
0 0.879687 0.765278 0.240625 0.469444
2 0.816406 0.863889 0.237500 0.272222
2 0.362891 0.893750 0.178906 0.212500
0 0.341406 0.110417 0.150000 0.179167
0 0.197656 0.107639 0.153125 0.176389
0 0.354687 0.050694 0.121875 0.098611
0 0.216797 0.050000 0.111719 0.097222
0 0.835156 0.111806 0.160938 0.165278
0 0.797656 0.052778 0.117188 0.102778
0 0.979297 0.092361 0.041406 0.181944
0 0.933594 0.045833 0.093750 0.088889
1 0.475781 0.935417 0.081250 0.129167
1 0.436719 0.750000 0.082812 0.325000
1 0.436328 0.439583 0.067969 0.309722
1 0.435937 0.304167 0.053125 0.230556
1 0.432422 0.201389 0.035156 0.158333
1 0.431250 0.043750 0.039062 0.084722
1 0.636328 0.449306 0.135156 0.320833
1 0.606250 0.342361 0.054688 0.256944
1 0.582031 0.249306 0.045312 0.251389
1 0.030078 0.218750 0.058594 0.201389
1 0.094922 0.067361 0.052344 0.131944
1 0.694922 0.797222 0.114844 0.405556
1 0.685937 0.919444 0.057813 0.161111
