0 0.205859 0.713889 0.410156 0.572222
0 0.262891 0.409722 0.342969 0.672222
0 0.319531 0.192361 0.260937 0.381944
0 0.073047 0.244444 0.144531 0.366667
0 0.083594 0.178472 0.165625 0.354167
0 0.023438 0.507639 0.045312 0.143056
0 0.934375 0.753472 0.131250 0.493056
0 0.900391 0.473611 0.199219 0.652778
0 0.879297 0.223611 0.241406 0.444444
1 0.494531 0.932639 0.178125 0.134722
1 0.481641 0.669444 0.136719 0.438889
1 0.480859 0.321528 0.088281 0.318056
1 0.483984 0.085417 0.067969 0.168056
1 0.691406 0.100000 0.134375 0.197222
1 0.733203 0.412500 0.122656 0.422222
1 0.760938 0.689583 0.214062 0.484722
1 0.841016 0.922222 0.114844 0.155556
2 0.854688 0.588194 0.259375 0.434722
2 0.405469 0.550000 0.200000 0.397222
