0 0.164062 0.745833 0.326562 0.508333
0 0.169141 0.474306 0.336719 0.684722
0 0.203516 0.211806 0.277344 0.420833
0 0.889453 0.732639 0.221094 0.534722
0 0.848828 0.445833 0.302344 0.630556
0 0.802734 0.206944 0.313281 0.411111
2 0.750391 0.559722 0.235156 0.450000
2 0.312109 0.590278 0.213281 0.394444
2 0.610938 0.938889 0.154688 0.122222
1 0.416797 0.945139 0.180469 0.109722
1 0.392969 0.692361 0.132812 0.440278
1 0.380859 0.352083 0.085156 0.323611
1 0.378516 0.100694 0.074219 0.198611
1 0.587109 0.107639 0.139844 0.212500
1 0.634766 0.414583 0.111719 0.426389
1 0.675391 0.661111 0.207031 0.427778
1 0.766406 0.910417 0.121875 0.179167
