0 0.151953 0.752778 0.302344 0.488889
0 0.159766 0.484028 0.317969 0.690278
0 0.188672 0.225000 0.274219 0.447222
0 0.877734 0.754167 0.244531 0.491667
0 0.839453 0.485417 0.321094 0.618056
0 0.783984 0.225000 0.302344 0.447222
0 0.631641 0.034028 0.074219 0.065278
0 0.944922 0.093056 0.110156 0.183333
1 0.374219 0.714583 0.134375 0.448611
1 0.363672 0.370833 0.086719 0.322222
1 0.363672 0.109722 0.071094 0.216667
1 0.566406 0.119444 0.129688 0.236111
1 0.616797 0.447222 0.114844 0.419444
1 0.649219 0.712500 0.198437 0.477778
1 0.736719 0.927083 0.112500 0.145833
2 0.729297 0.597917 0.232031 0.440278
2 0.290625 0.612500 0.220312 0.391667
1 0.450391 0.956250 0.055469 0.087500
