0 0.198828 0.724306 0.339844 0.551389
0 0.250000 0.417361 0.317188 0.615278
2 0.376172 0.573611 0.207031 0.408333
1 0.459766 0.709028 0.153906 0.465278
0 0.310547 0.200000 0.230469 0.394444
1 0.465625 0.352778 0.084375 0.322222
0 0.925000 0.798611 0.150000 0.391667
0 0.912500 0.533333 0.175000 0.616667
2 0.775391 0.629861 0.153906 0.493056
1 0.724609 0.731250 0.194531 0.440278
1 0.703125 0.395139 0.106250 0.304167
0 0.877734 0.231944 0.228906 0.458333
1 0.673047 0.122222 0.100781 0.241667
0 0.041406 0.253472 0.081250 0.368056
1 0.803125 0.951389 0.100000 0.097222
2 0.558984 0.843750 0.260156 0.309722
1 0.477734 0.109722 0.074219 0.216667
