0 0.187109 0.722222 0.360156 0.555556
0 0.035156 0.250694 0.064062 0.359722
0 0.261719 0.418056 0.259375 0.658333
0 0.306250 0.201389 0.220312 0.400000
0 0.866797 0.204167 0.214844 0.405556
0 0.903125 0.515972 0.193750 0.609722
0 0.923828 0.784722 0.152344 0.427778
2 0.559766 0.818750 0.230469 0.362500
2 0.378516 0.572222 0.188281 0.419444
2 0.777734 0.606944 0.167969 0.530556
1 0.451172 0.681250 0.147656 0.420833
1 0.456641 0.338194 0.080469 0.315278
1 0.472266 0.099306 0.066406 0.193056
1 0.661719 0.124306 0.096875 0.245833
1 0.694922 0.376389 0.107031 0.308333
1 0.711328 0.713889 0.180469 0.455556
1 0.799609 0.934028 0.078906 0.131944
