0 0.487109 0.743056 0.439844 0.513889
0 0.187891 0.733333 0.374219 0.533333
0 0.028125 0.358333 0.054688 0.241667
0 0.081250 0.189583 0.160938 0.376389
0 0.189844 0.030556 0.153125 0.058333
0 0.186328 0.723611 0.371094 0.552778
0 0.314453 0.442361 0.319531 0.581944
0 0.407813 0.211806 0.231250 0.420833
0 0.635547 0.231944 0.255469 0.461111
0 0.575391 0.495139 0.324219 0.670833
1 0.070703 0.625000 0.139844 0.405556
1 0.167578 0.370833 0.177344 0.361111
1 0.314453 0.077083 0.133594 0.151389
1 0.786328 0.767361 0.163281 0.465278
1 0.792969 0.397917 0.106250 0.340278
1 0.803125 0.118750 0.067187 0.234722
2 0.712891 0.628472 0.211719 0.423611
1 0.130078 0.853472 0.155469 0.231944
1 0.265625 0.439583 0.076563 0.054167
1 0.297656 0.342361 0.081250 0.245833
