0 0.594531 0.672917 0.437500 0.654167
0 0.827734 0.514583 0.330469 0.398611
0 0.674219 0.200000 0.264062 0.277778
0 0.464844 0.356250 0.348438 0.590278
0 0.368359 0.161111 0.286719 0.319444
1 0.016406 0.615972 0.031250 0.362500
1 0.224219 0.335417 0.117188 0.443056
1 0.271875 0.613889 0.206250 0.502778
1 0.376563 0.856944 0.179688 0.286111
1 0.148438 0.061806 0.151562 0.120833
1 0.838672 0.635417 0.100781 0.154167
1 0.940234 0.679861 0.119531 0.368056
1 0.828125 0.431250 0.120313 0.326389
1 0.725000 0.213194 0.140625 0.229167
1 0.594922 0.034028 0.088281 0.065278
2 0.337891 0.476389 0.217969 0.447222
2 0.087500 0.911806 0.173437 0.176389
0 0.851562 0.134028 0.254688 0.265278
0 0.908203 0.275694 0.183594 0.393056
0 0.966016 0.463889 0.067969 0.297222
