0 0.527734 0.743056 0.400781 0.513889
0 0.558203 0.472222 0.325781 0.688889
0 0.578125 0.209028 0.264062 0.415278
0 0.337891 0.254167 0.210156 0.505556
0 0.270313 0.528472 0.271875 0.640278
0 0.242578 0.780556 0.216406 0.438889
0 0.055469 0.368750 0.109375 0.437500
0 0.106250 0.119444 0.210938 0.236111
0 0.163672 0.040972 0.128906 0.079167
1 0.137891 0.538194 0.180469 0.384722
1 0.072656 0.814583 0.143750 0.370833
1 0.159766 0.938194 0.119531 0.123611
1 0.241797 0.565278 0.067969 0.066667
1 0.261719 0.446528 0.089063 0.229167
1 0.241406 0.179167 0.139063 0.294444
1 0.270703 0.095833 0.099219 0.188889
1 0.733203 0.079167 0.086719 0.155556
1 0.748828 0.318056 0.094531 0.336111
1 0.789062 0.671528 0.143750 0.468056
1 0.824219 0.938194 0.187500 0.123611
1 0.944141 0.063889 0.111719 0.125000
2 0.701172 0.581250 0.216406 0.384722
