1 0.059766 0.731944 0.117969 0.491667
1 0.116016 0.968750 0.077344 0.062500
1 0.036719 0.095833 0.071875 0.188889
1 0.308203 0.438194 0.117969 0.426389
1 0.342578 0.713194 0.211719 0.493056
1 0.427344 0.913194 0.118750 0.173611
1 0.688672 0.110417 0.092969 0.218056
1 0.812500 0.386806 0.143750 0.223611
1 0.928125 0.609028 0.143750 0.306944
1 0.921875 0.831944 0.098437 0.166667
0 0.670703 0.750694 0.449219 0.498611
0 0.536719 0.477778 0.368750 0.594444
0 0.468750 0.224306 0.281250 0.445833
0 0.661328 0.203472 0.214844 0.404167
0 0.767188 0.448611 0.270313 0.472222
0 0.872266 0.750694 0.255469 0.498611
0 0.788281 0.080556 0.210938 0.158333
0 0.908203 0.270139 0.183594 0.376389
0 0.957422 0.449306 0.085156 0.368056
2 0.418750 0.583333 0.210938 0.441667
1 0.259375 0.111111 0.142187 0.219444
2 0.035156 0.675000 0.068750 0.308333
