0 0.602344 0.697917 0.435937 0.604167
0 0.467969 0.400694 0.350000 0.598611
0 0.375781 0.183333 0.287500 0.363889
0 0.910547 0.323611 0.178906 0.394444
0 0.853125 0.159028 0.254688 0.315278
0 0.705469 0.020139 0.135937 0.037500
0 0.972266 0.106250 0.055469 0.090278
1 0.019922 0.675694 0.038281 0.404167
1 0.156250 0.085417 0.146875 0.168056
1 0.228125 0.381250 0.117188 0.443056
1 0.275391 0.665278 0.207031 0.500000
1 0.385937 0.886111 0.131250 0.227778
1 0.603516 0.057639 0.096094 0.112500
1 0.737891 0.274306 0.152344 0.218056
1 0.845703 0.464583 0.147656 0.304167
1 0.942969 0.729861 0.114062 0.379167
1 0.844141 0.693056 0.096094 0.147222
2 0.344141 0.522222 0.217969 0.444444
0 0.833203 0.570833 0.333594 0.402778
0 0.678516 0.333333 0.266406 0.438889
0 0.584375 0.152083 0.187500 0.301389
2 0.076563 0.918056 0.151562 0.163889
0 0.969531 0.515972 0.060937 0.254167
