0 0.474609 0.793056 0.399219 0.413889
0 0.520703 0.558333 0.314844 0.652778
0 0.558203 0.257639 0.252344 0.512500
0 0.337891 0.284028 0.244531 0.506944
0 0.245703 0.566667 0.303906 0.608333
0 0.205859 0.800694 0.221094 0.398611
0 0.043750 0.333333 0.085938 0.411111
0 0.105859 0.112500 0.210156 0.222222
0 0.169141 0.039583 0.146094 0.076389
1 0.097266 0.540278 0.192969 0.380556
1 0.044922 0.836806 0.088281 0.320833
1 0.099609 0.957639 0.128906 0.084722
1 0.207031 0.581250 0.076563 0.051389
1 0.233594 0.476389 0.085938 0.250000
1 0.228125 0.173611 0.135937 0.255556
1 0.262500 0.112500 0.101562 0.222222
1 0.743359 0.779167 0.141406 0.441667
1 0.725000 0.434722 0.087500 0.333333
1 0.721875 0.140972 0.075000 0.279167
1 0.931250 0.139583 0.115625 0.276389
1 0.927344 0.062500 0.092188 0.122222
1 0.975000 0.571528 0.050000 0.329167
1 0.972266 0.847917 0.055469 0.304167
2 0.658984 0.681944 0.213281 0.394444
