0 0.174609 0.725000 0.347656 0.550000
0 0.236719 0.412500 0.287500 0.597222
0 0.292578 0.184028 0.249219 0.365278
0 0.869922 0.236111 0.236719 0.469444
0 0.903906 0.538889 0.192188 0.619444
0 0.921484 0.795139 0.157031 0.409722
0 0.040625 0.204861 0.079687 0.334722
2 0.412109 0.868750 0.211719 0.262500
2 0.366797 0.553472 0.200781 0.420833
2 0.792969 0.565278 0.179688 0.466667
1 0.451172 0.642361 0.144531 0.373611
1 0.460156 0.339583 0.084375 0.326389
1 0.470313 0.104167 0.078125 0.205556
1 0.653516 0.115972 0.077344 0.229167
1 0.691406 0.388194 0.100000 0.295833
1 0.705078 0.734722 0.186719 0.491667
1 0.778516 0.942361 0.094531 0.115278
