0 0.597266 0.676389 0.438281 0.647222
0 0.834766 0.605556 0.324219 0.563889
0 0.674609 0.296528 0.267969 0.431944
0 0.966406 0.462500 0.067187 0.283333
0 0.907813 0.281944 0.184375 0.405556
0 0.848828 0.138194 0.260156 0.273611
0 0.462891 0.366667 0.352344 0.597222
0 0.367969 0.169444 0.285938 0.336111
0 0.591797 0.134722 0.163281 0.266667
1 0.016406 0.679861 0.031250 0.468056
1 0.154297 0.070833 0.167969 0.138889
1 0.225391 0.352778 0.121094 0.441667
1 0.273438 0.629861 0.209375 0.495833
1 0.377344 0.865972 0.173437 0.268056
1 0.841016 0.647222 0.102344 0.158333
1 0.940234 0.689583 0.119531 0.373611
1 0.827734 0.431250 0.125781 0.306944
1 0.732812 0.222222 0.153125 0.233333
2 0.342578 0.490972 0.208594 0.448611
2 0.089063 0.927083 0.176563 0.145833
