0 0.415234 0.046528 0.239844 0.090278
0 0.472656 0.239583 0.275000 0.476389
0 0.553516 0.509028 0.349219 0.593056
0 0.666797 0.769444 0.447656 0.461111
0 0.863672 0.771528 0.271094 0.456944
0 0.763672 0.485417 0.283594 0.476389
0 0.658203 0.236806 0.235156 0.426389
0 0.814453 0.104167 0.233594 0.205556
1 0.060547 0.752083 0.119531 0.495833
1 0.043359 0.366667 0.085156 0.355556
1 0.037891 0.102083 0.074219 0.201389
1 0.261328 0.120139 0.127344 0.237500
1 0.313281 0.461806 0.114062 0.418056
1 0.342578 0.742361 0.203906 0.498611
1 0.696094 0.147917 0.118750 0.218056
2 0.420312 0.605556 0.220312 0.447222
2 0.031250 0.710417 0.060937 0.384722
1 0.824219 0.420833 0.159375 0.238889
1 0.921875 0.890972 0.106250 0.176389
0 0.913281 0.310417 0.173437 0.368056
1 0.427344 0.924306 0.106250 0.151389
0 0.959375 0.493056 0.081250 0.369444
1 0.926172 0.647222 0.147656 0.302778
