0 0.732812 0.618056 0.457813 0.763889
0 0.582031 0.294444 0.353125 0.583333
0 0.481641 0.121528 0.294531 0.240278
0 0.033203 0.799306 0.064844 0.401389
0 0.898438 0.391667 0.203125 0.416667
0 0.810547 0.195139 0.272656 0.387500
0 0.930469 0.073611 0.139063 0.144444
0 0.978516 0.106250 0.042969 0.209722
1 0.121094 0.672222 0.146875 0.530556
1 0.141797 0.911111 0.164844 0.177778
1 0.067969 0.287500 0.100000 0.355556
1 0.042969 0.059028 0.084375 0.115278
1 0.259766 0.054861 0.136719 0.106944
1 0.346094 0.298611 0.106250 0.436111
1 0.407031 0.565278 0.193750 0.486111
1 0.517578 0.823611 0.183594 0.352778
1 0.858594 0.112500 0.159375 0.222222
1 0.951172 0.304861 0.097656 0.343056
1 0.966406 0.517361 0.067187 0.151389
2 0.459375 0.412500 0.204687 0.455556
2 0.069531 0.580556 0.137500 0.361111
2 0.306641 0.892361 0.222656 0.215278
