0 0.487109 0.779861 0.399219 0.440278
0 0.527344 0.531250 0.320312 0.662500
0 0.562109 0.245833 0.247656 0.488889
0 0.214062 0.794444 0.221875 0.411111
0 0.252344 0.556944 0.300000 0.622222
0 0.336328 0.275000 0.233594 0.511111
0 0.047266 0.349306 0.092969 0.448611
0 0.105078 0.113889 0.208594 0.225000
0 0.167578 0.038889 0.147656 0.075000
1 0.112109 0.954861 0.128906 0.090278
1 0.214453 0.572917 0.071094 0.051389
1 0.239844 0.465278 0.085938 0.241667
1 0.107813 0.538889 0.187500 0.380556
1 0.051562 0.832639 0.101562 0.329167
1 0.232031 0.164583 0.137500 0.259722
1 0.261719 0.108333 0.104688 0.213889
1 0.753125 0.765278 0.137500 0.469444
1 0.729297 0.404861 0.086719 0.337500
1 0.725781 0.124306 0.078125 0.245833
1 0.937109 0.120139 0.125781 0.237500
1 0.979297 0.579167 0.041406 0.230556
1 0.979297 0.875000 0.041406 0.250000
2 0.666406 0.656250 0.218750 0.398611
