0 0.157812 0.789583 0.314063 0.420833
0 0.166406 0.557639 0.331250 0.687500
0 0.203906 0.257639 0.275000 0.512500
0 0.046094 0.154167 0.090625 0.305556
0 0.884766 0.787500 0.230469 0.425000
0 0.844531 0.557639 0.310937 0.615278
0 0.794531 0.267361 0.306250 0.498611
0 0.716797 0.067361 0.266406 0.131944
0 0.939453 0.154861 0.121094 0.251389
1 0.383594 0.772222 0.139063 0.411111
1 0.373828 0.443750 0.089844 0.320833
1 0.374609 0.147222 0.071094 0.291667
1 0.577344 0.156250 0.131250 0.309722
1 0.559375 0.082639 0.073438 0.162500
1 0.549219 0.034028 0.087500 0.065278
1 0.627734 0.514583 0.111719 0.423611
1 0.664453 0.771528 0.203906 0.456944
1 0.761328 0.960417 0.075781 0.079167
2 0.743359 0.669444 0.236719 0.441667
2 0.303906 0.679167 0.210938 0.400000
