0 0.253516 0.865972 0.363281 0.268056
0 0.270703 0.688889 0.336719 0.622222
0 0.301172 0.408333 0.261719 0.513889
0 0.332422 0.136806 0.178906 0.270833
0 0.695703 0.104167 0.092969 0.205556
0 0.861719 0.279167 0.276562 0.505556
0 0.900000 0.563194 0.200000 0.673611
0 0.960156 0.784028 0.079687 0.431944
0 0.063672 0.723611 0.125781 0.552778
0 0.091016 0.486111 0.180469 0.566667
0 0.141797 0.113889 0.164844 0.225000
0 0.656250 0.035417 0.073438 0.068056
1 0.513672 0.841667 0.122656 0.316667
1 0.476953 0.569444 0.089844 0.313889
1 0.452734 0.261111 0.086719 0.302778
1 0.446094 0.122222 0.062500 0.241667
1 0.664844 0.238194 0.146875 0.331944
1 0.630859 0.131250 0.071094 0.259722
1 0.607812 0.088889 0.076563 0.175000
1 0.737891 0.586111 0.110156 0.433333
1 0.808203 0.802083 0.221094 0.395833
2 0.860156 0.692361 0.225000 0.515278
2 0.419531 0.818056 0.228125 0.363889
