1 0.016016 0.609722 0.030469 0.361111
1 0.044922 0.940972 0.088281 0.118056
1 0.182812 0.070833 0.168750 0.138889
1 0.230859 0.365278 0.124219 0.438889
1 0.264453 0.650000 0.208594 0.500000
1 0.358984 0.883333 0.138281 0.233333
1 0.616797 0.077083 0.102344 0.151389
1 0.737500 0.316667 0.150000 0.230556
1 0.842187 0.547917 0.146875 0.329167
1 0.833594 0.759028 0.101562 0.162500
1 0.937500 0.811806 0.125000 0.362500
0 0.587500 0.717361 0.439063 0.565278
0 0.472656 0.411806 0.353125 0.601389
0 0.388281 0.192361 0.285938 0.381944
0 0.598828 0.172917 0.188281 0.343056
0 0.692578 0.380556 0.246094 0.461111
0 0.836719 0.718056 0.310937 0.555556
0 0.722656 0.050000 0.173437 0.097222
0 0.862891 0.204861 0.255469 0.362500
0 0.912109 0.407639 0.175781 0.404167
0 0.964453 0.615972 0.071094 0.295833
2 0.339844 0.518056 0.220312 0.455556
