0 0.179688 0.841667 0.357812 0.316667
0 0.219922 0.661806 0.349219 0.668056
0 0.276172 0.361111 0.260156 0.522222
0 0.091016 0.352083 0.180469 0.520833
0 0.051562 0.499306 0.101562 0.356944
0 0.314844 0.116667 0.210938 0.230556
0 0.753125 0.128472 0.201563 0.254167
0 0.672266 0.057639 0.083594 0.112500
0 0.851953 0.394444 0.296094 0.508333
0 0.878125 0.684028 0.243750 0.631944
0 0.975000 0.203472 0.050000 0.101389
0 0.935156 0.075694 0.129688 0.148611
1 0.445312 0.112500 0.054688 0.222222
1 0.441797 0.242361 0.064844 0.323611
1 0.437500 0.553472 0.090625 0.318056
1 0.466797 0.838889 0.089844 0.322222
1 0.640625 0.262500 0.129688 0.325000
1 0.623437 0.146528 0.068750 0.290278
1 0.601953 0.095139 0.060156 0.187500
1 0.691406 0.635417 0.115625 0.420833
1 0.713281 0.829167 0.179688 0.341667
1 0.061719 0.082639 0.037500 0.020833
1 0.029687 0.044444 0.057813 0.086111
2 0.812109 0.773611 0.244531 0.425000
2 0.364063 0.790278 0.210938 0.405556
