0 0.457031 0.770139 0.400000 0.459722
0 0.496094 0.511806 0.317188 0.654167
0 0.526563 0.239583 0.256250 0.476389
0 0.180469 0.786806 0.225000 0.426389
0 0.217578 0.544444 0.294531 0.627778
0 0.305078 0.258333 0.233594 0.513889
0 0.026562 0.326389 0.051562 0.316667
0 0.088281 0.107639 0.175000 0.212500
1 0.082422 0.529861 0.163281 0.381944
1 0.207422 0.436111 0.088281 0.250000
1 0.201953 0.144444 0.139844 0.244444
1 0.243750 0.098611 0.078125 0.191667
1 0.710547 0.741667 0.158594 0.466667
1 0.960938 0.729861 0.078125 0.540278
1 0.698047 0.388194 0.085156 0.326389
1 0.691016 0.115278 0.075781 0.227778
1 0.916406 0.113194 0.151562 0.223611
2 0.634375 0.635417 0.220312 0.398611
1 0.962109 0.426389 0.075781 0.477778
1 0.185156 0.561111 0.073438 0.052778
1 0.081250 0.940972 0.126562 0.118056
1 0.800781 0.974306 0.065625 0.051389
