0 0.525391 0.836111 0.391406 0.327778
0 0.262109 0.770833 0.216406 0.452778
0 0.308984 0.515972 0.311719 0.615278
0 0.572266 0.487500 0.319531 0.672222
0 0.529297 0.756944 0.402344 0.486111
0 0.023047 0.540278 0.044531 0.230556
0 0.070703 0.313194 0.139844 0.434722
0 0.131641 0.094444 0.246094 0.186111
1 0.799219 0.718056 0.148438 0.472222
1 0.778516 0.356944 0.091406 0.338889
1 0.769922 0.102083 0.086719 0.201389
1 0.158594 0.500000 0.175000 0.375000
1 0.077734 0.771528 0.153906 0.393056
1 0.277344 0.128472 0.132812 0.254167
2 0.715234 0.616667 0.221094 0.397222
0 0.605078 0.220833 0.257031 0.438889
1 0.316797 0.086806 0.080469 0.170833
1 0.842187 0.968056 0.160938 0.063889
1 0.964063 0.090972 0.071875 0.179167
0 0.375781 0.245139 0.221875 0.487500
0 0.164844 0.931250 0.139063 0.137500
1 0.286328 0.425694 0.086719 0.245833
1 0.263672 0.530556 0.067969 0.052778
