0 0.911719 0.261806 0.176563 0.401389
0 0.966406 0.474306 0.067187 0.284722
0 0.858594 0.127083 0.256250 0.251389
0 0.832031 0.579861 0.314063 0.573611
0 0.684375 0.254861 0.259375 0.445833
0 0.466406 0.302778 0.353125 0.602778
0 0.589453 0.654861 0.435156 0.690278
0 0.376172 0.134028 0.294531 0.265278
1 0.015234 0.538889 0.028906 0.358333
1 0.226172 0.271528 0.122656 0.451389
1 0.268750 0.552778 0.207813 0.500000
1 0.364063 0.830556 0.189062 0.338889
1 0.834766 0.620139 0.097656 0.159722
1 0.937109 0.667361 0.125781 0.362500
1 0.831250 0.397917 0.125000 0.301389
1 0.729297 0.190972 0.139844 0.220833
2 0.339453 0.426389 0.222656 0.438889
2 0.105078 0.896528 0.208594 0.206944
