0 0.140234 0.896528 0.278906 0.206944
0 0.161328 0.711111 0.321094 0.575000
0 0.204297 0.459028 0.267969 0.529167
0 0.267578 0.167361 0.172656 0.331944
0 0.280469 0.050000 0.159375 0.097222
0 0.087109 0.097222 0.172656 0.191667
0 0.051562 0.336806 0.101562 0.304167
0 0.841406 0.735417 0.317188 0.529167
0 0.785547 0.499306 0.302344 0.493056
0 0.675000 0.193750 0.192188 0.340278
0 0.640234 0.113194 0.161719 0.223611
0 0.620313 0.062500 0.156250 0.122222
0 0.930859 0.377778 0.138281 0.225000
0 0.984766 0.506250 0.030469 0.051389
0 0.839063 0.155556 0.176563 0.233333
0 0.791016 0.071528 0.130469 0.140278
0 0.977734 0.121528 0.044531 0.240278
0 0.947656 0.081944 0.104688 0.161111
0 0.884766 0.022222 0.066406 0.041667
1 0.401172 0.890278 0.082031 0.219444
1 0.367969 0.659028 0.087500 0.323611
1 0.373047 0.347917 0.064844 0.318056
1 0.373828 0.104167 0.044531 0.205556
1 0.376953 0.209028 0.055469 0.245833
1 0.525000 0.163889 0.048438 0.255556
1 0.553516 0.259722 0.069531 0.255556
1 0.571094 0.368056 0.126562 0.319444
1 0.621484 0.736806 0.113281 0.423611
1 0.624609 0.879167 0.057031 0.241667
1 0.827734 0.025000 0.027344 0.047222
1 0.883203 0.107639 0.016406 0.076389
2 0.291406 0.845833 0.212500 0.308333
2 0.736328 0.834722 0.233594 0.330556
