0 0.325781 0.034028 0.071875 0.065278
0 0.463672 0.231944 0.277344 0.461111
0 0.542578 0.495139 0.349219 0.593056
0 0.658984 0.761111 0.449219 0.477778
0 0.860156 0.761111 0.279687 0.477778
0 0.750391 0.471528 0.283594 0.476389
0 0.650781 0.218056 0.229687 0.433333
0 0.794922 0.094444 0.214844 0.186111
1 0.055469 0.738194 0.109375 0.493056
1 0.037109 0.356250 0.072656 0.362500
1 0.034766 0.097222 0.067969 0.191667
1 0.253516 0.113194 0.133594 0.223611
1 0.303125 0.443750 0.115625 0.423611
1 0.331250 0.722917 0.203125 0.493056
1 0.693359 0.128472 0.111719 0.218056
2 0.414062 0.600000 0.221875 0.436111
2 0.028516 0.696528 0.055469 0.373611
1 0.810547 0.413889 0.149219 0.222222
1 0.911719 0.865972 0.106250 0.176389
0 0.905859 0.295833 0.188281 0.375000
1 0.413281 0.924306 0.107813 0.151389
0 0.956250 0.483333 0.087500 0.380556
1 0.919141 0.638889 0.152344 0.327778
1 0.100000 0.973611 0.067187 0.052778
