0 0.170703 0.715278 0.339844 0.569444
0 0.251172 0.421528 0.288281 0.623611
0 0.035937 0.222222 0.070312 0.344444
0 0.305078 0.191667 0.227344 0.377778
0 0.877344 0.213889 0.234375 0.425000
0 0.917188 0.527083 0.165625 0.612500
0 0.925781 0.789583 0.148438 0.418056
2 0.377734 0.847222 0.238281 0.216667
2 0.379688 0.555556 0.190625 0.402778
2 0.796484 0.536111 0.160156 0.472222
1 0.497266 0.929167 0.041406 0.141667
1 0.456250 0.660417 0.145313 0.412500
1 0.460547 0.334028 0.103906 0.340278
1 0.480469 0.098611 0.073438 0.194444
1 0.654297 0.119444 0.092969 0.236111
1 0.692187 0.388194 0.098437 0.309722
1 0.716406 0.725000 0.198437 0.500000
1 0.792969 0.940278 0.082812 0.119444
