0 0.008203 0.245833 0.014844 0.488889
0 0.345703 0.044444 0.086719 0.086111
0 0.491406 0.236806 0.281250 0.470833
0 0.573047 0.504167 0.342969 0.591667
0 0.695703 0.763194 0.457031 0.473611
0 0.892578 0.762500 0.214844 0.475000
0 0.794531 0.476389 0.270313 0.477778
0 0.684766 0.227778 0.221094 0.413889
0 0.807813 0.092361 0.198437 0.181944
0 0.919531 0.290278 0.160938 0.372222
0 0.971094 0.451389 0.057813 0.258333
1 0.073438 0.756944 0.145313 0.486111
1 0.148047 0.979861 0.047656 0.040278
1 0.055078 0.379167 0.102344 0.352778
1 0.057031 0.109722 0.084375 0.216667
1 0.284375 0.124306 0.135937 0.245833
1 0.266016 0.049306 0.072656 0.095833
1 0.335938 0.463194 0.117188 0.420833
1 0.366406 0.712500 0.200000 0.436111
1 0.457422 0.928472 0.094531 0.143056
1 0.708594 0.134028 0.081250 0.220833
1 0.844531 0.400694 0.153125 0.231944
1 0.941797 0.640972 0.116406 0.329167
1 0.950000 0.870833 0.098437 0.169444
2 0.442969 0.618056 0.217188 0.436111
2 0.048828 0.668750 0.096094 0.368056
2 0.312891 0.946528 0.194531 0.106944
