0 0.083203 0.625694 0.163281 0.704167
0 0.097266 0.269444 0.191406 0.533333
0 0.192578 0.093750 0.047656 0.184722
0 0.641406 0.129861 0.132812 0.256944
0 0.725000 0.327778 0.273438 0.566667
0 0.811719 0.693056 0.339062 0.602778
1 0.362891 0.756250 0.111719 0.331944
1 0.300781 0.410417 0.078125 0.301389
1 0.262891 0.147917 0.096094 0.293056
1 0.500781 0.211111 0.168750 0.416667
1 0.560937 0.540278 0.151562 0.463889
1 0.595313 0.823611 0.189062 0.352778
1 0.985547 0.311806 0.028906 0.104167
1 0.949609 0.033333 0.100781 0.063889
2 0.267969 0.727778 0.229687 0.522222
2 0.175391 0.335417 0.232031 0.387500
2 0.580469 0.203472 0.178125 0.401389
