0 0.092969 0.611806 0.182812 0.709722
0 0.114453 0.268056 0.225781 0.533333
0 0.223828 0.090972 0.046094 0.179167
0 0.680078 0.142361 0.141406 0.281944
0 0.758203 0.345139 0.288281 0.545833
0 0.830859 0.708333 0.338281 0.572222
1 0.384375 0.756944 0.101562 0.319444
1 0.325000 0.412500 0.078125 0.297222
1 0.297656 0.150694 0.093750 0.298611
1 0.523828 0.213194 0.169531 0.423611
1 0.583594 0.547917 0.156250 0.473611
1 0.612500 0.829861 0.185938 0.340278
1 0.965234 0.046528 0.069531 0.090278
2 0.291406 0.722917 0.218750 0.529167
2 0.203516 0.327778 0.227344 0.377778
2 0.617188 0.209028 0.195312 0.415278
