0 0.169922 0.695139 0.336719 0.609722
0 0.206250 0.334028 0.315625 0.598611
0 0.326172 0.161806 0.124219 0.320833
0 0.855859 0.184722 0.241406 0.366667
0 0.879687 0.419444 0.240625 0.602778
0 0.908203 0.730556 0.183594 0.538889
1 0.495312 0.884722 0.096875 0.230556
1 0.467578 0.571528 0.067969 0.381944
1 0.434766 0.247222 0.083594 0.325000
1 0.437891 0.055556 0.069531 0.108333
1 0.619531 0.066667 0.093750 0.130556
1 0.662109 0.325694 0.164844 0.437500
1 0.740625 0.650694 0.173437 0.481944
1 0.769531 0.881944 0.145313 0.236111
2 0.380078 0.802778 0.241406 0.380556
2 0.351562 0.473611 0.203125 0.386111
2 0.751172 0.267361 0.189844 0.518056
