0 0.164062 0.700000 0.323437 0.583333
0 0.229687 0.363889 0.307812 0.611111
0 0.362109 0.171528 0.091406 0.340278
0 0.860547 0.222917 0.241406 0.443056
0 0.875391 0.534028 0.249219 0.548611
0 0.899609 0.811806 0.200781 0.376389
1 0.514062 0.872222 0.082812 0.255556
1 0.459766 0.522222 0.074219 0.208333
1 0.438281 0.279861 0.101562 0.326389
1 0.453906 0.073611 0.070312 0.144444
1 0.643359 0.095833 0.114844 0.188889
1 0.657422 0.384028 0.171094 0.420833
1 0.711719 0.725694 0.156250 0.465278
1 0.753516 0.926389 0.080469 0.147222
2 0.427734 0.788889 0.199219 0.411111
2 0.353125 0.486111 0.193750 0.386111
2 0.761719 0.349306 0.204687 0.484722
