0 0.202734 0.739583 0.355469 0.520833
0 0.249219 0.415972 0.295312 0.609722
0 0.287500 0.189583 0.234375 0.373611
0 0.863281 0.187500 0.234375 0.372222
0 0.889844 0.427778 0.220312 0.577778
0 0.928125 0.743750 0.143750 0.512500
1 0.563672 0.881250 0.099219 0.237500
1 0.497266 0.607639 0.067969 0.368056
1 0.455859 0.309028 0.082031 0.323611
1 0.454297 0.084722 0.078906 0.166667
1 0.634766 0.086806 0.105469 0.170833
1 0.696484 0.355556 0.182031 0.438889
1 0.772266 0.676389 0.160156 0.508333
1 0.849609 0.891667 0.133594 0.216667
2 0.467187 0.802083 0.198437 0.395833
2 0.396484 0.512500 0.191406 0.380556
2 0.766797 0.278472 0.182031 0.529167
