0 0.201563 0.665278 0.364063 0.652778
0 0.268750 0.288889 0.303125 0.575000
0 0.043359 0.137500 0.085156 0.272222
0 0.426953 0.121528 0.025781 0.240278
0 0.895312 0.171528 0.209375 0.340278
0 0.902344 0.410417 0.195312 0.587500
0 0.926172 0.743750 0.147656 0.512500
1 0.541406 0.845139 0.085938 0.309722
1 0.504297 0.500694 0.080469 0.329167
1 0.478125 0.203472 0.101562 0.331944
1 0.490234 0.031944 0.066406 0.061111
1 0.674219 0.047222 0.104688 0.091667
1 0.704688 0.295833 0.179688 0.438889
1 0.770703 0.631944 0.164844 0.486111
1 0.796875 0.875694 0.182812 0.248611
2 0.452344 0.769444 0.176563 0.458333
2 0.398828 0.415972 0.199219 0.376389
2 0.804688 0.252083 0.210938 0.493056
