0 0.203906 0.750000 0.357812 0.500000
0 0.257812 0.415972 0.284375 0.570833
0 0.028516 0.309722 0.055469 0.352778
0 0.301953 0.188194 0.228906 0.370833
0 0.872656 0.198611 0.232813 0.391667
0 0.899609 0.445833 0.200781 0.569444
0 0.934375 0.763889 0.131250 0.472222
1 0.580859 0.884722 0.122656 0.230556
1 0.493750 0.640278 0.092188 0.377778
1 0.464062 0.328472 0.081250 0.320833
1 0.460156 0.092361 0.075000 0.181944
1 0.642188 0.095139 0.103125 0.187500
1 0.700781 0.374306 0.167187 0.437500
1 0.786328 0.693750 0.171094 0.506944
1 0.857422 0.902083 0.128906 0.195833
2 0.442969 0.827083 0.259375 0.345833
2 0.403125 0.547222 0.187500 0.402778
2 0.779687 0.302778 0.185938 0.533333
