0 0.175781 0.701389 0.348438 0.597222
0 0.223828 0.339583 0.305469 0.612500
0 0.266406 0.154167 0.243750 0.305556
0 0.857422 0.185417 0.238281 0.368056
0 0.880078 0.411111 0.239844 0.608333
0 0.914062 0.729167 0.171875 0.541667
1 0.521875 0.893056 0.073438 0.213889
1 0.470703 0.565278 0.077344 0.361111
1 0.438672 0.256250 0.088281 0.348611
1 0.442969 0.055556 0.068750 0.108333
1 0.623437 0.071528 0.096875 0.140278
1 0.664844 0.331250 0.162500 0.437500
1 0.744922 0.650694 0.164844 0.481944
1 0.785156 0.885417 0.145313 0.229167
2 0.392969 0.804167 0.250000 0.375000
2 0.357422 0.484028 0.202344 0.370833
2 0.759375 0.269444 0.185938 0.519444
