0 0.159766 0.713889 0.317969 0.572222
0 0.235547 0.379861 0.302344 0.570833
0 0.296094 0.170139 0.253125 0.337500
0 0.019141 0.152778 0.036719 0.302778
0 0.870703 0.240972 0.214844 0.476389
0 0.887500 0.553472 0.225000 0.570833
0 0.905859 0.806250 0.188281 0.387500
2 0.370703 0.761111 0.232031 0.402778
2 0.365625 0.515972 0.189062 0.368056
2 0.691797 0.381944 0.188281 0.758333
1 0.474609 0.903472 0.086719 0.193056
1 0.464844 0.652083 0.109375 0.406944
1 0.446875 0.318750 0.112500 0.340278
1 0.469141 0.089583 0.067969 0.176389
1 0.661719 0.752083 0.220312 0.443056
1 0.756641 0.941667 0.050781 0.116667
1 0.632422 0.113194 0.063281 0.223611
