0 0.088672 0.626389 0.174219 0.719444
0 0.102344 0.269444 0.203125 0.533333
0 0.200000 0.090972 0.054688 0.179167
0 0.690625 0.135417 0.207813 0.268056
0 0.735547 0.324306 0.269531 0.562500
0 0.817578 0.705556 0.341406 0.575000
1 0.372266 0.754861 0.108594 0.323611
1 0.307031 0.406944 0.075000 0.300000
1 0.274609 0.146528 0.091406 0.290278
1 0.513672 0.211111 0.172656 0.416667
1 0.559766 0.538889 0.127344 0.469444
1 0.599219 0.826389 0.179688 0.347222
1 0.991016 0.331944 0.017969 0.088889
1 0.953516 0.038889 0.092969 0.075000
2 0.272656 0.724306 0.228125 0.526389
2 0.182812 0.329167 0.231250 0.375000
2 0.585156 0.204861 0.185938 0.406944
