0 0.121484 0.688889 0.241406 0.622222
0 0.133203 0.328472 0.264844 0.645833
0 0.260937 0.140972 0.056250 0.279167
0 0.746094 0.170139 0.221875 0.337500
0 0.801172 0.393750 0.289844 0.579167
0 0.865234 0.720139 0.269531 0.559722
1 0.424219 0.862500 0.089063 0.219444
1 0.369922 0.535417 0.080469 0.345833
1 0.328125 0.231944 0.100000 0.352778
1 0.337500 0.042361 0.076563 0.081944
1 0.519141 0.055556 0.099219 0.108333
1 0.570312 0.284028 0.168750 0.440278
1 0.640625 0.620139 0.164062 0.498611
1 0.662109 0.864583 0.172656 0.270833
2 0.298047 0.783333 0.200781 0.416667
2 0.255078 0.445139 0.202344 0.379167
2 0.652344 0.245833 0.184375 0.488889
