0 0.173828 0.694444 0.342969 0.611111
0 0.213672 0.334028 0.308594 0.637500
0 0.846484 0.171528 0.230469 0.340278
0 0.878125 0.389583 0.243750 0.593056
0 0.908984 0.735417 0.182031 0.529167
1 0.549219 0.911111 0.078125 0.177778
1 0.465625 0.519444 0.070312 0.305556
1 0.426563 0.236111 0.087500 0.330556
1 0.433984 0.047222 0.069531 0.091667
1 0.617578 0.061111 0.086719 0.116667
1 0.665625 0.300000 0.164062 0.427778
1 0.731250 0.632639 0.150000 0.487500
1 0.784766 0.870833 0.175781 0.258333
2 0.416016 0.769444 0.253906 0.430556
2 0.352734 0.440278 0.208594 0.338889
2 0.747266 0.255556 0.189844 0.505556
