0 0.249219 0.743056 0.346875 0.513889
0 0.303125 0.430556 0.278125 0.608333
0 0.074609 0.276389 0.147656 0.361111
0 0.344141 0.184028 0.222656 0.365278
0 0.905469 0.200000 0.189062 0.394444
0 0.918750 0.462500 0.162500 0.588889
0 0.957031 0.781250 0.085938 0.437500
1 0.617188 0.885417 0.104688 0.229167
1 0.542969 0.557639 0.070312 0.237500
1 0.505078 0.315278 0.086719 0.319444
1 0.507812 0.088194 0.070312 0.173611
1 0.688281 0.098611 0.107813 0.194444
1 0.743750 0.370139 0.170313 0.456944
1 0.824219 0.697222 0.167187 0.505556
1 0.896484 0.906944 0.117969 0.186111
1 0.028516 0.052083 0.055469 0.101389
2 0.534375 0.806250 0.217188 0.387500
2 0.436328 0.538194 0.207031 0.354167
2 0.825781 0.305556 0.200000 0.530556
