0 0.129297 0.686806 0.257031 0.626389
0 0.147266 0.315278 0.286719 0.583333
0 0.287500 0.151389 0.050000 0.300000
0 0.770703 0.184722 0.224219 0.366667
0 0.830078 0.427778 0.297656 0.561111
0 0.867969 0.743750 0.264062 0.512500
1 0.439063 0.878472 0.079687 0.215278
1 0.390625 0.552083 0.082812 0.356944
1 0.353906 0.240278 0.101562 0.341667
1 0.365625 0.048611 0.073438 0.094444
1 0.553125 0.069444 0.101562 0.136111
1 0.593750 0.344444 0.176563 0.400000
1 0.633984 0.672222 0.197656 0.491667
1 0.692187 0.879167 0.117188 0.241667
2 0.304688 0.795139 0.210938 0.384722
2 0.275391 0.451389 0.199219 0.402778
2 0.655469 0.200000 0.150000 0.397222
