0 0.200000 0.747222 0.345313 0.505556
0 0.245703 0.419444 0.283594 0.588889
0 0.287500 0.193750 0.229687 0.376389
0 0.854297 0.195833 0.224219 0.388889
0 0.887891 0.436806 0.224219 0.604167
0 0.926953 0.756250 0.146094 0.487500
1 0.551172 0.892361 0.100781 0.215278
1 0.493359 0.640972 0.069531 0.390278
1 0.449219 0.322917 0.081250 0.326389
1 0.446484 0.088889 0.069531 0.175000
1 0.626563 0.093750 0.100000 0.184722
1 0.685937 0.365972 0.167187 0.440278
1 0.768750 0.688194 0.165625 0.509722
1 0.835156 0.900000 0.121875 0.200000
2 0.425391 0.839583 0.239844 0.320833
2 0.387500 0.545833 0.189062 0.413889
2 0.764453 0.290972 0.185156 0.523611
