0 0.163672 0.719444 0.325781 0.561111
0 0.203906 0.382639 0.303125 0.620833
0 0.252344 0.172917 0.248438 0.343056
0 0.819922 0.202778 0.217969 0.402778
0 0.872656 0.461806 0.254688 0.584722
0 0.902344 0.754167 0.195312 0.491667
2 0.431250 0.772917 0.189062 0.404167
2 0.344531 0.512500 0.192188 0.361111
2 0.708984 0.214583 0.122656 0.420833
1 0.534766 0.886806 0.072656 0.226389
1 0.462891 0.538889 0.064844 0.227778
1 0.424219 0.295139 0.089063 0.312500
1 0.428906 0.086111 0.073438 0.169444
1 0.616406 0.095833 0.089063 0.188889
1 0.661328 0.377083 0.166406 0.406944
1 0.704297 0.724306 0.202344 0.495833
1 0.752344 0.909028 0.087500 0.181944
