0 0.166797 0.702778 0.332031 0.594444
0 0.201953 0.343056 0.300781 0.630556
0 0.237500 0.154167 0.260937 0.305556
0 0.831250 0.173611 0.232813 0.344444
0 0.873047 0.395139 0.253906 0.609722
0 0.909375 0.718750 0.181250 0.562500
1 0.510547 0.889583 0.072656 0.220833
1 0.455859 0.550694 0.067969 0.348611
1 0.416797 0.246528 0.082031 0.323611
1 0.417969 0.052083 0.070312 0.101389
1 0.597656 0.061111 0.098437 0.119444
1 0.652734 0.311806 0.172656 0.431944
1 0.729688 0.642361 0.164062 0.490278
1 0.764453 0.874306 0.167969 0.251389
2 0.376953 0.822917 0.242969 0.354167
2 0.341797 0.481250 0.203906 0.381944
2 0.732812 0.255556 0.187500 0.505556
