0 0.174609 0.677778 0.347656 0.602778
0 0.234766 0.329167 0.282031 0.633333
0 0.388281 0.138889 0.029687 0.275000
0 0.860156 0.174306 0.234375 0.345833
0 0.887109 0.405556 0.225781 0.591667
0 0.913281 0.740278 0.173437 0.519444
1 0.565234 0.919444 0.060156 0.161111
1 0.481641 0.525000 0.061719 0.330556
1 0.451172 0.236111 0.082031 0.333333
1 0.450000 0.048611 0.068750 0.094444
1 0.632422 0.059722 0.097656 0.116667
1 0.677344 0.309028 0.181250 0.434722
1 0.741797 0.638889 0.158594 0.486111
1 0.778516 0.876389 0.171094 0.247222
2 0.437891 0.770139 0.217969 0.429167
2 0.363672 0.437500 0.202344 0.350000
2 0.760938 0.261111 0.200000 0.516667
