0 0.200781 0.667361 0.375000 0.637500
0 0.272656 0.307639 0.292187 0.604167
0 0.053516 0.140278 0.103906 0.277778
0 0.426563 0.134028 0.039062 0.265278
0 0.892969 0.173611 0.214062 0.344444
0 0.902734 0.421528 0.194531 0.579167
0 0.928516 0.751389 0.142969 0.497222
1 0.472656 0.585417 0.145313 0.493056
1 0.487891 0.213194 0.080469 0.329167
1 0.492188 0.036111 0.067187 0.069444
1 0.677734 0.050694 0.097656 0.098611
1 0.705469 0.299306 0.171875 0.440278
1 0.771094 0.636806 0.165625 0.481944
1 0.803906 0.881250 0.175000 0.237500
2 0.556250 0.806250 0.257812 0.387500
2 0.396484 0.437500 0.194531 0.405556
2 0.804297 0.251389 0.197656 0.500000
