0 0.155859 0.724306 0.310156 0.551389
0 0.188281 0.431250 0.295312 0.626389
0 0.244141 0.183333 0.238281 0.361111
0 0.871484 0.517361 0.257031 0.543056
0 0.899609 0.781944 0.200781 0.436111
0 0.835156 0.219444 0.231250 0.433333
2 0.413281 0.848611 0.184375 0.300000
2 0.328516 0.535417 0.205469 0.359722
2 0.661328 0.379167 0.200781 0.755556
1 0.442578 0.597222 0.088281 0.283333
1 0.404687 0.329167 0.104688 0.322222
1 0.684766 0.745833 0.194531 0.497222
1 0.749609 0.927778 0.086719 0.144444
1 0.600781 0.105556 0.098437 0.205556
1 0.417187 0.098611 0.070312 0.191667
