0 0.194531 0.669444 0.354687 0.630556
0 0.258984 0.309722 0.297656 0.602778
0 0.036328 0.140972 0.071094 0.279167
0 0.418359 0.129861 0.032031 0.256944
0 0.889453 0.180556 0.221094 0.358333
0 0.896484 0.420833 0.207031 0.588889
0 0.922656 0.759722 0.154688 0.480556
1 0.582812 0.920139 0.048438 0.159722
1 0.500000 0.501389 0.078125 0.305556
1 0.477344 0.220139 0.084375 0.329167
1 0.484766 0.038889 0.069531 0.075000
1 0.664844 0.054167 0.093750 0.105556
1 0.702344 0.302778 0.182812 0.425000
1 0.767969 0.643056 0.171875 0.494444
1 0.795703 0.881944 0.167969 0.236111
2 0.464062 0.794444 0.207813 0.388889
2 0.389062 0.428472 0.198437 0.368056
2 0.798047 0.261806 0.205469 0.495833
