0 0.345313 0.703472 0.353125 0.593056
0 0.058594 0.723611 0.115625 0.552778
0 0.118359 0.258333 0.185156 0.377778
0 0.385156 0.352778 0.279687 0.591667
0 0.399609 0.149306 0.255469 0.295833
0 0.946875 0.115972 0.106250 0.229167
0 0.961719 0.284028 0.076563 0.501389
1 0.044141 0.444444 0.083594 0.113889
1 0.065625 0.290972 0.125000 0.301389
1 0.058203 0.077083 0.114844 0.151389
1 0.621094 0.522917 0.076563 0.393056
1 0.705469 0.831944 0.092188 0.336111
1 0.568359 0.210417 0.086719 0.345833
1 0.570703 0.028472 0.074219 0.054167
1 0.746875 0.022222 0.060937 0.041667
1 0.828125 0.231250 0.176563 0.459722
1 0.917969 0.539583 0.164062 0.534722
1 0.942969 0.824306 0.114062 0.351389
2 0.604688 0.776389 0.223438 0.433333
2 0.519141 0.430556 0.191406 0.372222
2 0.883594 0.204167 0.170313 0.405556
