0 0.304297 0.723611 0.341406 0.552778
0 0.035937 0.610417 0.068750 0.484722
0 0.137891 0.204861 0.142969 0.351389
0 0.380859 0.382639 0.280469 0.556944
0 0.438281 0.172917 0.218750 0.334722
0 0.954297 0.236111 0.091406 0.469444
0 0.959766 0.550694 0.080469 0.590278
1 0.038281 0.345833 0.075000 0.111111
1 0.071875 0.207639 0.109375 0.293056
1 0.648047 0.897222 0.082031 0.205556
1 0.612500 0.645833 0.067187 0.400000
1 0.596484 0.324306 0.083594 0.337500
1 0.600000 0.091667 0.067187 0.180556
1 0.793359 0.114583 0.117969 0.226389
1 0.816797 0.411111 0.177344 0.436111
1 0.883984 0.756250 0.172656 0.484722
1 0.930469 0.947222 0.070312 0.105556
2 0.558594 0.809722 0.192188 0.380556
2 0.510938 0.521528 0.181250 0.406944
2 0.908594 0.367361 0.182812 0.540278
