0 0.119922 0.697917 0.238281 0.604167
0 0.127734 0.321528 0.252344 0.631944
0 0.200000 0.147917 0.157812 0.293056
0 0.739062 0.179167 0.228125 0.355556
0 0.792578 0.409028 0.294531 0.581944
0 0.858203 0.729167 0.283594 0.541667
1 0.416797 0.866667 0.089844 0.194444
1 0.368359 0.550694 0.080469 0.348611
1 0.324219 0.251389 0.103125 0.350000
1 0.330859 0.052778 0.075781 0.102778
1 0.511328 0.071528 0.083594 0.140278
1 0.572266 0.313889 0.172656 0.436111
1 0.612109 0.656250 0.189844 0.487500
1 0.675781 0.867361 0.153125 0.265278
2 0.271875 0.802778 0.242188 0.369444
2 0.242188 0.473611 0.195312 0.388889
2 0.633594 0.257639 0.179688 0.512500
