0 0.119922 0.686806 0.238281 0.618056
0 0.134766 0.302778 0.264844 0.594444
0 0.269922 0.156250 0.050781 0.309722
0 0.746484 0.181250 0.235156 0.359722
0 0.804297 0.423611 0.285156 0.566667
0 0.863281 0.729167 0.273438 0.541667
1 0.423828 0.868750 0.082031 0.206944
1 0.373047 0.558333 0.085156 0.405556
1 0.336328 0.226389 0.094531 0.336111
1 0.342187 0.047222 0.075000 0.091667
1 0.523438 0.063194 0.081250 0.123611
1 0.575781 0.326389 0.173437 0.422222
1 0.616406 0.663194 0.193750 0.487500
1 0.682422 0.876389 0.127344 0.244444
2 0.273438 0.791667 0.246875 0.391667
2 0.252734 0.447917 0.207031 0.379167
2 0.630469 0.184722 0.146875 0.366667
