0 0.193359 0.670833 0.350781 0.630556
0 0.262500 0.310417 0.290625 0.593056
0 0.028125 0.144444 0.054688 0.277778
0 0.420312 0.134028 0.034375 0.265278
0 0.889844 0.181944 0.220312 0.361111
0 0.895703 0.428472 0.208594 0.587500
0 0.922266 0.751389 0.155469 0.497222
1 0.571484 0.913889 0.067969 0.172222
1 0.494922 0.490972 0.080469 0.281944
1 0.473438 0.222917 0.087500 0.329167
1 0.481641 0.040278 0.069531 0.077778
1 0.662891 0.059028 0.097656 0.115278
1 0.692969 0.311806 0.167187 0.443056
1 0.765625 0.647917 0.167187 0.493056
1 0.796875 0.884722 0.154688 0.230556
2 0.441797 0.799306 0.246094 0.379167
2 0.387891 0.441667 0.200781 0.397222
2 0.792969 0.263889 0.215625 0.494444
