0 0.156250 0.729861 0.309375 0.540278
0 0.185547 0.401389 0.310156 0.630556
0 0.232031 0.175694 0.246875 0.343056
0 0.814844 0.208333 0.248438 0.413889
0 0.870313 0.450694 0.259375 0.606944
0 0.897656 0.745139 0.204687 0.509722
2 0.396875 0.841667 0.235937 0.288889
2 0.324609 0.525694 0.203906 0.359722
2 0.680078 0.204167 0.125781 0.405556
1 0.521484 0.886806 0.071094 0.226389
1 0.445312 0.595139 0.070312 0.323611
1 0.401562 0.307639 0.101562 0.345833
1 0.750781 0.901389 0.078125 0.197222
1 0.692187 0.711806 0.193750 0.498611
1 0.644531 0.379167 0.164062 0.425000
1 0.408984 0.082639 0.067969 0.162500
1 0.595313 0.097222 0.081250 0.191667
