0 0.228906 0.750694 0.335938 0.498611
0 0.270313 0.447222 0.281250 0.619444
0 0.313672 0.190972 0.232031 0.379167
0 0.036719 0.315972 0.070312 0.351389
0 0.875000 0.200000 0.206250 0.397222
0 0.903516 0.457639 0.192969 0.581944
0 0.941797 0.775694 0.116406 0.448611
1 0.481250 0.659722 0.140625 0.402778
1 0.476953 0.329861 0.078906 0.323611
1 0.472266 0.094444 0.075781 0.186111
1 0.659375 0.100694 0.106250 0.198611
1 0.721875 0.376389 0.178125 0.433333
1 0.798828 0.700000 0.172656 0.513889
1 0.860547 0.909028 0.117969 0.181944
2 0.553906 0.815972 0.235937 0.368056
2 0.412500 0.554167 0.187500 0.425000
2 0.792969 0.307639 0.187500 0.526389
