0 0.288281 0.761806 0.345313 0.476389
0 0.345703 0.445139 0.261719 0.593056
0 0.099609 0.309722 0.183594 0.344444
0 0.034375 0.722917 0.067187 0.429167
0 0.379688 0.182639 0.209375 0.359722
0 0.920703 0.195139 0.158594 0.384722
0 0.938281 0.468750 0.123438 0.579167
0 0.980859 0.840972 0.038281 0.304167
1 0.657813 0.884722 0.107813 0.230556
1 0.577734 0.563889 0.080469 0.225000
1 0.540625 0.322917 0.084375 0.309722
1 0.537500 0.091667 0.078125 0.180556
1 0.719531 0.092361 0.103125 0.181944
1 0.784375 0.364583 0.181250 0.448611
1 0.881250 0.698611 0.198437 0.516667
1 0.936719 0.909028 0.126562 0.181944
1 0.032031 0.327083 0.062500 0.276389
1 0.049219 0.070139 0.096875 0.137500
2 0.569922 0.806250 0.222656 0.379167
2 0.469531 0.547917 0.212500 0.354167
2 0.859375 0.291667 0.196875 0.555556
