0 0.173047 0.708333 0.344531 0.583333
0 0.250781 0.362500 0.303125 0.611111
0 0.309375 0.179167 0.231250 0.352778
0 0.028906 0.161806 0.056250 0.320833
0 0.908203 0.805556 0.183594 0.388889
0 0.899609 0.560417 0.200781 0.595833
0 0.871484 0.249306 0.247656 0.493056
0 0.739844 0.034028 0.050000 0.065278
2 0.367578 0.791667 0.239844 0.380556
2 0.360938 0.511111 0.201563 0.366667
2 0.739844 0.531250 0.206250 0.556944
1 0.472656 0.918750 0.050000 0.162500
1 0.479687 0.595833 0.085938 0.305556
1 0.464453 0.329167 0.107031 0.347222
1 0.481641 0.095833 0.064844 0.188889
1 0.659766 0.119444 0.089844 0.233333
1 0.714844 0.301389 0.045312 0.111111
1 0.636719 0.732639 0.210938 0.518056
1 0.766016 0.946528 0.044531 0.106944
