0 0.180078 0.708333 0.342969 0.583333
0 0.236328 0.380556 0.292969 0.630556
0 0.282031 0.163194 0.243750 0.323611
0 0.867188 0.202083 0.215625 0.401389
0 0.887109 0.462500 0.225781 0.594444
0 0.915234 0.756944 0.169531 0.486111
1 0.527344 0.907639 0.067187 0.184722
1 0.481641 0.575694 0.067969 0.306944
1 0.450000 0.291667 0.092188 0.344444
1 0.455078 0.073611 0.071094 0.144444
1 0.632422 0.088889 0.091406 0.175000
1 0.678906 0.363889 0.182812 0.447222
1 0.747656 0.693750 0.164062 0.493056
1 0.796094 0.907639 0.112500 0.184722
2 0.410547 0.802778 0.225781 0.386111
2 0.365234 0.497222 0.202344 0.341667
2 0.764453 0.294444 0.197656 0.516667
