0 0.135547 0.688889 0.269531 0.622222
0 0.152734 0.327778 0.292969 0.627778
0 0.293750 0.154167 0.062500 0.305556
0 0.781250 0.184028 0.226562 0.365278
0 0.841797 0.430556 0.289844 0.569444
0 0.873047 0.742361 0.253906 0.515278
1 0.448047 0.881250 0.072656 0.237500
1 0.385156 0.550694 0.098437 0.384722
1 0.369141 0.255556 0.092969 0.388889
1 0.374219 0.050000 0.071875 0.097222
1 0.554297 0.071528 0.091406 0.140278
1 0.600781 0.322222 0.178125 0.436111
1 0.649219 0.672222 0.203125 0.494444
1 0.711719 0.879861 0.123438 0.240278
2 0.296094 0.800694 0.246875 0.387500
2 0.285938 0.456944 0.203125 0.397222
2 0.672266 0.246528 0.161719 0.487500
