0 0.120703 0.687500 0.239844 0.625000
0 0.131641 0.295139 0.261719 0.587500
0 0.272656 0.143056 0.025000 0.283333
0 0.739844 0.165278 0.218750 0.327778
0 0.802734 0.383333 0.280469 0.583333
0 0.862500 0.716667 0.275000 0.566667
1 0.423828 0.865278 0.074219 0.241667
1 0.365234 0.556250 0.083594 0.401389
1 0.332813 0.218056 0.092188 0.319444
1 0.335156 0.039583 0.071875 0.076389
1 0.518359 0.056944 0.096094 0.111111
1 0.573828 0.293056 0.177344 0.455556
1 0.647656 0.617361 0.170313 0.512500
1 0.673047 0.861806 0.177344 0.276389
2 0.288281 0.782639 0.217188 0.420833
2 0.255859 0.430556 0.211719 0.330556
2 0.646875 0.249306 0.184375 0.495833
