0 0.171484 0.695139 0.339844 0.609722
0 0.201172 0.333333 0.311719 0.636111
0 0.839453 0.171528 0.236719 0.340278
0 0.876172 0.386806 0.247656 0.604167
0 0.908203 0.718056 0.183594 0.563889
1 0.535937 0.902083 0.070312 0.195833
1 0.455859 0.531250 0.082031 0.337500
1 0.417969 0.233333 0.090625 0.322222
1 0.424219 0.046528 0.070312 0.090278
1 0.604688 0.056250 0.090625 0.109722
1 0.660937 0.302778 0.173437 0.447222
1 0.737891 0.626389 0.178906 0.491667
1 0.769922 0.868056 0.172656 0.263889
2 0.400000 0.768750 0.235937 0.434722
2 0.345313 0.448611 0.212500 0.350000
2 0.741016 0.254861 0.185156 0.504167
