0 0.208594 0.749306 0.343750 0.501389
0 0.256641 0.423611 0.278906 0.600000
0 0.294531 0.196528 0.235937 0.381944
0 0.868750 0.199306 0.228125 0.395833
0 0.893359 0.443750 0.213281 0.584722
0 0.933594 0.768750 0.132812 0.462500
1 0.562109 0.895139 0.097656 0.209722
1 0.499609 0.648611 0.072656 0.408333
1 0.461328 0.328472 0.074219 0.340278
1 0.459375 0.091667 0.075000 0.180556
1 0.637500 0.095139 0.103125 0.187500
1 0.697656 0.370139 0.160938 0.437500
1 0.778516 0.694444 0.161719 0.500000
1 0.854688 0.900000 0.139063 0.200000
2 0.438281 0.842361 0.225000 0.315278
2 0.399609 0.545833 0.182031 0.408333
2 0.775391 0.293750 0.185156 0.518056
