0 0.093359 0.656944 0.183594 0.658333
0 0.099609 0.299306 0.196094 0.584722
0 0.188281 0.121528 0.046875 0.240278
0 0.626563 0.131944 0.095312 0.261111
0 0.739453 0.300694 0.260156 0.590278
0 0.815625 0.672222 0.326562 0.652778
1 0.382812 0.773611 0.112500 0.313889
1 0.304688 0.419444 0.081250 0.241667
1 0.264062 0.168750 0.082812 0.334722
1 0.505469 0.233333 0.162500 0.438889
1 0.578516 0.545833 0.155469 0.469444
1 0.623047 0.824306 0.191406 0.351389
1 0.987109 0.281250 0.025781 0.106944
2 0.289062 0.741667 0.229687 0.472222
2 0.179688 0.387500 0.231250 0.361111
2 0.568750 0.213889 0.168750 0.425000
