0 0.193750 0.666667 0.375000 0.652778
0 0.274609 0.304167 0.286719 0.605556
0 0.035937 0.136806 0.070312 0.270833
0 0.423828 0.134028 0.050781 0.265278
0 0.893750 0.177778 0.212500 0.352778
0 0.901172 0.414583 0.197656 0.601389
0 0.926172 0.743056 0.147656 0.513889
1 0.462109 0.582639 0.158594 0.481944
1 0.482031 0.207639 0.087500 0.331944
1 0.489844 0.031944 0.068750 0.061111
1 0.673438 0.052083 0.101562 0.101389
1 0.709375 0.288194 0.182812 0.426389
1 0.772656 0.638194 0.167187 0.484722
1 0.798828 0.884722 0.171094 0.230556
2 0.562109 0.773611 0.224219 0.452778
2 0.392188 0.434028 0.193750 0.412500
2 0.803125 0.252083 0.200000 0.498611
