0 0.229687 0.752778 0.345313 0.494444
0 0.284766 0.446528 0.261719 0.612500
0 0.320312 0.191667 0.223438 0.372222
0 0.034375 0.313889 0.067187 0.350000
0 0.888672 0.200000 0.211719 0.397222
0 0.908203 0.472917 0.183594 0.581944
0 0.944141 0.763194 0.111719 0.473611
1 0.487109 0.652778 0.139844 0.397222
1 0.483984 0.332639 0.082031 0.340278
1 0.479687 0.097917 0.075000 0.193056
1 0.663672 0.101389 0.103906 0.200000
1 0.722266 0.375000 0.166406 0.447222
1 0.808594 0.706944 0.176563 0.513889
1 0.876172 0.912500 0.111719 0.175000
1 0.014453 0.068056 0.027344 0.133333
2 0.553906 0.815278 0.237500 0.369444
2 0.423047 0.551389 0.194531 0.402778
2 0.803906 0.310417 0.196875 0.526389
