0 0.355078 0.700694 0.363281 0.598611
0 0.068359 0.718056 0.135156 0.563889
0 0.384766 0.341667 0.285156 0.591667
0 0.128906 0.270139 0.203125 0.415278
0 0.417578 0.131944 0.230469 0.261111
0 0.956641 0.113194 0.086719 0.220833
0 0.969141 0.292361 0.061719 0.506944
1 0.050781 0.427778 0.087500 0.094444
1 0.066406 0.288194 0.106250 0.273611
1 0.061328 0.071528 0.121094 0.140278
1 0.707812 0.829167 0.106250 0.341667
1 0.633594 0.523611 0.079687 0.405556
1 0.582031 0.202083 0.090625 0.337500
1 0.580469 0.028472 0.065625 0.054167
1 0.747656 0.020833 0.043750 0.038889
1 0.838281 0.227083 0.182812 0.451389
1 0.923828 0.539583 0.152344 0.531944
1 0.945312 0.822917 0.109375 0.354167
2 0.610938 0.768056 0.215625 0.450000
2 0.528125 0.434722 0.193750 0.394444
2 0.882812 0.204167 0.151562 0.405556
