0 0.126172 0.687500 0.250781 0.625000
0 0.135937 0.302778 0.270313 0.600000
0 0.278906 0.147917 0.031250 0.293056
0 0.749219 0.167361 0.221875 0.331944
0 0.813672 0.387500 0.280469 0.575000
0 0.864453 0.712500 0.271094 0.575000
1 0.435156 0.876389 0.070312 0.247222
1 0.378516 0.524306 0.066406 0.340278
1 0.340625 0.210417 0.087500 0.304167
1 0.342969 0.039583 0.073438 0.076389
1 0.523828 0.053472 0.094531 0.104167
1 0.578125 0.300694 0.176563 0.456944
1 0.648047 0.611111 0.158594 0.497222
1 0.682031 0.862500 0.187500 0.275000
2 0.297266 0.770833 0.207031 0.433333
2 0.255078 0.435417 0.217969 0.381944
2 0.657031 0.249306 0.178125 0.495833
