0 0.125391 0.697917 0.249219 0.604167
0 0.134766 0.322222 0.266406 0.616667
0 0.233594 0.150000 0.120313 0.297222
0 0.745313 0.174306 0.220312 0.345833
0 0.807813 0.400000 0.287500 0.586111
0 0.864453 0.729167 0.271094 0.541667
1 0.428906 0.869444 0.087500 0.211111
1 0.371484 0.552778 0.086719 0.363889
1 0.337109 0.239583 0.099219 0.340278
1 0.340234 0.048611 0.077344 0.094444
1 0.517969 0.067361 0.101562 0.131944
1 0.574219 0.313889 0.168750 0.436111
1 0.623047 0.650000 0.188281 0.488889
1 0.685547 0.868750 0.163281 0.262500
2 0.283984 0.790278 0.246094 0.380556
2 0.254688 0.467361 0.201563 0.409722
2 0.616406 0.237500 0.146875 0.472222
