0 0.168750 0.729167 0.335938 0.541667
0 0.224219 0.413194 0.293750 0.623611
0 0.282031 0.179861 0.246875 0.356944
0 0.847656 0.234028 0.242188 0.465278
0 0.894922 0.534028 0.210156 0.606944
0 0.909766 0.799306 0.180469 0.401389
2 0.423828 0.874306 0.186719 0.229167
2 0.352734 0.550000 0.207031 0.408333
2 0.728516 0.654861 0.225781 0.604167
1 0.439063 0.624306 0.145313 0.334722
1 0.442969 0.325000 0.103125 0.333333
1 0.458984 0.093750 0.064844 0.181944
1 0.630469 0.112500 0.093750 0.222222
1 0.703516 0.337500 0.067969 0.225000
1 0.638281 0.739583 0.179688 0.520833
1 0.765625 0.936111 0.073438 0.127778
