0 0.241016 0.752778 0.349219 0.494444
0 0.296484 0.435417 0.267969 0.587500
0 0.052344 0.316667 0.103125 0.352778
0 0.326172 0.185417 0.222656 0.368056
0 0.896484 0.205556 0.207031 0.408333
0 0.912500 0.478472 0.175000 0.568056
0 0.953125 0.777083 0.093750 0.445833
1 0.494922 0.654861 0.146094 0.406944
1 0.019922 0.065972 0.038281 0.129167
1 0.495703 0.336806 0.080469 0.326389
1 0.489453 0.098611 0.077344 0.194444
1 0.674219 0.099306 0.098437 0.195833
1 0.731641 0.381250 0.178906 0.445833
1 0.812500 0.712500 0.167187 0.508333
1 0.882031 0.911111 0.112500 0.177778
2 0.568750 0.812500 0.231250 0.375000
2 0.434375 0.554167 0.181250 0.416667
2 0.806641 0.313889 0.194531 0.519444
