0 0.268359 0.756250 0.339844 0.487500
0 0.321094 0.443750 0.267188 0.598611
0 0.360547 0.186111 0.211719 0.369444
0 0.071094 0.313889 0.140625 0.344444
0 0.908594 0.202778 0.182812 0.391667
0 0.925781 0.459028 0.148438 0.595833
0 0.963281 0.781944 0.073438 0.436111
1 0.637891 0.888889 0.103906 0.222222
1 0.553906 0.565278 0.076563 0.227778
1 0.514453 0.327083 0.083594 0.323611
1 0.512891 0.095139 0.077344 0.187500
1 0.700000 0.102083 0.109375 0.201389
1 0.760938 0.375694 0.184375 0.434722
1 0.840234 0.703472 0.175781 0.515278
1 0.910156 0.912500 0.112500 0.175000
1 0.036719 0.063889 0.071875 0.125000
2 0.542969 0.813889 0.218750 0.372222
2 0.446484 0.556250 0.208594 0.351389
2 0.833984 0.313194 0.196094 0.537500
