0 0.241406 0.757639 0.356250 0.484722
0 0.294141 0.442361 0.271094 0.590278
0 0.321484 0.187500 0.232031 0.372222
0 0.044141 0.333333 0.085156 0.350000
0 0.883984 0.185417 0.213281 0.368056
0 0.910547 0.420833 0.178906 0.602778
0 0.951172 0.756250 0.097656 0.487500
1 0.014453 0.086111 0.027344 0.130556
1 0.634375 0.878472 0.076563 0.215278
1 0.500000 0.644444 0.137500 0.394444
1 0.488281 0.324306 0.090625 0.326389
1 0.485156 0.094444 0.076563 0.186111
1 0.660937 0.091667 0.100000 0.180556
1 0.732031 0.354167 0.173437 0.438889
1 0.817578 0.679167 0.166406 0.505556
1 0.891016 0.892361 0.117969 0.215278
2 0.561328 0.822222 0.221094 0.355556
2 0.430859 0.542361 0.196094 0.406944
2 0.799219 0.280556 0.184375 0.519444
