0 0.294531 0.754167 0.320312 0.491667
0 0.344141 0.463889 0.264844 0.605556
0 0.382422 0.199306 0.221094 0.395833
0 0.087891 0.322222 0.147656 0.347222
0 0.921094 0.221528 0.157812 0.437500
0 0.940234 0.511111 0.119531 0.591667
0 0.976562 0.856944 0.046875 0.286111
1 0.047656 0.081944 0.093750 0.161111
1 0.083203 0.041667 0.075781 0.080556
1 0.037891 0.340278 0.074219 0.294444
1 0.655078 0.905556 0.107031 0.188889
1 0.574219 0.600694 0.082812 0.240278
1 0.538672 0.361806 0.083594 0.323611
1 0.541797 0.109028 0.074219 0.215278
1 0.723828 0.118750 0.114844 0.234722
1 0.784766 0.410417 0.182031 0.434722
1 0.866406 0.744444 0.176563 0.500000
1 0.911328 0.936806 0.055469 0.126389
2 0.558594 0.831250 0.203125 0.337500
2 0.468750 0.574306 0.206250 0.343056
2 0.868750 0.344444 0.203125 0.536111
