0 0.125781 0.709028 0.250000 0.581944
0 0.139453 0.325000 0.269531 0.644444
0 0.267188 0.150694 0.070312 0.298611
0 0.750000 0.178472 0.214062 0.354167
0 0.819531 0.406944 0.301563 0.577778
0 0.869141 0.728472 0.261719 0.543056
1 0.440234 0.880556 0.072656 0.230556
1 0.377734 0.570833 0.083594 0.405556
1 0.344141 0.244444 0.089844 0.344444
1 0.350000 0.052778 0.073438 0.102778
1 0.528906 0.064583 0.092188 0.126389
1 0.587500 0.317361 0.171875 0.440278
1 0.630859 0.655556 0.197656 0.483333
1 0.694531 0.858333 0.128125 0.283333
2 0.291406 0.804167 0.245312 0.380556
2 0.264844 0.463194 0.201563 0.393056
2 0.653516 0.252778 0.164844 0.500000
