0 0.270703 0.768750 0.338281 0.462500
0 0.313672 0.471528 0.267969 0.590278
0 0.345703 0.204167 0.225781 0.397222
0 0.067578 0.351389 0.130469 0.358333
0 0.903125 0.206944 0.189062 0.411111
0 0.921094 0.477083 0.157812 0.606944
0 0.963281 0.784722 0.073438 0.430556
1 0.032422 0.085417 0.063281 0.165278
1 0.509375 0.361806 0.087500 0.323611
1 0.540234 0.600694 0.092969 0.243056
1 0.632812 0.903472 0.106250 0.193056
1 0.505469 0.106944 0.076563 0.208333
1 0.687891 0.109028 0.105469 0.215278
1 0.753906 0.396528 0.176563 0.443056
1 0.841016 0.721528 0.174219 0.512500
1 0.903906 0.918056 0.101562 0.163889
2 0.550000 0.829861 0.217188 0.340278
2 0.440234 0.590972 0.213281 0.359722
2 0.827344 0.327778 0.193750 0.527778
