0 0.158203 0.725000 0.314844 0.550000
0 0.197656 0.411806 0.278125 0.629167
0 0.228906 0.175694 0.254688 0.348611
0 0.800000 0.197222 0.210938 0.391667
0 0.865625 0.465278 0.268750 0.588889
0 0.895703 0.760417 0.208594 0.479167
2 0.592969 0.891667 0.254688 0.216667
2 0.319531 0.541667 0.203125 0.416667
2 0.662109 0.290972 0.228906 0.579167
1 0.403516 0.693056 0.160156 0.500000
1 0.416016 0.291667 0.082031 0.272222
1 0.410156 0.087500 0.068750 0.172222
1 0.566797 0.378472 0.177344 0.470833
1 0.689063 0.656944 0.179688 0.361111
1 0.758594 0.903472 0.075000 0.193056
1 0.588281 0.055556 0.087500 0.108333
