0 0.175000 0.704861 0.348438 0.590278
0 0.217969 0.372222 0.300000 0.644444
0 0.255078 0.161806 0.260156 0.320833
0 0.850000 0.187500 0.237500 0.372222
0 0.882031 0.426389 0.235937 0.602778
0 0.915234 0.733333 0.164844 0.530556
1 0.791797 0.891667 0.114844 0.216667
1 0.741016 0.669444 0.175781 0.500000
1 0.671484 0.343056 0.183594 0.452778
1 0.468359 0.567361 0.072656 0.329167
1 0.428516 0.265278 0.088281 0.319444
1 0.434375 0.062500 0.070312 0.122222
1 0.616797 0.073611 0.096094 0.144444
2 0.460156 0.822222 0.214062 0.338889
2 0.351172 0.497917 0.197656 0.393056
2 0.748828 0.276389 0.186719 0.527778
