0 0.096875 0.627778 0.190625 0.702778
0 0.112891 0.273611 0.224219 0.541667
0 0.222656 0.097917 0.042188 0.193056
0 0.707422 0.135417 0.202344 0.268056
0 0.755078 0.343750 0.286719 0.548611
0 0.827344 0.700694 0.331250 0.598611
1 0.390234 0.761111 0.103906 0.316667
1 0.314844 0.422222 0.100000 0.311111
1 0.289062 0.150694 0.098437 0.298611
1 0.527344 0.221528 0.167187 0.431944
1 0.588672 0.549306 0.158594 0.473611
1 0.614844 0.828472 0.187500 0.340278
1 0.964844 0.042361 0.070312 0.081944
2 0.293750 0.723611 0.225000 0.516667
2 0.206250 0.341667 0.228125 0.386111
2 0.607812 0.211111 0.192188 0.416667
