0 0.119922 0.686806 0.238281 0.626389
0 0.129688 0.298611 0.257812 0.594444
0 0.269922 0.147222 0.035156 0.291667
0 0.742578 0.164583 0.227344 0.326389
0 0.810547 0.381250 0.288281 0.581944
0 0.869531 0.718750 0.260937 0.562500
1 0.422266 0.859722 0.082031 0.230556
1 0.367188 0.554167 0.087500 0.394444
1 0.332813 0.212500 0.092188 0.316667
1 0.334766 0.040278 0.074219 0.077778
1 0.516016 0.053472 0.089844 0.104167
1 0.573047 0.293750 0.177344 0.443056
1 0.640625 0.611111 0.164062 0.480556
1 0.682422 0.863889 0.164844 0.272222
2 0.287109 0.775694 0.227344 0.409722
2 0.249219 0.440278 0.215625 0.375000
2 0.644922 0.248611 0.174219 0.494444
