0 0.219531 0.738889 0.357812 0.522222
0 0.277734 0.398611 0.277344 0.591667
0 0.316016 0.184028 0.236719 0.365278
0 0.038672 0.275694 0.072656 0.356944
0 0.890625 0.190278 0.218750 0.375000
0 0.904297 0.438194 0.191406 0.606944
0 0.943750 0.759722 0.112500 0.480556
1 0.580078 0.885417 0.094531 0.229167
1 0.520312 0.620139 0.068750 0.387500
1 0.478516 0.308333 0.085156 0.341667
1 0.479687 0.080556 0.073438 0.158333
1 0.660547 0.086806 0.102344 0.170833
1 0.721094 0.354167 0.179688 0.447222
1 0.800391 0.673611 0.167969 0.511111
1 0.873437 0.895833 0.135937 0.208333
2 0.489453 0.802083 0.200781 0.395833
2 0.421484 0.511111 0.183594 0.383333
2 0.794141 0.288889 0.197656 0.538889
