0 0.186719 0.672222 0.357812 0.616667
0 0.248438 0.323611 0.301563 0.616667
0 0.028906 0.151389 0.056250 0.300000
0 0.401562 0.138889 0.042188 0.275000
0 0.885938 0.182639 0.228125 0.362500
0 0.890625 0.429167 0.218750 0.597222
0 0.919922 0.740278 0.160156 0.519444
1 0.567969 0.916667 0.068750 0.166667
1 0.491797 0.506250 0.075781 0.298611
1 0.466797 0.227778 0.082031 0.327778
1 0.471875 0.041667 0.068750 0.080556
1 0.653516 0.060417 0.094531 0.118056
1 0.688672 0.315972 0.169531 0.445833
1 0.764062 0.646528 0.179688 0.490278
1 0.790234 0.883333 0.166406 0.233333
2 0.459375 0.800000 0.207813 0.375000
2 0.378516 0.445833 0.200781 0.388889
2 0.786328 0.261111 0.202344 0.491667
