0 0.187109 0.670139 0.363281 0.631944
0 0.263672 0.310417 0.288281 0.606944
0 0.029687 0.150000 0.057813 0.297222
0 0.889062 0.181250 0.221875 0.356944
0 0.894531 0.427778 0.210938 0.594444
0 0.918359 0.757639 0.163281 0.484722
1 0.570312 0.919444 0.062500 0.161111
1 0.491016 0.497917 0.082031 0.284722
1 0.467187 0.231250 0.090625 0.340278
1 0.476953 0.039583 0.069531 0.076389
1 0.658984 0.056944 0.099219 0.111111
1 0.687891 0.309028 0.167969 0.437500
1 0.759766 0.644444 0.167969 0.486111
1 0.790625 0.884722 0.156250 0.230556
2 0.446875 0.801389 0.234375 0.383333
2 0.379297 0.443056 0.203906 0.394444
2 0.788281 0.263889 0.204687 0.488889
