0 0.130469 0.695833 0.257812 0.608333
0 0.141797 0.334722 0.282031 0.622222
0 0.185938 0.150694 0.239063 0.298611
0 0.757422 0.188194 0.213281 0.373611
0 0.830859 0.417361 0.285156 0.581944
0 0.871875 0.735417 0.256250 0.529167
1 0.439844 0.886806 0.065625 0.198611
1 0.386719 0.563889 0.082812 0.352778
1 0.353516 0.236806 0.094531 0.293056
1 0.358984 0.059028 0.072656 0.115278
1 0.540625 0.070139 0.079687 0.137500
1 0.592187 0.331944 0.181250 0.427778
1 0.638281 0.672222 0.203125 0.494444
1 0.697266 0.878472 0.105469 0.243056
2 0.298047 0.800694 0.244531 0.373611
2 0.267578 0.483333 0.210156 0.377778
2 0.660156 0.239583 0.140625 0.354167
