0 0.098828 0.618750 0.194531 0.698611
0 0.112891 0.271528 0.224219 0.540278
0 0.221094 0.097917 0.046875 0.193056
0 0.693750 0.136111 0.200000 0.266667
0 0.758203 0.345139 0.285156 0.551389
0 0.826953 0.702083 0.330469 0.579167
1 0.387891 0.756250 0.108594 0.320833
1 0.324609 0.420833 0.074219 0.302778
1 0.296484 0.152778 0.089844 0.302778
1 0.524609 0.216667 0.166406 0.416667
1 0.585547 0.545833 0.152344 0.466667
1 0.611328 0.832639 0.180469 0.331944
1 0.961719 0.045833 0.076563 0.088889
2 0.287891 0.725694 0.224219 0.531944
2 0.203516 0.336111 0.225781 0.380556
2 0.608203 0.206250 0.189844 0.409722
