0 0.169531 0.713194 0.335938 0.573611
0 0.217969 0.371528 0.307812 0.606944
0 0.263672 0.171528 0.249219 0.340278
0 0.852734 0.195139 0.235156 0.387500
0 0.880859 0.438889 0.238281 0.608333
0 0.910156 0.745833 0.179688 0.508333
1 0.514453 0.902083 0.082031 0.195833
1 0.468750 0.602778 0.075000 0.388889
1 0.438672 0.283333 0.085156 0.341667
1 0.440625 0.068056 0.073438 0.133333
1 0.619922 0.084028 0.096094 0.165278
1 0.671484 0.350694 0.185156 0.440278
1 0.743750 0.678472 0.175000 0.498611
1 0.798047 0.891667 0.122656 0.216667
2 0.386328 0.822222 0.224219 0.347222
2 0.355078 0.504167 0.199219 0.372222
2 0.747266 0.285417 0.197656 0.523611
