0 0.149219 0.725694 0.296875 0.548611
0 0.162500 0.368056 0.323437 0.597222
0 0.209375 0.164583 0.262500 0.326389
0 0.798828 0.184722 0.233594 0.366667
0 0.857422 0.411806 0.277344 0.598611
0 0.890625 0.725694 0.218750 0.548611
1 0.484766 0.903472 0.066406 0.193056
1 0.425391 0.603472 0.075781 0.387500
1 0.389062 0.281944 0.081250 0.336111
1 0.389453 0.071528 0.074219 0.140278
1 0.567187 0.078472 0.084375 0.154167
1 0.626172 0.338889 0.178906 0.452778
1 0.695703 0.656250 0.153906 0.493056
1 0.758594 0.879861 0.142187 0.240278
2 0.360938 0.794444 0.220312 0.388889
2 0.308594 0.500694 0.215625 0.362500
2 0.698047 0.270833 0.185156 0.527778
