0 0.124219 0.695833 0.246875 0.608333
0 0.139063 0.316667 0.270313 0.619444
0 0.256250 0.152778 0.082812 0.302778
0 0.751563 0.177083 0.240625 0.351389
0 0.808984 0.407639 0.288281 0.590278
0 0.862500 0.729167 0.275000 0.541667
1 0.428125 0.868750 0.081250 0.231944
1 0.373047 0.556250 0.089844 0.384722
1 0.339844 0.236111 0.090625 0.344444
1 0.344922 0.049306 0.071094 0.095833
1 0.524219 0.063889 0.093750 0.125000
1 0.573438 0.319444 0.175000 0.427778
1 0.641797 0.640278 0.161719 0.488889
1 0.684766 0.872222 0.166406 0.255556
2 0.285547 0.807639 0.235156 0.381944
2 0.260937 0.468056 0.207813 0.402778
2 0.611719 0.259028 0.139063 0.515278
