0 0.201563 0.746528 0.348438 0.506944
0 0.251953 0.411806 0.272656 0.581944
0 0.283984 0.188194 0.232031 0.370833
0 0.027344 0.300000 0.051562 0.350000
0 0.862500 0.196528 0.235937 0.387500
0 0.889453 0.449306 0.221094 0.579167
0 0.926172 0.750000 0.147656 0.500000
1 0.553516 0.893056 0.097656 0.213889
1 0.483203 0.634028 0.091406 0.376389
1 0.452734 0.322222 0.088281 0.327778
1 0.453125 0.091667 0.078125 0.180556
1 0.630859 0.093750 0.105469 0.184722
1 0.688672 0.369444 0.166406 0.436111
1 0.776172 0.691667 0.177344 0.494444
1 0.842187 0.900694 0.140625 0.198611
2 0.424219 0.829861 0.245312 0.329167
2 0.392188 0.546528 0.189062 0.406944
2 0.766406 0.296528 0.196875 0.520833
