0 0.092188 0.680556 0.182812 0.638889
0 0.124219 0.431944 0.246875 0.716667
0 0.135547 0.215278 0.269531 0.425000
0 0.308594 0.049306 0.035937 0.095833
0 0.774219 0.212500 0.256250 0.419444
0 0.843750 0.413889 0.312500 0.613889
0 0.889062 0.699306 0.221875 0.601389
1 0.257031 0.890278 0.068750 0.219444
1 0.287500 0.715278 0.196875 0.566667
1 0.345703 0.463889 0.194531 0.500000
1 0.350391 0.129861 0.086719 0.256944
1 0.360156 0.106250 0.084375 0.209722
1 0.386328 0.075694 0.030469 0.118056
1 0.547656 0.162500 0.078125 0.322222
1 0.536328 0.160417 0.027344 0.090278
1 0.528125 0.062500 0.037500 0.122222
1 0.604297 0.456250 0.191406 0.498611
1 0.644922 0.587500 0.169531 0.405556
1 0.550391 0.904167 0.077344 0.191667
