0 0.102344 0.681944 0.203125 0.636111
0 0.137109 0.443056 0.272656 0.719444
0 0.150781 0.224306 0.300000 0.445833
0 0.896094 0.695833 0.207813 0.608333
0 0.855469 0.460417 0.289062 0.659722
0 0.796875 0.229861 0.270313 0.440278
1 0.428516 0.913194 0.224219 0.173611
1 0.296484 0.720833 0.196094 0.547222
1 0.351953 0.457639 0.188281 0.454167
1 0.378516 0.184722 0.089844 0.180556
1 0.367578 0.096528 0.053906 0.104167
1 0.574609 0.091667 0.058594 0.180556
1 0.551953 0.081944 0.032031 0.113889
1 0.646875 0.536806 0.068750 0.240278
1 0.682422 0.772222 0.191406 0.341667
1 0.722656 0.938194 0.162500 0.123611
2 0.487109 0.500000 0.282031 0.997222
2 0.319922 0.302778 0.177344 0.486111
2 0.644141 0.334722 0.153906 0.650000
