0 0.103906 0.678472 0.206250 0.643056
0 0.139063 0.440278 0.276562 0.722222
0 0.151953 0.225694 0.302344 0.445833
0 0.337500 0.061111 0.043750 0.119444
0 0.639453 0.069444 0.050781 0.136111
0 0.796875 0.236111 0.257812 0.463889
0 0.855078 0.479167 0.289844 0.647222
0 0.898828 0.727083 0.202344 0.545833
1 0.449609 0.914583 0.058594 0.170833
1 0.728906 0.945139 0.178125 0.109722
1 0.664844 0.721528 0.226562 0.545833
1 0.645703 0.474306 0.189844 0.412500
1 0.607812 0.188194 0.128125 0.359722
1 0.592578 0.118056 0.071094 0.233333
1 0.564844 0.090278 0.042188 0.116667
1 0.290234 0.658333 0.167969 0.419444
1 0.374219 0.490278 0.179688 0.497222
1 0.383594 0.141667 0.087500 0.280556
1 0.395313 0.118056 0.085938 0.225000
1 0.417969 0.103472 0.031250 0.109722
2 0.325000 0.302083 0.179688 0.470833
2 0.316406 0.764583 0.271875 0.470833
