0 0.158984 0.708333 0.316406 0.583333
0 0.160156 0.352083 0.318750 0.643056
0 0.168750 0.153472 0.296875 0.304167
0 0.773438 0.132639 0.240625 0.259722
0 0.841016 0.303472 0.303906 0.556944
0 0.884766 0.681944 0.230469 0.636111
1 0.569141 0.806944 0.088281 0.191667
1 0.378125 0.575000 0.137500 0.458333
1 0.358203 0.225694 0.094531 0.340278
1 0.353516 0.040278 0.075781 0.077778
1 0.540234 0.037500 0.082031 0.072222
1 0.605469 0.259722 0.162500 0.452778
1 0.695703 0.554861 0.164844 0.493056
1 0.758203 0.826389 0.211719 0.347222
2 0.494531 0.812500 0.284375 0.375000
2 0.304297 0.476389 0.208594 0.447222
2 0.652344 0.220139 0.151562 0.437500
