0 0.104688 0.677778 0.207813 0.644444
0 0.132422 0.431944 0.263281 0.713889
0 0.151562 0.222222 0.300000 0.441667
0 0.342969 0.059722 0.034375 0.116667
0 0.806641 0.227778 0.249219 0.452778
0 0.858203 0.476389 0.283594 0.652778
0 0.895703 0.738889 0.208594 0.522222
1 0.457422 0.940972 0.049219 0.118056
1 0.296094 0.667361 0.165625 0.434722
1 0.379688 0.481250 0.171875 0.490278
1 0.382031 0.138194 0.082812 0.273611
1 0.390625 0.114583 0.081250 0.226389
1 0.416797 0.088194 0.028906 0.112500
1 0.553125 0.475000 0.179688 0.500000
1 0.662500 0.715278 0.231250 0.558333
1 0.676953 0.943750 0.061719 0.112500
1 0.570703 0.182639 0.063281 0.359722
1 0.578516 0.115972 0.049219 0.229167
1 0.560937 0.088194 0.032813 0.120833
2 0.325391 0.761806 0.264844 0.476389
2 0.329297 0.300694 0.172656 0.470833
2 0.651172 0.335417 0.152344 0.665278
