0 0.096484 0.678472 0.191406 0.643056
0 0.126562 0.427083 0.250000 0.715278
0 0.139453 0.218750 0.275781 0.434722
0 0.310937 0.055556 0.045312 0.108333
0 0.787891 0.212500 0.241406 0.419444
0 0.845313 0.423611 0.307812 0.638889
0 0.890625 0.706944 0.218750 0.586111
1 0.261328 0.889583 0.060156 0.220833
1 0.296484 0.712500 0.199219 0.563889
1 0.347656 0.465278 0.198437 0.502778
1 0.357422 0.130556 0.083594 0.258333
1 0.366406 0.104861 0.081250 0.206944
1 0.389844 0.074306 0.031250 0.115278
1 0.556641 0.163889 0.088281 0.325000
1 0.563281 0.102778 0.071875 0.202778
1 0.530469 0.063194 0.035937 0.109722
1 0.591406 0.414583 0.134375 0.418056
1 0.636328 0.628472 0.211719 0.448611
1 0.503906 0.918750 0.053125 0.162500
2 0.639844 0.719444 0.257812 0.561111
2 0.298438 0.292361 0.192188 0.473611
2 0.633203 0.259722 0.130469 0.513889
