0 0.098047 0.678472 0.194531 0.643056
0 0.132812 0.395833 0.264062 0.652778
0 0.141797 0.216667 0.280469 0.430556
0 0.319141 0.056944 0.055469 0.111111
0 0.774609 0.221528 0.244531 0.440278
0 0.848437 0.446528 0.296875 0.645833
0 0.892969 0.706944 0.214062 0.586111
1 0.269531 0.901389 0.068750 0.197222
1 0.278516 0.711806 0.188281 0.551389
1 0.356250 0.440278 0.193750 0.436111
1 0.371094 0.131944 0.084375 0.261111
1 0.376172 0.102778 0.082031 0.202778
1 0.622656 0.437500 0.175000 0.347222
1 0.686719 0.616667 0.204687 0.452778
1 0.558203 0.077778 0.038281 0.150000
2 0.537109 0.718056 0.308594 0.563889
2 0.317578 0.293750 0.178906 0.476389
2 0.637891 0.307639 0.178906 0.587500
