0 0.102734 0.677778 0.202344 0.644444
0 0.137500 0.434722 0.273438 0.713889
0 0.155469 0.225000 0.303125 0.444444
0 0.344531 0.061111 0.035937 0.119444
0 0.898828 0.689583 0.202344 0.620833
0 0.857031 0.451389 0.285938 0.694444
0 0.793750 0.230556 0.257812 0.458333
0 0.637109 0.058333 0.047656 0.113889
1 0.469141 0.929861 0.039844 0.140278
1 0.303125 0.650694 0.156250 0.406944
1 0.383203 0.482639 0.166406 0.493056
1 0.382812 0.138889 0.081250 0.275000
1 0.391797 0.114583 0.083594 0.226389
1 0.417969 0.099306 0.037500 0.095833
1 0.721875 0.943750 0.154688 0.112500
1 0.658203 0.718750 0.241406 0.562500
1 0.641406 0.463889 0.182812 0.411111
1 0.597656 0.176389 0.132812 0.347222
1 0.589063 0.120139 0.068750 0.237500
1 0.563281 0.079861 0.039062 0.126389
2 0.351562 0.731250 0.234375 0.537500
2 0.328516 0.311111 0.177344 0.483333
