0 0.104688 0.678472 0.207813 0.643056
0 0.134375 0.439583 0.265625 0.718056
0 0.153906 0.222917 0.304688 0.443056
0 0.345703 0.062500 0.039844 0.122222
0 0.639453 0.064583 0.046094 0.123611
0 0.798047 0.234722 0.267969 0.461111
0 0.856641 0.481944 0.286719 0.655556
0 0.900391 0.732639 0.199219 0.534722
1 0.457031 0.925000 0.043750 0.150000
1 0.294531 0.656944 0.175000 0.413889
1 0.392188 0.482639 0.129688 0.504167
1 0.378906 0.147222 0.071875 0.291667
1 0.392578 0.114583 0.085156 0.226389
1 0.416016 0.095139 0.028906 0.109722
1 0.725781 0.946528 0.159375 0.106944
1 0.661719 0.721528 0.228125 0.545833
1 0.642969 0.479167 0.182812 0.416667
1 0.598828 0.183333 0.132031 0.355556
1 0.586719 0.118056 0.071875 0.233333
1 0.556250 0.092361 0.034375 0.109722
2 0.320703 0.728472 0.250781 0.543056
2 0.325391 0.302778 0.172656 0.480556
