0 0.341406 0.711806 0.375000 0.576389
0 0.064453 0.723611 0.127344 0.552778
0 0.115234 0.296528 0.208594 0.409722
0 0.387891 0.368056 0.278906 0.600000
0 0.408984 0.144444 0.236719 0.286111
0 0.947656 0.128472 0.104688 0.254167
0 0.966797 0.316667 0.066406 0.508333
1 0.048828 0.449306 0.086719 0.109722
1 0.067969 0.302083 0.107813 0.281944
1 0.064453 0.077083 0.127344 0.151389
1 0.732812 0.845139 0.107813 0.309722
1 0.629297 0.477778 0.071094 0.252778
1 0.578125 0.231250 0.084375 0.334722
1 0.573438 0.043750 0.076563 0.084722
1 0.767578 0.037500 0.088281 0.072222
1 0.840625 0.252083 0.185938 0.465278
1 0.921094 0.573611 0.157812 0.536111
1 0.941797 0.842361 0.116406 0.315278
2 0.644531 0.774306 0.209375 0.437500
2 0.529687 0.446528 0.192188 0.368056
2 0.886328 0.222917 0.158594 0.443056
