0 0.096484 0.675694 0.191406 0.648611
0 0.129688 0.427083 0.256250 0.715278
0 0.141406 0.218750 0.279687 0.434722
0 0.312891 0.054861 0.044531 0.106944
0 0.774609 0.215972 0.257031 0.423611
0 0.848437 0.424306 0.303125 0.648611
0 0.886719 0.699306 0.226562 0.601389
1 0.264062 0.888889 0.064062 0.222222
1 0.296094 0.712500 0.198437 0.563889
1 0.355859 0.465972 0.192969 0.498611
1 0.361719 0.137500 0.084375 0.272222
1 0.373828 0.104861 0.088281 0.206944
1 0.394531 0.080556 0.031250 0.111111
1 0.561719 0.168056 0.093750 0.330556
1 0.569141 0.104167 0.066406 0.205556
1 0.534375 0.069444 0.031250 0.108333
1 0.545312 0.452778 0.053125 0.494444
1 0.617578 0.745833 0.232031 0.508333
1 0.712500 0.929167 0.146875 0.141667
2 0.667969 0.568750 0.235937 0.851389
2 0.310156 0.290278 0.176563 0.483333
2 0.635938 0.257639 0.162500 0.506944
