0 0.174609 0.659028 0.344531 0.654167
0 0.229297 0.306250 0.282031 0.609722
0 0.371875 0.128472 0.051562 0.254167
0 0.858594 0.150694 0.254688 0.298611
0 0.878516 0.381250 0.242969 0.568056
0 0.907422 0.736111 0.185156 0.527778
1 0.583203 0.829861 0.125781 0.279167
1 0.435547 0.545139 0.142969 0.443056
1 0.430078 0.200000 0.097656 0.355556
1 0.457422 0.028472 0.038281 0.054167
1 0.625781 0.038194 0.085938 0.073611
1 0.669141 0.279861 0.171094 0.473611
1 0.746094 0.589583 0.176563 0.490278
1 0.770703 0.856250 0.191406 0.287500
2 0.507422 0.799306 0.277344 0.395833
2 0.364453 0.429167 0.186719 0.452778
2 0.748437 0.231250 0.185938 0.459722
