0 0.098437 0.678472 0.190625 0.643056
0 0.127344 0.442361 0.253125 0.709722
0 0.139844 0.218750 0.278125 0.434722
0 0.309375 0.056944 0.042188 0.111111
0 0.776172 0.214583 0.260156 0.420833
0 0.847266 0.429861 0.303906 0.643056
0 0.887891 0.688889 0.224219 0.622222
1 0.263281 0.888889 0.054688 0.222222
1 0.296875 0.711806 0.195312 0.562500
1 0.352344 0.463194 0.196875 0.493056
1 0.356250 0.127083 0.078125 0.251389
1 0.367188 0.102778 0.081250 0.202778
1 0.394922 0.077778 0.030469 0.105556
1 0.551953 0.077083 0.046094 0.145833
1 0.533594 0.062500 0.035937 0.105556
1 0.604297 0.395833 0.178906 0.336111
1 0.588672 0.767361 0.222656 0.459722
1 0.669922 0.929167 0.072656 0.141667
2 0.646484 0.563194 0.275781 0.868056
2 0.311719 0.293056 0.184375 0.486111
2 0.623047 0.270139 0.163281 0.534722
