0 0.109375 0.681250 0.217188 0.637500
0 0.143750 0.436111 0.285938 0.700000
0 0.173437 0.229861 0.301563 0.454167
0 0.357422 0.065972 0.036719 0.129167
0 0.906250 0.704167 0.187500 0.591667
0 0.866406 0.479167 0.267188 0.688889
0 0.810937 0.243750 0.253125 0.476389
0 0.667578 0.077083 0.064844 0.151389
1 0.725781 0.958333 0.151562 0.083333
1 0.673047 0.725000 0.230469 0.525000
1 0.659766 0.498611 0.192969 0.422222
1 0.617969 0.201389 0.128125 0.358333
1 0.604688 0.129167 0.070312 0.255556
1 0.580469 0.085417 0.040625 0.168056
1 0.492578 0.924306 0.066406 0.151389
1 0.308984 0.672222 0.164844 0.419444
1 0.392969 0.502083 0.171875 0.506944
1 0.399219 0.148611 0.078125 0.291667
1 0.409375 0.121528 0.079687 0.240278
1 0.433984 0.120833 0.032031 0.105556
2 0.354297 0.730556 0.236719 0.538889
2 0.345313 0.324306 0.182812 0.481944
