0 0.101562 0.684028 0.201563 0.631944
0 0.133203 0.441667 0.264844 0.705556
0 0.147266 0.223611 0.291406 0.441667
0 0.327344 0.059722 0.035937 0.116667
0 0.622266 0.057639 0.039844 0.112500
0 0.787109 0.219444 0.239844 0.427778
0 0.855078 0.453472 0.289844 0.648611
0 0.896484 0.725694 0.207031 0.548611
1 0.276953 0.895139 0.064844 0.209722
1 0.309766 0.720139 0.189844 0.554167
1 0.365234 0.475694 0.194531 0.504167
1 0.370312 0.135417 0.079687 0.268056
1 0.379297 0.113194 0.083594 0.223611
1 0.403906 0.093056 0.035937 0.119444
1 0.571484 0.172222 0.088281 0.341667
1 0.573047 0.112500 0.067969 0.222222
1 0.544922 0.075694 0.032031 0.109722
1 0.559375 0.462500 0.070312 0.491667
1 0.630078 0.704167 0.217969 0.580556
1 0.726953 0.934028 0.167969 0.131944
2 0.687891 0.580556 0.221094 0.833333
2 0.319141 0.309722 0.185156 0.488889
2 0.663281 0.272222 0.165625 0.483333
