0 0.106250 0.677778 0.210938 0.644444
0 0.135937 0.433333 0.268750 0.722222
0 0.149609 0.218750 0.297656 0.434722
0 0.337109 0.056944 0.032031 0.111111
0 0.804688 0.227778 0.259375 0.452778
0 0.858594 0.458333 0.282813 0.663889
0 0.898828 0.722222 0.202344 0.555556
1 0.456641 0.938889 0.044531 0.122222
1 0.291797 0.644444 0.169531 0.400000
1 0.376953 0.482639 0.167969 0.493056
1 0.384766 0.138889 0.083594 0.275000
1 0.390234 0.112500 0.080469 0.222222
1 0.417578 0.100694 0.033594 0.104167
1 0.537500 0.468750 0.175000 0.501389
1 0.664062 0.715972 0.228125 0.568056
1 0.728906 0.939583 0.154688 0.120833
1 0.554688 0.278472 0.032813 0.134722
2 0.320703 0.751389 0.257031 0.497222
2 0.328906 0.301389 0.178125 0.469444
2 0.594922 0.347222 0.238281 0.688889
