0 0.092188 0.677778 0.181250 0.644444
0 0.119531 0.431944 0.237500 0.716667
0 0.132812 0.215972 0.264062 0.423611
0 0.301953 0.048611 0.035156 0.094444
0 0.775000 0.213194 0.273438 0.418056
0 0.840625 0.401389 0.317188 0.630556
0 0.882422 0.681944 0.235156 0.636111
1 0.257031 0.889583 0.060937 0.220833
1 0.287500 0.711806 0.196875 0.562500
1 0.344141 0.465972 0.191406 0.509722
1 0.351562 0.132639 0.084375 0.262500
1 0.359375 0.104861 0.085938 0.206944
1 0.384375 0.067361 0.029687 0.115278
1 0.523828 0.059722 0.036719 0.111111
1 0.532422 0.160417 0.019531 0.101389
1 0.537891 0.162500 0.071094 0.322222
1 0.603125 0.449306 0.184375 0.490278
1 0.644141 0.602778 0.180469 0.441667
1 0.566406 0.891667 0.089063 0.216667
2 0.707031 0.724306 0.279687 0.551389
2 0.299609 0.304167 0.191406 0.494444
2 0.628906 0.290278 0.157812 0.575000
