0 0.093359 0.681250 0.185156 0.637500
0 0.125000 0.434028 0.248438 0.720833
0 0.135547 0.220139 0.269531 0.431944
0 0.301953 0.054167 0.041406 0.105556
0 0.771094 0.209028 0.257812 0.412500
0 0.842969 0.402083 0.309375 0.584722
0 0.881641 0.688889 0.236719 0.622222
1 0.259375 0.891667 0.062500 0.216667
1 0.290625 0.712500 0.189062 0.561111
1 0.347656 0.465972 0.190625 0.498611
1 0.350391 0.127083 0.088281 0.251389
1 0.359766 0.104861 0.083594 0.206944
1 0.384375 0.075000 0.026562 0.108333
1 0.542969 0.163889 0.070312 0.325000
1 0.554297 0.102778 0.060156 0.202778
1 0.526563 0.064583 0.035937 0.112500
1 0.600000 0.452083 0.193750 0.495833
1 0.649219 0.618056 0.189062 0.461111
1 0.574609 0.888889 0.091406 0.222222
2 0.724219 0.731250 0.300000 0.537500
2 0.297266 0.315972 0.194531 0.512500
2 0.634375 0.295833 0.153125 0.580556
