0 0.091016 0.680556 0.180469 0.638889
0 0.131250 0.435417 0.260937 0.712500
0 0.144531 0.221528 0.285938 0.440278
0 0.320312 0.063194 0.057813 0.123611
0 0.634375 0.071528 0.067187 0.134722
0 0.786719 0.230556 0.256250 0.458333
0 0.845703 0.433333 0.308594 0.602778
0 0.900391 0.720833 0.199219 0.558333
1 0.234766 0.895833 0.110156 0.208333
1 0.302734 0.725000 0.185156 0.550000
1 0.355078 0.486806 0.188281 0.504167
1 0.368750 0.150000 0.079687 0.297222
1 0.383594 0.112500 0.087500 0.222222
1 0.567187 0.181944 0.090625 0.352778
1 0.573047 0.121528 0.064844 0.240278
1 0.543359 0.089583 0.035156 0.118056
1 0.623047 0.484722 0.169531 0.488889
1 0.651563 0.635417 0.175000 0.440278
1 0.603125 0.907639 0.089063 0.184722
2 0.319922 0.309028 0.175781 0.479167
2 0.668359 0.356250 0.171094 0.576389
2 0.782422 0.780556 0.344531 0.438889
