0 0.103516 0.683333 0.205469 0.633333
0 0.134375 0.447222 0.267188 0.705556
0 0.149609 0.226389 0.297656 0.447222
0 0.332031 0.059722 0.032813 0.116667
0 0.627734 0.063889 0.042969 0.122222
0 0.791797 0.223611 0.252344 0.438889
0 0.855078 0.452083 0.289844 0.665278
0 0.896094 0.718056 0.207813 0.563889
1 0.274609 0.895833 0.060156 0.208333
1 0.313672 0.721528 0.183594 0.556944
1 0.365625 0.483333 0.190625 0.497222
1 0.373047 0.141667 0.082031 0.280556
1 0.386719 0.113194 0.087500 0.223611
1 0.410156 0.096528 0.029687 0.095833
1 0.576562 0.177083 0.092188 0.348611
1 0.583203 0.113194 0.072656 0.223611
1 0.546484 0.081250 0.028906 0.112500
1 0.566406 0.468056 0.078125 0.486111
1 0.636328 0.713194 0.217969 0.573611
1 0.729688 0.941667 0.156250 0.116667
2 0.317969 0.311111 0.185938 0.475000
2 0.697266 0.581250 0.214844 0.831944
2 0.659766 0.266667 0.171094 0.466667
