0 0.103125 0.677778 0.204687 0.644444
0 0.137500 0.434722 0.273438 0.713889
0 0.149609 0.223611 0.297656 0.441667
0 0.339844 0.057639 0.034375 0.112500
0 0.899219 0.713889 0.201563 0.572222
0 0.858203 0.463889 0.283594 0.655556
0 0.790234 0.226389 0.252344 0.450000
1 0.326953 0.638194 0.149219 0.381944
1 0.368359 0.476389 0.189844 0.505556
1 0.380469 0.142361 0.079687 0.281944
1 0.391406 0.112500 0.084375 0.222222
1 0.416016 0.092361 0.033594 0.109722
1 0.725000 0.940972 0.157812 0.118056
1 0.663672 0.712500 0.230469 0.558333
1 0.631250 0.476389 0.198437 0.411111
1 0.601562 0.267361 0.121875 0.179167
1 0.553125 0.086111 0.028125 0.122222
2 0.324609 0.761806 0.269531 0.476389
2 0.326562 0.310417 0.178125 0.495833
2 0.592187 0.288194 0.140625 0.573611
