0 0.102344 0.681944 0.203125 0.636111
0 0.131641 0.434722 0.261719 0.708333
0 0.144141 0.220833 0.286719 0.436111
0 0.328516 0.055556 0.035156 0.108333
0 0.797266 0.203472 0.255469 0.401389
0 0.856641 0.443750 0.286719 0.659722
0 0.892578 0.715278 0.214844 0.569444
1 0.269531 0.893056 0.060937 0.213889
1 0.304297 0.715278 0.196094 0.563889
1 0.362500 0.477778 0.187500 0.500000
1 0.367969 0.135417 0.075000 0.268056
1 0.380469 0.109028 0.082812 0.215278
1 0.401953 0.086806 0.032031 0.112500
1 0.572266 0.172917 0.099219 0.343056
1 0.576953 0.109722 0.071094 0.216667
1 0.542969 0.071528 0.029687 0.131944
1 0.557422 0.452778 0.071094 0.469444
1 0.619922 0.711111 0.221094 0.577778
1 0.725391 0.938889 0.164844 0.122222
2 0.684375 0.577778 0.228125 0.844444
2 0.317578 0.303472 0.182031 0.476389
2 0.660156 0.269444 0.185938 0.497222
