0 0.094141 0.670139 0.186719 0.659722
0 0.123438 0.411806 0.245312 0.720833
0 0.139063 0.212500 0.270313 0.419444
0 0.311719 0.043750 0.035937 0.084722
0 0.770312 0.208333 0.237500 0.413889
0 0.845313 0.393750 0.309375 0.570833
0 0.889453 0.701389 0.221094 0.597222
1 0.256250 0.880556 0.062500 0.238889
1 0.288672 0.705556 0.192969 0.577778
1 0.344141 0.452083 0.199219 0.504167
1 0.352734 0.123611 0.077344 0.244444
1 0.365234 0.095833 0.085156 0.188889
1 0.388281 0.074306 0.034375 0.098611
1 0.550000 0.159028 0.082812 0.315278
1 0.560156 0.095833 0.062500 0.188889
1 0.527734 0.056944 0.025781 0.111111
1 0.610938 0.447917 0.178125 0.484722
1 0.661328 0.547222 0.167969 0.344444
1 0.520703 0.878472 0.094531 0.243056
2 0.721484 0.756944 0.377344 0.486111
2 0.303906 0.281250 0.184375 0.484722
2 0.630859 0.280556 0.150781 0.558333
