0 0.093359 0.675000 0.185156 0.650000
0 0.123047 0.420139 0.242969 0.709722
0 0.137500 0.213889 0.273438 0.425000
0 0.307812 0.047917 0.039062 0.093056
0 0.766016 0.218056 0.258594 0.425000
0 0.844141 0.414583 0.311719 0.593056
0 0.883594 0.693056 0.232813 0.613889
1 0.255469 0.886806 0.064062 0.226389
1 0.287500 0.709028 0.196875 0.568056
1 0.343359 0.461111 0.189844 0.500000
1 0.353125 0.129861 0.085938 0.256944
1 0.362109 0.104167 0.085156 0.205556
1 0.388281 0.070139 0.034375 0.112500
1 0.528125 0.058333 0.031250 0.113889
1 0.560937 0.098611 0.067187 0.191667
1 0.585547 0.450000 0.177344 0.488889
1 0.662109 0.606250 0.210156 0.437500
1 0.557422 0.888889 0.060156 0.222222
2 0.705859 0.731250 0.308594 0.537500
2 0.299219 0.299306 0.185938 0.495833
2 0.619531 0.289583 0.156250 0.573611
