0 0.095312 0.678472 0.189062 0.643056
0 0.123828 0.431944 0.244531 0.708333
0 0.135547 0.215972 0.269531 0.423611
0 0.304297 0.051389 0.044531 0.100000
0 0.771484 0.211806 0.260156 0.418056
0 0.841797 0.409028 0.316406 0.626389
0 0.891016 0.686806 0.217969 0.626389
1 0.258203 0.892361 0.069531 0.215278
1 0.292578 0.718750 0.192969 0.562500
1 0.347266 0.464583 0.192969 0.501389
1 0.351562 0.134722 0.081250 0.266667
1 0.362109 0.104861 0.085156 0.206944
1 0.384766 0.068750 0.033594 0.134722
1 0.526172 0.064583 0.036719 0.106944
1 0.557031 0.107639 0.065625 0.212500
1 0.549219 0.164583 0.082812 0.326389
1 0.601953 0.457639 0.185156 0.504167
1 0.647266 0.608333 0.172656 0.447222
1 0.573828 0.889583 0.091406 0.220833
2 0.717187 0.730556 0.278125 0.538889
2 0.298047 0.309028 0.191406 0.498611
2 0.632031 0.277778 0.153125 0.552778
