0 0.096484 0.670139 0.191406 0.659722
0 0.122656 0.417361 0.243750 0.715278
0 0.147266 0.212500 0.285156 0.419444
0 0.318359 0.047917 0.044531 0.093056
0 0.775781 0.213194 0.253125 0.423611
0 0.619141 0.047917 0.046094 0.093056
0 0.851562 0.442361 0.296875 0.643056
0 0.894531 0.699306 0.210938 0.601389
1 0.267578 0.884028 0.066406 0.231944
1 0.307812 0.711111 0.189062 0.566667
1 0.352344 0.458333 0.200000 0.502778
1 0.368359 0.127083 0.078906 0.251389
1 0.378516 0.102778 0.083594 0.202778
1 0.535156 0.048611 0.031250 0.094444
1 0.617969 0.481250 0.181250 0.445833
1 0.647656 0.675000 0.153125 0.575000
1 0.624609 0.872222 0.075781 0.255556
2 0.761719 0.702083 0.282813 0.595833
2 0.317188 0.284028 0.181250 0.470833
2 0.626563 0.295139 0.181250 0.581944
