0 0.092188 0.679167 0.182812 0.641667
0 0.126562 0.426389 0.251563 0.713889
0 0.139453 0.218056 0.275781 0.430556
0 0.310156 0.055556 0.037500 0.108333
0 0.784375 0.211806 0.245312 0.418056
0 0.843359 0.394444 0.313281 0.627778
0 0.889844 0.688889 0.220312 0.622222
1 0.258594 0.889583 0.064062 0.220833
1 0.292187 0.710417 0.198437 0.565278
1 0.349219 0.463889 0.190625 0.491667
1 0.355859 0.132639 0.085156 0.262500
1 0.362500 0.106944 0.084375 0.211111
1 0.389062 0.073611 0.026562 0.105556
1 0.554688 0.163889 0.085938 0.325000
1 0.559766 0.103472 0.067969 0.204167
1 0.528906 0.061111 0.032813 0.116667
1 0.606250 0.420139 0.168750 0.437500
1 0.560547 0.661111 0.138281 0.505556
1 0.538672 0.913194 0.128906 0.173611
2 0.759375 0.730556 0.404687 0.538889
2 0.298438 0.295833 0.185938 0.469444
2 0.640625 0.270139 0.151562 0.531944
