0 0.092188 0.676389 0.181250 0.647222
0 0.133594 0.426389 0.264062 0.713889
0 0.139844 0.215972 0.278125 0.423611
0 0.316406 0.058333 0.057813 0.113889
0 0.629297 0.052778 0.058594 0.100000
0 0.779687 0.218056 0.231250 0.430556
0 0.847266 0.398611 0.299219 0.583333
0 0.898828 0.704861 0.202344 0.590278
1 0.243359 0.889583 0.105469 0.220833
1 0.304297 0.718056 0.182031 0.563889
1 0.360156 0.467361 0.192188 0.495833
1 0.368359 0.138194 0.077344 0.273611
1 0.379297 0.106944 0.085156 0.211111
1 0.569531 0.169444 0.093750 0.336111
1 0.572656 0.106944 0.062500 0.211111
1 0.546484 0.072917 0.035156 0.106944
1 0.623437 0.463889 0.175000 0.488889
1 0.654297 0.595139 0.172656 0.406944
1 0.547656 0.863194 0.115625 0.273611
2 0.708203 0.796528 0.328906 0.406944
2 0.321094 0.298611 0.184375 0.486111
2 0.666016 0.325000 0.169531 0.583333
