0 0.094922 0.676389 0.188281 0.647222
0 0.131641 0.434028 0.261719 0.720833
0 0.142187 0.217361 0.282813 0.431944
0 0.324609 0.061111 0.055469 0.119444
0 0.626563 0.062500 0.051562 0.122222
0 0.787500 0.225000 0.251563 0.438889
0 0.851562 0.420833 0.296875 0.544444
0 0.899609 0.706944 0.200781 0.586111
1 0.246875 0.893056 0.112500 0.213889
1 0.306250 0.722222 0.182812 0.555556
1 0.361328 0.482639 0.191406 0.498611
1 0.373437 0.136111 0.082812 0.269444
1 0.378516 0.111806 0.083594 0.220833
1 0.575391 0.174306 0.100781 0.343056
1 0.576172 0.117361 0.064844 0.231944
1 0.546094 0.087500 0.029687 0.111111
1 0.627344 0.476389 0.173437 0.486111
1 0.660937 0.643056 0.182812 0.461111
1 0.591016 0.901389 0.117969 0.197222
2 0.746484 0.747917 0.327344 0.504167
2 0.321875 0.309028 0.179688 0.487500
2 0.668750 0.345139 0.168750 0.576389
