0 0.100781 0.681250 0.200000 0.637500
0 0.132812 0.434722 0.264062 0.702778
0 0.144922 0.220833 0.283594 0.436111
0 0.323047 0.060417 0.044531 0.118056
0 0.615234 0.052083 0.036719 0.098611
0 0.782031 0.216667 0.265625 0.422222
0 0.851953 0.452778 0.296094 0.630556
0 0.893359 0.723611 0.213281 0.552778
1 0.270703 0.892361 0.064844 0.215278
1 0.308984 0.717361 0.186719 0.562500
1 0.359766 0.472917 0.196094 0.495833
1 0.365625 0.135417 0.078125 0.268056
1 0.376953 0.109722 0.086719 0.216667
1 0.400391 0.087500 0.028906 0.100000
1 0.566016 0.116667 0.060156 0.227778
1 0.576562 0.107639 0.068750 0.206944
1 0.544531 0.067361 0.032813 0.126389
1 0.533203 0.337500 0.055469 0.266667
1 0.540234 0.770833 0.139844 0.444444
1 0.724609 0.933333 0.169531 0.133333
2 0.650781 0.631250 0.296875 0.726389
2 0.313281 0.295833 0.176563 0.491667
2 0.621484 0.231250 0.166406 0.431944
