0 0.165234 0.703472 0.328906 0.593056
0 0.178516 0.350000 0.316406 0.672222
0 0.203906 0.153472 0.276562 0.304167
0 0.818750 0.147917 0.259375 0.293056
0 0.857422 0.354861 0.285156 0.570833
0 0.896094 0.710417 0.207813 0.579167
1 0.568359 0.844444 0.133594 0.277778
1 0.403125 0.575694 0.134375 0.465278
1 0.389453 0.229167 0.088281 0.333333
1 0.386719 0.040972 0.079687 0.079167
1 0.567187 0.047917 0.096875 0.093056
1 0.629297 0.284722 0.163281 0.466667
1 0.708594 0.586111 0.160938 0.491667
1 0.759766 0.846528 0.196094 0.306944
2 0.488672 0.822917 0.274219 0.354167
2 0.332813 0.471528 0.195312 0.445833
2 0.698047 0.177083 0.182031 0.351389
