0 0.101562 0.683333 0.201563 0.633333
0 0.133984 0.444444 0.266406 0.727778
0 0.148828 0.224306 0.296094 0.445833
0 0.329297 0.057639 0.039844 0.112500
0 0.620313 0.052083 0.035937 0.098611
0 0.895703 0.690972 0.208594 0.618056
0 0.858984 0.447222 0.282031 0.666667
0 0.787500 0.222917 0.262500 0.443056
1 0.274609 0.894444 0.060156 0.211111
1 0.308594 0.720833 0.181250 0.558333
1 0.360938 0.473611 0.190625 0.508333
1 0.369531 0.138889 0.081250 0.275000
1 0.382031 0.109028 0.085938 0.215278
1 0.403516 0.091667 0.035156 0.102778
1 0.576172 0.085417 0.064844 0.168056
1 0.549219 0.070139 0.035937 0.123611
1 0.589453 0.738889 0.202344 0.519444
1 0.726172 0.933333 0.172656 0.133333
2 0.625781 0.551389 0.339062 0.894444
2 0.314453 0.294444 0.182031 0.497222
2 0.640234 0.152778 0.160156 0.272222
