0 0.158594 0.722222 0.315625 0.555556
0 0.173047 0.411806 0.319531 0.684722
0 0.203125 0.170833 0.271875 0.338889
0 0.792578 0.182639 0.247656 0.359722
0 0.847266 0.418750 0.282031 0.579167
0 0.889453 0.739583 0.221094 0.520833
1 0.566797 0.886111 0.091406 0.183333
1 0.390234 0.641667 0.147656 0.463889
1 0.380469 0.293056 0.089063 0.338889
1 0.381641 0.072917 0.077344 0.143056
1 0.562891 0.078472 0.092969 0.154167
1 0.620313 0.350694 0.162500 0.462500
1 0.698828 0.654167 0.158594 0.491667
1 0.751563 0.878472 0.165625 0.243056
2 0.492578 0.845139 0.261719 0.309722
2 0.326172 0.540278 0.194531 0.463889
2 0.689844 0.268750 0.173437 0.526389
