0 0.082031 0.677778 0.162500 0.644444
0 0.131250 0.397222 0.260937 0.644444
0 0.137891 0.215972 0.274219 0.429167
0 0.321484 0.049306 0.049219 0.095833
0 0.612891 0.034028 0.039844 0.065278
0 0.779297 0.215972 0.255469 0.429167
0 0.851562 0.453472 0.296875 0.643056
0 0.891406 0.700694 0.217188 0.598611
1 0.267188 0.883333 0.054688 0.233333
1 0.315625 0.712500 0.159375 0.561111
1 0.371484 0.406250 0.157031 0.376389
1 0.369141 0.136111 0.085156 0.269444
1 0.378516 0.109028 0.083594 0.215278
1 0.568359 0.169444 0.088281 0.336111
1 0.573828 0.107639 0.064844 0.212500
1 0.634766 0.422222 0.158594 0.386111
1 0.691797 0.618750 0.196094 0.445833
2 0.562500 0.708333 0.329688 0.583333
2 0.319141 0.302083 0.182031 0.493056
2 0.643359 0.272222 0.136719 0.538889
