0 0.098047 0.680556 0.194531 0.638889
0 0.128516 0.434028 0.253906 0.712500
0 0.140625 0.218056 0.275000 0.427778
0 0.312500 0.050694 0.042188 0.098611
0 0.775391 0.209028 0.255469 0.415278
0 0.847656 0.424306 0.304688 0.654167
0 0.889453 0.690972 0.221094 0.618056
1 0.266406 0.892361 0.062500 0.215278
1 0.301172 0.713889 0.194531 0.561111
1 0.356641 0.465972 0.196094 0.498611
1 0.358594 0.127778 0.081250 0.252778
1 0.369922 0.106944 0.082031 0.211111
1 0.392578 0.081250 0.035156 0.106944
1 0.555859 0.084722 0.047656 0.163889
1 0.533594 0.062500 0.034375 0.116667
1 0.544922 0.290972 0.063281 0.156944
1 0.614453 0.745833 0.232031 0.508333
1 0.714453 0.921528 0.161719 0.156944
2 0.665625 0.566667 0.240625 0.861111
2 0.310156 0.300694 0.190625 0.490278
2 0.630469 0.263889 0.165625 0.522222
