0 0.097266 0.668750 0.192969 0.662500
0 0.127344 0.413889 0.253125 0.708333
0 0.138672 0.209028 0.275781 0.415278
0 0.317969 0.048611 0.043750 0.094444
0 0.773828 0.210417 0.257031 0.418056
0 0.844531 0.390972 0.304688 0.581944
0 0.893359 0.690972 0.213281 0.618056
1 0.264453 0.881944 0.064844 0.236111
1 0.298047 0.711806 0.191406 0.573611
1 0.355078 0.456250 0.194531 0.498611
1 0.365625 0.127083 0.076563 0.251389
1 0.372266 0.097917 0.083594 0.193056
1 0.534766 0.058333 0.032031 0.113889
1 0.619141 0.478472 0.182031 0.431944
1 0.654297 0.677083 0.175781 0.584722
1 0.652344 0.910417 0.085938 0.179167
2 0.305859 0.280556 0.180469 0.480556
2 0.630078 0.300000 0.188281 0.597222
2 0.807422 0.739583 0.322656 0.520833
