0 0.100781 0.684028 0.200000 0.631944
0 0.130859 0.440278 0.260156 0.713889
0 0.147266 0.223611 0.292969 0.441667
0 0.330078 0.058333 0.039844 0.113889
0 0.625391 0.061806 0.046094 0.118056
0 0.778516 0.206944 0.227344 0.405556
0 0.850781 0.440972 0.298438 0.679167
0 0.895703 0.719444 0.208594 0.561111
1 0.272266 0.897222 0.064844 0.205556
1 0.302344 0.721528 0.193750 0.556944
1 0.365625 0.482639 0.189062 0.504167
1 0.370312 0.140972 0.085938 0.279167
1 0.381641 0.113194 0.089844 0.223611
1 0.405859 0.095833 0.030469 0.105556
1 0.570703 0.174306 0.096094 0.345833
1 0.575391 0.111806 0.074219 0.220833
1 0.546484 0.082639 0.030469 0.112500
1 0.564844 0.467361 0.087500 0.487500
1 0.632031 0.708333 0.214062 0.583333
1 0.719141 0.936111 0.164844 0.127778
2 0.687891 0.579861 0.208594 0.840278
2 0.318359 0.325000 0.186719 0.488889
2 0.657422 0.264583 0.164844 0.459722
