0 0.093750 0.675694 0.185938 0.648611
0 0.125781 0.412500 0.250000 0.711111
0 0.138281 0.211111 0.270313 0.416667
0 0.310547 0.049306 0.044531 0.095833
0 0.778906 0.212500 0.267188 0.419444
0 0.846875 0.392361 0.306250 0.590278
0 0.889844 0.706944 0.220312 0.586111
1 0.261328 0.884028 0.060156 0.231944
1 0.295312 0.709722 0.190625 0.577778
1 0.351172 0.459722 0.191406 0.508333
1 0.360547 0.129167 0.080469 0.255556
1 0.371094 0.100694 0.084375 0.198611
1 0.393750 0.068056 0.034375 0.102778
1 0.533984 0.060417 0.035156 0.104167
1 0.584375 0.445139 0.175000 0.481944
1 0.654687 0.602778 0.182812 0.430556
1 0.566016 0.890278 0.074219 0.219444
2 0.733594 0.761806 0.325000 0.476389
2 0.307031 0.301389 0.184375 0.513889
2 0.623828 0.304167 0.186719 0.605556
