0 0.098828 0.676389 0.196094 0.647222
0 0.131250 0.426389 0.260937 0.708333
0 0.144531 0.213194 0.287500 0.423611
0 0.325781 0.050694 0.045312 0.098611
0 0.624219 0.052778 0.060937 0.102778
0 0.803906 0.219444 0.289062 0.436111
0 0.852344 0.448611 0.295312 0.658333
0 0.894922 0.715972 0.210156 0.568056
1 0.246875 0.890278 0.112500 0.219444
1 0.313672 0.718750 0.177344 0.562500
1 0.360547 0.470833 0.186719 0.497222
1 0.369141 0.135417 0.085156 0.268056
1 0.380078 0.106944 0.088281 0.211111
1 0.570703 0.166667 0.091406 0.330556
1 0.574609 0.111806 0.064844 0.220833
1 0.627344 0.468056 0.171875 0.491667
1 0.678125 0.562500 0.176563 0.330556
1 0.494141 0.838194 0.161719 0.295833
2 0.628516 0.776389 0.358594 0.447222
2 0.317578 0.296528 0.182031 0.479167
2 0.666797 0.322222 0.171094 0.577778
