0 0.093750 0.675694 0.185938 0.648611
0 0.122656 0.424306 0.243750 0.709722
0 0.140234 0.219444 0.272656 0.433333
0 0.773047 0.162500 0.260156 0.316667
0 0.848437 0.418750 0.303125 0.654167
0 0.885938 0.681250 0.228125 0.637500
1 0.259766 0.886111 0.063281 0.227778
1 0.289453 0.707639 0.205469 0.559722
1 0.347656 0.461111 0.196875 0.500000
1 0.348047 0.126389 0.069531 0.250000
1 0.363281 0.104861 0.084375 0.206944
1 0.385937 0.064583 0.039062 0.123611
1 0.553516 0.070139 0.042969 0.134722
1 0.530078 0.064583 0.033594 0.109722
1 0.560937 0.430556 0.100000 0.411111
1 0.560547 0.690972 0.222656 0.595833
1 0.707812 0.927778 0.162500 0.144444
2 0.740625 0.561806 0.364063 0.873611
2 0.305469 0.292361 0.185938 0.495833
2 0.612500 0.245833 0.135937 0.480556
