0 0.096484 0.671528 0.191406 0.656944
0 0.129688 0.413194 0.257812 0.712500
0 0.142187 0.211111 0.278125 0.419444
0 0.318750 0.050694 0.042188 0.098611
0 0.775391 0.214583 0.255469 0.426389
0 0.847266 0.397222 0.305469 0.552778
0 0.898828 0.706944 0.202344 0.586111
1 0.264453 0.881944 0.066406 0.236111
1 0.298828 0.711111 0.192969 0.577778
1 0.352734 0.455556 0.196094 0.500000
1 0.363672 0.127083 0.082031 0.251389
1 0.374609 0.100694 0.085156 0.198611
1 0.537109 0.058333 0.030469 0.113889
1 0.618750 0.488889 0.179688 0.416667
1 0.655469 0.682639 0.182812 0.590278
1 0.644922 0.903472 0.072656 0.193056
2 0.819531 0.736806 0.343750 0.526389
2 0.311719 0.283333 0.185938 0.486111
2 0.622656 0.302083 0.176563 0.598611
