0 0.333984 0.719444 0.357031 0.561111
0 0.047266 0.739583 0.092969 0.520833
0 0.101172 0.269444 0.189844 0.375000
0 0.373828 0.368750 0.291406 0.593056
0 0.388281 0.149306 0.242188 0.293056
0 0.931250 0.122917 0.137500 0.243056
0 0.952734 0.329167 0.094531 0.555556
1 0.032813 0.452083 0.064062 0.123611
1 0.048438 0.302778 0.095312 0.272222
1 0.049219 0.082639 0.096875 0.162500
1 0.754687 0.842361 0.142187 0.315278
1 0.579297 0.570139 0.124219 0.456944
1 0.555078 0.226389 0.089844 0.336111
1 0.550000 0.038889 0.079687 0.075000
1 0.732812 0.031250 0.068750 0.059722
1 0.815625 0.247917 0.176563 0.476389
1 0.909375 0.559028 0.181250 0.526389
1 0.932813 0.834028 0.134375 0.331944
2 0.680859 0.797917 0.269531 0.404167
2 0.504687 0.463194 0.193750 0.401389
2 0.860938 0.215278 0.153125 0.427778
