0 0.149609 0.707639 0.297656 0.584722
0 0.149219 0.363889 0.296875 0.658333
0 0.148438 0.155556 0.279687 0.308333
0 0.676172 0.138194 0.082031 0.273611
0 0.823828 0.306944 0.311719 0.561111
0 0.875000 0.671528 0.250000 0.656944
1 0.559375 0.824306 0.085938 0.190278
1 0.363672 0.577083 0.132031 0.448611
1 0.335156 0.227083 0.093750 0.329167
1 0.332813 0.040972 0.078125 0.079167
1 0.512500 0.042361 0.103125 0.081944
1 0.586328 0.265278 0.161719 0.452778
1 0.675000 0.563889 0.160938 0.497222
1 0.734766 0.827778 0.210156 0.344444
2 0.479297 0.816667 0.278906 0.366667
2 0.286328 0.484722 0.214844 0.438889
2 0.634766 0.225000 0.147656 0.444444
