0 0.093750 0.673611 0.185938 0.652778
0 0.129297 0.422917 0.257031 0.715278
0 0.140234 0.214583 0.277344 0.423611
0 0.309766 0.051389 0.044531 0.100000
0 0.782031 0.215972 0.268750 0.423611
0 0.845313 0.415972 0.309375 0.612500
0 0.884375 0.695139 0.231250 0.609722
1 0.261719 0.884722 0.070312 0.230556
1 0.295312 0.710417 0.198437 0.568056
1 0.346094 0.465278 0.200000 0.502778
1 0.359766 0.129167 0.083594 0.255556
1 0.367578 0.104167 0.086719 0.205556
1 0.391406 0.067361 0.037500 0.123611
1 0.531250 0.061806 0.031250 0.104167
1 0.583984 0.450694 0.182031 0.479167
1 0.650000 0.592361 0.179688 0.409722
1 0.566406 0.890278 0.071875 0.219444
2 0.730469 0.763194 0.317188 0.473611
2 0.303125 0.305556 0.185938 0.519444
2 0.624609 0.305556 0.185156 0.600000
