0 0.096484 0.690972 0.191406 0.618056
0 0.133203 0.465278 0.264844 0.727778
0 0.151953 0.238889 0.302344 0.475000
0 0.330078 0.075000 0.053906 0.147222
0 0.638281 0.084028 0.059375 0.165278
0 0.810547 0.251389 0.303906 0.500000
0 0.850000 0.481250 0.300000 0.562500
0 0.907422 0.756250 0.185156 0.487500
1 0.235156 0.906250 0.115625 0.187500
1 0.303125 0.741667 0.181250 0.516667
1 0.352734 0.521528 0.200781 0.501389
1 0.378906 0.165278 0.073438 0.280556
1 0.390625 0.110417 0.084375 0.218056
1 0.576172 0.215972 0.094531 0.351389
1 0.580469 0.137500 0.067187 0.272222
1 0.557031 0.093056 0.048438 0.183333
1 0.628906 0.523611 0.182812 0.491667
1 0.650391 0.691667 0.171094 0.472222
1 0.615625 0.922222 0.107813 0.155556
2 0.792578 0.799306 0.358594 0.401389
2 0.325000 0.338889 0.170313 0.483333
2 0.675781 0.392361 0.178125 0.576389
