0 0.097266 0.671528 0.192969 0.656944
0 0.127734 0.418056 0.253906 0.713889
0 0.141797 0.213889 0.280469 0.422222
0 0.316406 0.048611 0.046875 0.094444
0 0.778906 0.211806 0.267188 0.418056
0 0.615234 0.045139 0.036719 0.087500
0 0.846484 0.372917 0.302344 0.515278
0 0.894922 0.696528 0.210156 0.606944
1 0.261719 0.886806 0.075000 0.226389
1 0.295703 0.709722 0.192969 0.575000
1 0.352734 0.458333 0.194531 0.500000
1 0.360938 0.129861 0.076563 0.256944
1 0.373437 0.101389 0.081250 0.200000
1 0.535937 0.066667 0.028125 0.130556
1 0.615625 0.482639 0.182812 0.445833
1 0.649219 0.677778 0.168750 0.580556
1 0.637891 0.903472 0.061719 0.193056
2 0.801562 0.715972 0.310937 0.568056
2 0.310937 0.290278 0.185938 0.488889
2 0.626953 0.295833 0.172656 0.588889
