0 0.100781 0.681944 0.200000 0.636111
0 0.131641 0.440278 0.261719 0.713889
0 0.145703 0.225000 0.288281 0.444444
0 0.323828 0.057639 0.039844 0.112500
0 0.619141 0.060417 0.044531 0.118056
0 0.780859 0.220139 0.252344 0.434722
0 0.851562 0.453472 0.296875 0.643056
0 0.892969 0.715278 0.214062 0.569444
1 0.271484 0.895139 0.064844 0.209722
1 0.306250 0.720833 0.189062 0.558333
1 0.356641 0.472222 0.191406 0.497222
1 0.364063 0.137500 0.081250 0.272222
1 0.372656 0.110417 0.084375 0.218056
1 0.398438 0.089583 0.034375 0.093056
1 0.571484 0.170833 0.097656 0.336111
1 0.570703 0.109722 0.071094 0.216667
1 0.540234 0.071528 0.028906 0.115278
1 0.556641 0.465972 0.086719 0.487500
1 0.609375 0.709722 0.215625 0.569444
1 0.717187 0.936111 0.160938 0.127778
2 0.673047 0.574306 0.236719 0.840278
2 0.313281 0.305556 0.181250 0.500000
2 0.651953 0.234028 0.171094 0.456944
