0 0.153125 0.688194 0.304688 0.623611
0 0.178125 0.318056 0.290625 0.633333
0 0.319141 0.150000 0.047656 0.297222
0 0.815234 0.156250 0.244531 0.309722
0 0.854297 0.365972 0.291406 0.584722
0 0.890625 0.727778 0.218750 0.544444
1 0.555078 0.839583 0.130469 0.265278
1 0.396875 0.575000 0.134375 0.455556
1 0.383984 0.225694 0.086719 0.340278
1 0.394531 0.038889 0.054688 0.075000
1 0.567578 0.049306 0.102344 0.095833
1 0.617969 0.295139 0.164062 0.465278
1 0.698047 0.602778 0.161719 0.486111
1 0.739062 0.849306 0.196875 0.301389
2 0.473828 0.814583 0.266406 0.370833
2 0.324219 0.468056 0.200000 0.452778
2 0.697656 0.236806 0.185938 0.470833
