0 0.152344 0.701389 0.303125 0.597222
0 0.152344 0.352083 0.303125 0.643056
0 0.170703 0.150000 0.285156 0.297222
0 0.766406 0.147222 0.235937 0.291667
0 0.835547 0.329167 0.310156 0.591667
0 0.879297 0.702083 0.241406 0.595833
1 0.504297 0.853472 0.210156 0.229167
1 0.371875 0.582639 0.137500 0.459722
1 0.354297 0.230556 0.096094 0.330556
1 0.352344 0.043056 0.076563 0.083333
1 0.533984 0.043750 0.097656 0.084722
1 0.599219 0.283333 0.165625 0.458333
1 0.683203 0.584028 0.164844 0.493056
1 0.740234 0.840278 0.207031 0.319444
2 0.479687 0.837500 0.284375 0.325000
2 0.301563 0.486806 0.206250 0.437500
2 0.658594 0.231250 0.170313 0.459722
