0 0.098437 0.681250 0.195312 0.637500
0 0.131641 0.441667 0.261719 0.722222
0 0.146484 0.221528 0.289844 0.440278
0 0.325781 0.055556 0.035937 0.108333
0 0.617969 0.058333 0.034375 0.108333
0 0.788672 0.222917 0.260156 0.440278
0 0.851953 0.448611 0.296094 0.647222
0 0.891406 0.706250 0.217188 0.587500
1 0.270313 0.893056 0.062500 0.213889
1 0.303906 0.721528 0.193750 0.545833
1 0.360547 0.476389 0.197656 0.505556
1 0.372266 0.137500 0.083594 0.272222
1 0.380469 0.109722 0.082812 0.216667
1 0.400391 0.090278 0.028906 0.102778
1 0.571484 0.170139 0.097656 0.337500
1 0.575781 0.112500 0.073438 0.222222
1 0.543750 0.072917 0.032813 0.126389
1 0.558984 0.455556 0.075781 0.483333
1 0.617578 0.723611 0.225781 0.552778
1 0.719531 0.935417 0.162500 0.129167
2 0.318750 0.308333 0.179688 0.486111
2 0.672266 0.577778 0.233594 0.833333
2 0.658203 0.259722 0.163281 0.469444
