0 0.089844 0.663889 0.178125 0.650000
0 0.124609 0.413194 0.247656 0.718056
0 0.137500 0.208333 0.271875 0.413889
0 0.767188 0.204861 0.239063 0.406944
0 0.844141 0.423611 0.311719 0.638889
0 0.881641 0.690972 0.236719 0.618056
1 0.252734 0.881944 0.061719 0.236111
1 0.284375 0.708333 0.196875 0.583333
1 0.344141 0.454167 0.186719 0.500000
1 0.352734 0.123611 0.085156 0.244444
1 0.362109 0.098611 0.085156 0.194444
1 0.384375 0.058333 0.032813 0.113889
1 0.524219 0.056944 0.026562 0.105556
1 0.547656 0.068750 0.026562 0.131944
1 0.573047 0.438194 0.166406 0.476389
1 0.661719 0.590972 0.214062 0.426389
1 0.567969 0.886806 0.075000 0.226389
2 0.712500 0.702083 0.284375 0.595833
2 0.296484 0.276389 0.185156 0.472222
2 0.616406 0.297917 0.190625 0.590278
