0 0.098437 0.675694 0.195312 0.648611
0 0.130078 0.418056 0.258594 0.711111
0 0.139453 0.213889 0.277344 0.425000
0 0.318750 0.054167 0.048438 0.105556
0 0.775391 0.207639 0.235156 0.409722
0 0.862109 0.435417 0.275781 0.629167
0 0.891016 0.707639 0.217969 0.584722
1 0.261328 0.884722 0.071094 0.230556
1 0.301563 0.710417 0.198437 0.568056
1 0.355469 0.463194 0.196875 0.501389
1 0.369922 0.133333 0.082031 0.263889
1 0.376953 0.102778 0.086719 0.202778
1 0.539453 0.053472 0.035156 0.101389
1 0.600000 0.489583 0.143750 0.395833
1 0.626563 0.554167 0.065625 0.322222
1 0.535547 0.831250 0.124219 0.337500
2 0.662891 0.681250 0.277344 0.637500
2 0.314844 0.287500 0.184375 0.486111
2 0.620703 0.271528 0.164844 0.509722
