0 0.100781 0.680556 0.200000 0.638889
0 0.137109 0.440278 0.272656 0.725000
0 0.151562 0.224306 0.300000 0.445833
0 0.341016 0.062500 0.036719 0.122222
0 0.897656 0.695139 0.204687 0.609722
0 0.858203 0.463889 0.283594 0.688889
0 0.799609 0.238889 0.264844 0.475000
0 0.643359 0.071528 0.055469 0.134722
1 0.719531 0.947222 0.153125 0.105556
1 0.660547 0.720139 0.236719 0.537500
1 0.643750 0.490278 0.187500 0.438889
1 0.600000 0.185417 0.125000 0.354167
1 0.590234 0.122222 0.075781 0.241667
1 0.562500 0.086111 0.040625 0.138889
1 0.296094 0.628472 0.160938 0.356944
1 0.365625 0.419444 0.176563 0.358333
1 0.384766 0.142361 0.083594 0.281944
1 0.392969 0.118750 0.082812 0.234722
1 0.417187 0.102083 0.035937 0.104167
2 0.369922 0.756944 0.283594 0.486111
2 0.329688 0.303472 0.175000 0.468056
