0 0.099609 0.677778 0.197656 0.644444
0 0.135937 0.436111 0.270313 0.716667
0 0.152734 0.225694 0.302344 0.445833
0 0.338281 0.060417 0.042188 0.118056
0 0.895703 0.704861 0.208594 0.590278
0 0.856641 0.475694 0.286719 0.668056
0 0.788281 0.235417 0.246875 0.451389
0 0.638281 0.074306 0.054688 0.140278
1 0.714844 0.950694 0.143750 0.098611
1 0.659766 0.709722 0.230469 0.522222
1 0.643359 0.479861 0.186719 0.420833
1 0.595703 0.180556 0.130469 0.350000
1 0.586719 0.117361 0.073438 0.231944
1 0.554297 0.089583 0.033594 0.126389
1 0.298828 0.624306 0.161719 0.348611
1 0.364063 0.484028 0.190625 0.495833
1 0.379297 0.143750 0.077344 0.284722
1 0.389453 0.115278 0.082031 0.225000
1 0.411328 0.097917 0.038281 0.098611
2 0.351172 0.756250 0.261719 0.487500
2 0.323828 0.315972 0.183594 0.484722
