0 0.100781 0.679167 0.200000 0.641667
0 0.134766 0.426389 0.267969 0.702778
0 0.150391 0.225000 0.299219 0.444444
0 0.335938 0.061111 0.040625 0.119444
0 0.626172 0.056944 0.033594 0.111111
0 0.791016 0.227083 0.253906 0.448611
0 0.853125 0.465278 0.293750 0.672222
0 0.896484 0.728472 0.207031 0.543056
1 0.442188 0.931944 0.048438 0.136111
1 0.328516 0.604861 0.100781 0.326389
1 0.366797 0.481250 0.186719 0.501389
1 0.377344 0.136111 0.076563 0.269444
1 0.389844 0.118750 0.082812 0.209722
1 0.413672 0.093750 0.025781 0.106944
1 0.582031 0.174306 0.092188 0.345833
1 0.583203 0.113194 0.064844 0.223611
1 0.555078 0.087500 0.033594 0.111111
1 0.579688 0.475000 0.176563 0.494444
1 0.660156 0.714583 0.226562 0.556944
1 0.676562 0.939583 0.068750 0.120833
2 0.305469 0.787500 0.281250 0.425000
2 0.328906 0.306944 0.179688 0.494444
2 0.662891 0.335417 0.205469 0.665278
