0 0.219922 0.713194 0.380469 0.573611
0 0.237500 0.363194 0.326562 0.581944
0 0.025781 0.274306 0.050000 0.376389
0 0.267188 0.150694 0.260937 0.298611
0 0.796094 0.104861 0.100000 0.206944
0 0.892578 0.273611 0.214844 0.538889
0 0.940234 0.672222 0.119531 0.655556
1 0.651563 0.797222 0.156250 0.266667
1 0.478516 0.547222 0.113281 0.438889
1 0.438672 0.211806 0.094531 0.337500
1 0.434375 0.031944 0.067187 0.061111
1 0.601172 0.022222 0.049219 0.041667
1 0.694141 0.220139 0.161719 0.437500
1 0.805859 0.512500 0.194531 0.502778
1 0.873047 0.802083 0.217969 0.395833
2 0.589063 0.800694 0.275000 0.398611
2 0.398828 0.456250 0.207031 0.404167
2 0.744141 0.197917 0.163281 0.393056
