0 0.100391 0.684722 0.199219 0.630556
0 0.137500 0.429861 0.271875 0.668056
0 0.157422 0.234028 0.313281 0.462500
0 0.347266 0.071528 0.036719 0.140278
0 0.640625 0.077083 0.037500 0.151389
0 0.799219 0.242361 0.246875 0.481944
0 0.871094 0.481944 0.257812 0.702778
0 0.900391 0.696528 0.199219 0.606944
1 0.353516 0.947222 0.055469 0.105556
1 0.317969 0.705556 0.173437 0.469444
1 0.360156 0.514583 0.167187 0.509722
1 0.392188 0.190972 0.084375 0.354167
1 0.401172 0.126389 0.085156 0.250000
1 0.424609 0.122917 0.032031 0.095833
1 0.565625 0.087500 0.034375 0.172222
1 0.594922 0.127083 0.074219 0.251389
1 0.608203 0.202778 0.141406 0.350000
1 0.612500 0.517361 0.092188 0.493056
1 0.694922 0.748611 0.228906 0.502778
1 0.683594 0.956944 0.060937 0.086111
2 0.176953 0.780556 0.336719 0.438889
2 0.316406 0.292361 0.142187 0.509722
2 0.719922 0.570833 0.161719 0.622222
