0 0.090625 0.690972 0.179688 0.618056
0 0.124609 0.465972 0.247656 0.726389
0 0.140625 0.234722 0.279687 0.463889
0 0.313672 0.070139 0.038281 0.137500
0 0.607031 0.071528 0.042188 0.140278
0 0.768359 0.238889 0.250781 0.475000
0 0.848047 0.468056 0.296094 0.694444
0 0.889844 0.692361 0.220312 0.615278
1 0.450781 0.918750 0.059375 0.162500
1 0.271094 0.726389 0.168750 0.511111
1 0.358594 0.509028 0.159375 0.504167
1 0.357812 0.156250 0.075000 0.293056
1 0.368750 0.125000 0.079687 0.247222
1 0.394922 0.124306 0.025781 0.104167
1 0.533984 0.082639 0.035156 0.162500
1 0.563672 0.127083 0.066406 0.251389
1 0.576953 0.200694 0.128906 0.348611
1 0.620313 0.495139 0.189062 0.415278
1 0.639062 0.709028 0.235937 0.509722
1 0.698438 0.950694 0.146875 0.098611
2 0.346875 0.754167 0.225000 0.491667
2 0.303516 0.320833 0.175781 0.452778
