0 0.077344 0.640278 0.153125 0.719444
0 0.126172 0.311111 0.246094 0.619444
0 0.225000 0.181944 0.107813 0.361111
0 0.784375 0.204861 0.273438 0.398611
0 0.840625 0.400000 0.312500 0.711111
0 0.884375 0.669444 0.231250 0.661111
1 0.686719 0.912500 0.146875 0.175000
1 0.662109 0.686806 0.207031 0.593056
1 0.612500 0.426389 0.162500 0.486111
1 0.312109 0.585417 0.138281 0.420833
1 0.367578 0.413889 0.186719 0.497222
1 0.366406 0.075000 0.071875 0.147222
1 0.395313 0.065278 0.031250 0.127778
2 0.547266 0.254167 0.111719 0.505556
2 0.239063 0.684028 0.300000 0.631944
2 0.333594 0.225000 0.168750 0.447222
