0 0.111719 0.667361 0.220312 0.665278
0 0.151172 0.404861 0.294531 0.687500
0 0.177734 0.206944 0.305469 0.411111
0 0.662109 0.061111 0.038281 0.119444
0 0.819531 0.223611 0.251563 0.438889
0 0.875000 0.458333 0.245312 0.708333
0 0.914453 0.686806 0.171094 0.626389
1 0.739844 0.944444 0.150000 0.111111
1 0.710938 0.720833 0.235937 0.544444
1 0.643359 0.488194 0.113281 0.479167
1 0.630469 0.177778 0.140625 0.350000
1 0.617969 0.115972 0.076563 0.229167
1 0.585156 0.088889 0.034375 0.133333
1 0.361328 0.932639 0.067969 0.134722
1 0.341016 0.670139 0.167969 0.465278
1 0.381641 0.499306 0.157031 0.451389
1 0.416406 0.172917 0.082812 0.343056
1 0.419922 0.115972 0.080469 0.229167
1 0.443750 0.093750 0.028125 0.098611
2 0.184375 0.753472 0.321875 0.493056
2 0.357031 0.275694 0.117188 0.470833
2 0.784766 0.576389 0.214844 0.602778
