0 0.101562 0.684028 0.201563 0.631944
0 0.139844 0.431250 0.276562 0.681944
0 0.151562 0.229167 0.300000 0.455556
0 0.349219 0.068056 0.032813 0.133333
0 0.642188 0.074306 0.039062 0.145833
0 0.789062 0.242361 0.235937 0.481944
0 0.873828 0.482639 0.252344 0.701389
0 0.905469 0.699306 0.189062 0.601389
1 0.345313 0.942361 0.071875 0.115278
1 0.323437 0.700694 0.167187 0.470833
1 0.357812 0.507639 0.165625 0.495833
1 0.396094 0.184722 0.087500 0.352778
1 0.404297 0.123611 0.083594 0.244444
1 0.426172 0.122222 0.030469 0.100000
1 0.566406 0.081250 0.035937 0.159722
1 0.596875 0.129167 0.067187 0.255556
1 0.610156 0.203472 0.135937 0.354167
1 0.611328 0.517361 0.088281 0.498611
1 0.698438 0.728472 0.234375 0.526389
1 0.683984 0.958333 0.071094 0.083333
2 0.167187 0.822917 0.331250 0.354167
2 0.742969 0.550000 0.156250 0.677778
2 0.324609 0.299306 0.138281 0.495833
