0 0.091406 0.684028 0.179688 0.631944
0 0.137891 0.415278 0.274219 0.650000
0 0.155469 0.236806 0.307812 0.470833
0 0.344531 0.072222 0.035937 0.141667
0 0.643359 0.075694 0.028906 0.148611
0 0.800781 0.247917 0.256250 0.487500
0 0.863672 0.490972 0.272656 0.704167
0 0.902344 0.702083 0.195312 0.595833
1 0.721484 0.961806 0.147656 0.076389
1 0.603516 0.767361 0.249219 0.459722
1 0.664453 0.546528 0.157031 0.565278
1 0.384766 0.158333 0.091406 0.294444
1 0.398828 0.125000 0.083594 0.247222
1 0.421484 0.125694 0.032031 0.093056
1 0.380859 0.507639 0.164844 0.518056
1 0.336328 0.677083 0.138281 0.423611
1 0.400000 0.924306 0.067187 0.151389
2 0.272266 0.770139 0.247656 0.459722
2 0.329297 0.323611 0.175781 0.475000
2 0.560156 0.422222 0.175000 0.841667
