0 0.101562 0.665972 0.201563 0.668056
0 0.142969 0.382639 0.282813 0.656944
0 0.153125 0.204861 0.296875 0.404167
0 0.817969 0.200694 0.293750 0.395833
0 0.867188 0.386111 0.265625 0.694444
0 0.908984 0.649306 0.182031 0.701389
1 0.741016 0.915278 0.153906 0.169444
1 0.707422 0.692361 0.203906 0.587500
1 0.667578 0.443056 0.169531 0.519444
1 0.609766 0.150694 0.130469 0.298611
1 0.600000 0.091667 0.071875 0.180556
1 0.562109 0.049306 0.024219 0.095833
1 0.404297 0.868750 0.050781 0.245833
1 0.352734 0.617361 0.141406 0.429167
1 0.406250 0.442361 0.187500 0.515278
1 0.383984 0.097222 0.061719 0.191667
1 0.399609 0.087500 0.080469 0.172222
1 0.424219 0.054861 0.028125 0.090278
2 0.361328 0.259028 0.175781 0.465278
2 0.262891 0.706250 0.291406 0.587500
