0 0.098828 0.661806 0.194531 0.676389
0 0.142578 0.352778 0.282031 0.608333
0 0.155469 0.204167 0.303125 0.400000
0 0.802734 0.200694 0.266406 0.395833
0 0.868750 0.397222 0.262500 0.702778
0 0.912891 0.656250 0.174219 0.687500
1 0.736719 0.918056 0.156250 0.163889
1 0.703125 0.690972 0.206250 0.590278
1 0.657031 0.443056 0.164062 0.497222
1 0.608984 0.150694 0.133594 0.298611
1 0.600000 0.093056 0.073438 0.183333
1 0.561328 0.054167 0.032031 0.105556
1 0.404687 0.880556 0.043750 0.238889
1 0.351172 0.620833 0.138281 0.425000
1 0.406641 0.443750 0.186719 0.498611
1 0.382422 0.088889 0.055469 0.169444
1 0.398828 0.094444 0.078906 0.186111
1 0.421484 0.059722 0.033594 0.116667
2 0.354687 0.254167 0.173437 0.475000
2 0.261719 0.687500 0.285938 0.625000
