0 0.112109 0.672917 0.221094 0.654167
0 0.135156 0.382639 0.267188 0.651389
0 0.147656 0.209722 0.293750 0.413889
0 0.812500 0.185417 0.279687 0.368056
0 0.870313 0.390278 0.259375 0.705556
0 0.904687 0.649306 0.190625 0.701389
1 0.741797 0.919444 0.153906 0.161111
1 0.703906 0.701389 0.242188 0.597222
1 0.632422 0.428472 0.099219 0.493056
1 0.603906 0.150694 0.135937 0.298611
1 0.592578 0.095833 0.074219 0.188889
1 0.554297 0.051389 0.027344 0.100000
1 0.332422 0.854167 0.086719 0.291667
1 0.340234 0.708333 0.161719 0.583333
1 0.364844 0.469444 0.165625 0.466667
1 0.390234 0.152778 0.082031 0.302778
1 0.393750 0.093056 0.082812 0.183333
1 0.417969 0.065278 0.037500 0.100000
2 0.353906 0.252083 0.151562 0.476389
2 0.194531 0.713194 0.320312 0.573611
2 0.770312 0.495139 0.228125 0.637500
