0 0.108594 0.673611 0.214062 0.652778
0 0.142187 0.388889 0.282813 0.644444
0 0.153906 0.211806 0.306250 0.415278
0 0.817578 0.196528 0.280469 0.387500
0 0.864062 0.377083 0.271875 0.701389
0 0.908984 0.645833 0.182031 0.708333
1 0.746094 0.915278 0.154688 0.169444
1 0.681250 0.713194 0.245312 0.540278
1 0.677734 0.420833 0.144531 0.338889
1 0.338281 0.852083 0.082812 0.295833
1 0.341797 0.706944 0.160156 0.586111
1 0.369141 0.470833 0.157031 0.469444
1 0.390234 0.152083 0.089844 0.301389
1 0.394141 0.092361 0.078906 0.181944
1 0.418750 0.061111 0.029687 0.105556
2 0.207031 0.713194 0.303125 0.573611
2 0.350781 0.252083 0.153125 0.465278
2 0.592187 0.397917 0.165625 0.793056
