0 0.103906 0.687500 0.204687 0.625000
0 0.140625 0.439583 0.279687 0.687500
0 0.160156 0.237500 0.310937 0.466667
0 0.350391 0.072222 0.030469 0.141667
0 0.645312 0.084028 0.040625 0.165278
0 0.805078 0.250694 0.258594 0.493056
0 0.858594 0.488194 0.282813 0.701389
0 0.902344 0.704167 0.195312 0.591667
1 0.718750 0.961806 0.134375 0.076389
1 0.688281 0.771528 0.234375 0.456944
1 0.608594 0.525694 0.078125 0.504167
1 0.609766 0.209722 0.135156 0.341667
1 0.596875 0.127778 0.070312 0.252778
1 0.567187 0.088889 0.034375 0.175000
1 0.348047 0.949306 0.057031 0.101389
1 0.330469 0.705556 0.165625 0.458333
1 0.377734 0.515278 0.185156 0.502778
1 0.388281 0.161806 0.076563 0.295833
1 0.401953 0.129861 0.078906 0.256944
1 0.426172 0.129167 0.028906 0.100000
2 0.328125 0.328472 0.187500 0.495833
2 0.171094 0.791667 0.335938 0.416667
2 0.707422 0.594444 0.194531 0.672222
