0 0.096875 0.690972 0.190625 0.618056
0 0.130078 0.461111 0.257031 0.716667
0 0.146875 0.235417 0.292187 0.462500
0 0.326562 0.072222 0.034375 0.141667
0 0.622656 0.075000 0.040625 0.147222
0 0.779687 0.239583 0.248438 0.476389
0 0.857031 0.477778 0.285938 0.694444
0 0.893359 0.699306 0.213281 0.601389
1 0.707422 0.956944 0.144531 0.086111
1 0.648438 0.725694 0.234375 0.520833
1 0.633594 0.495833 0.189062 0.413889
1 0.592969 0.200694 0.135937 0.348611
1 0.578906 0.129861 0.075000 0.256944
1 0.547656 0.086806 0.037500 0.170833
1 0.403516 0.122917 0.030469 0.101389
1 0.380078 0.129861 0.082031 0.256944
1 0.366016 0.158333 0.077344 0.294444
1 0.378516 0.515972 0.142969 0.504167
1 0.459375 0.914583 0.059375 0.170833
1 0.244922 0.775000 0.103906 0.427778
