0 0.097266 0.668750 0.191406 0.662500
0 0.135547 0.397222 0.269531 0.694444
0 0.151953 0.206944 0.277344 0.411111
0 0.788672 0.208333 0.264844 0.413889
0 0.865625 0.395139 0.268750 0.698611
0 0.892969 0.656250 0.214062 0.687500
1 0.724219 0.916667 0.148438 0.166667
1 0.683203 0.701389 0.238281 0.586111
1 0.616016 0.444444 0.103906 0.491667
1 0.594141 0.152778 0.133594 0.302778
1 0.582031 0.093056 0.068750 0.183333
1 0.546875 0.049306 0.021875 0.095833
1 0.366016 0.931944 0.097656 0.136111
1 0.317578 0.654861 0.182031 0.481944
1 0.349219 0.468056 0.164062 0.475000
1 0.374219 0.152778 0.093750 0.302778
1 0.383203 0.091667 0.082031 0.180556
1 0.407813 0.060417 0.028125 0.104167
2 0.332813 0.259028 0.150000 0.487500
2 0.199609 0.742361 0.321094 0.515278
2 0.761328 0.512500 0.232031 0.627778
