0 0.096484 0.665972 0.191406 0.668056
0 0.131641 0.402083 0.260156 0.704167
0 0.152734 0.200000 0.277344 0.397222
0 0.787109 0.185417 0.275781 0.368056
0 0.866406 0.385417 0.267188 0.704167
0 0.902734 0.654167 0.194531 0.691667
1 0.725000 0.913194 0.154688 0.173611
1 0.680078 0.695139 0.232031 0.606944
1 0.617188 0.434722 0.104688 0.500000
1 0.367578 0.927083 0.063281 0.145833
1 0.314063 0.645833 0.175000 0.472222
1 0.349219 0.460417 0.167187 0.476389
1 0.593359 0.150694 0.132031 0.298611
1 0.580859 0.091667 0.071094 0.180556
1 0.544531 0.052083 0.028125 0.101389
1 0.376563 0.147222 0.082812 0.291667
1 0.379688 0.094444 0.084375 0.186111
1 0.407422 0.056944 0.027344 0.091667
2 0.331641 0.261806 0.139844 0.504167
2 0.214453 0.727083 0.277344 0.545833
2 0.748828 0.501389 0.224219 0.625000
