0 0.071875 0.646528 0.140625 0.706944
0 0.120313 0.318750 0.239063 0.634722
0 0.216797 0.188194 0.113281 0.373611
0 0.757422 0.203472 0.238281 0.401389
0 0.845703 0.406944 0.308594 0.688889
0 0.878516 0.670139 0.242969 0.659722
1 0.674219 0.918750 0.150000 0.162500
1 0.648438 0.688194 0.203125 0.584722
1 0.539062 0.438889 0.179688 0.497222
1 0.569922 0.148611 0.133594 0.227778
1 0.301563 0.600000 0.139063 0.425000
1 0.352734 0.422917 0.188281 0.490278
1 0.345703 0.077778 0.058594 0.150000
1 0.363672 0.075000 0.074219 0.147222
1 0.384766 0.034028 0.025781 0.065278
2 0.316406 0.239583 0.175000 0.473611
2 0.537500 0.278472 0.153125 0.551389
2 0.212891 0.690972 0.292969 0.618056
