0 0.077734 0.672917 0.153906 0.654167
0 0.130078 0.372222 0.258594 0.641667
0 0.151953 0.219444 0.296094 0.436111
0 0.792578 0.236111 0.266406 0.463889
0 0.855078 0.468750 0.289844 0.687500
0 0.889062 0.698611 0.221875 0.602778
1 0.699219 0.951389 0.154688 0.097222
1 0.666406 0.711111 0.200000 0.508333
1 0.614062 0.497222 0.165625 0.455556
1 0.555469 0.174306 0.056250 0.345833
1 0.546094 0.068750 0.028125 0.115278
1 0.322656 0.865972 0.096875 0.268056
1 0.307031 0.664583 0.148438 0.451389
1 0.384766 0.484722 0.174219 0.508333
1 0.362500 0.122222 0.064062 0.238889
1 0.380859 0.101389 0.082031 0.200000
1 0.407813 0.077778 0.028125 0.105556
2 0.341406 0.286806 0.167187 0.462500
2 0.214844 0.736806 0.279687 0.526389
2 0.640625 0.293056 0.134375 0.511111
