0 0.102344 0.680556 0.201563 0.638889
0 0.137891 0.440972 0.274219 0.715278
0 0.155859 0.222917 0.300781 0.443056
0 0.642578 0.075000 0.038281 0.147222
0 0.810937 0.245833 0.260937 0.475000
0 0.865625 0.479167 0.268750 0.694444
0 0.908984 0.699306 0.182031 0.601389
1 0.719141 0.958333 0.139844 0.083333
1 0.688281 0.724306 0.235937 0.523611
1 0.624609 0.506944 0.100781 0.500000
1 0.608203 0.197222 0.138281 0.355556
1 0.598437 0.121528 0.079687 0.240278
1 0.569141 0.086806 0.044531 0.170833
1 0.331641 0.944444 0.096094 0.111111
1 0.314063 0.701389 0.181250 0.480556
1 0.356250 0.500000 0.164062 0.497222
1 0.392969 0.176389 0.081250 0.350000
1 0.401562 0.120833 0.084375 0.238889
1 0.426172 0.113889 0.035156 0.105556
2 0.331250 0.304167 0.140625 0.488889
2 0.164062 0.823611 0.326562 0.352778
2 0.768750 0.588889 0.240625 0.625000
