0 0.083984 0.658333 0.166406 0.683333
0 0.123828 0.354167 0.241406 0.663889
0 0.148438 0.199306 0.237500 0.393056
0 0.769531 0.215972 0.242188 0.423611
0 0.847656 0.425694 0.304688 0.693056
0 0.884766 0.684028 0.230469 0.631944
1 0.683984 0.927778 0.142969 0.144444
1 0.653125 0.663889 0.198437 0.486111
1 0.605859 0.436806 0.169531 0.487500
1 0.567578 0.147222 0.110156 0.291667
1 0.566406 0.093056 0.068750 0.183333
1 0.532422 0.049306 0.025781 0.095833
1 0.306250 0.845833 0.104688 0.308333
1 0.303516 0.618750 0.138281 0.420833
1 0.329688 0.454167 0.143750 0.461111
1 0.360547 0.147222 0.089844 0.291667
1 0.367578 0.085417 0.086719 0.168056
1 0.395313 0.043750 0.032813 0.084722
2 0.310156 0.244444 0.131250 0.458333
2 0.173047 0.728472 0.300781 0.543056
2 0.671094 0.272222 0.176563 0.488889
