0 0.112500 0.678472 0.218750 0.643056
0 0.144922 0.415972 0.286719 0.676389
0 0.155469 0.209722 0.309375 0.413889
0 0.815625 0.197222 0.296875 0.388889
0 0.871094 0.372917 0.257812 0.704167
0 0.914453 0.645833 0.171094 0.708333
1 0.752734 0.912500 0.157031 0.175000
1 0.719922 0.690972 0.214844 0.590278
1 0.673047 0.437500 0.164844 0.505556
1 0.611328 0.150694 0.128906 0.298611
1 0.594531 0.091667 0.067187 0.180556
1 0.558594 0.047917 0.023438 0.093056
1 0.366406 0.843750 0.104688 0.306944
1 0.350391 0.647222 0.160156 0.461111
1 0.418359 0.454861 0.175781 0.509722
1 0.400000 0.075694 0.076563 0.148611
1 0.418750 0.065972 0.029687 0.087500
2 0.378516 0.253472 0.174219 0.498611
2 0.253125 0.707639 0.290625 0.584722
