0 0.095312 0.658333 0.187500 0.683333
0 0.138672 0.368750 0.275781 0.693056
0 0.164453 0.202083 0.283594 0.401389
0 0.793750 0.234028 0.256250 0.456944
0 0.860547 0.478472 0.278906 0.668056
0 0.894922 0.714583 0.210156 0.568056
1 0.705078 0.947917 0.152344 0.104167
1 0.678125 0.704861 0.200000 0.495833
1 0.627344 0.479861 0.167187 0.481944
1 0.591797 0.167361 0.105469 0.331944
1 0.598828 0.109028 0.069531 0.215278
1 0.571875 0.065972 0.034375 0.120833
1 0.325000 0.856944 0.106250 0.286111
1 0.320312 0.634722 0.150000 0.427778
1 0.392188 0.471528 0.181250 0.495833
1 0.387500 0.100694 0.060937 0.195833
1 0.401953 0.095139 0.078906 0.187500
1 0.430859 0.062500 0.033594 0.116667
2 0.178125 0.748611 0.323437 0.502778
2 0.364063 0.261806 0.165625 0.468056
2 0.683594 0.288194 0.128125 0.515278
