0 0.087500 0.655556 0.171875 0.688889
0 0.130078 0.363889 0.258594 0.661111
0 0.150781 0.202778 0.268750 0.402778
0 0.786719 0.220833 0.251563 0.430556
0 0.852344 0.448611 0.295312 0.683333
0 0.887500 0.689583 0.225000 0.620833
1 0.695312 0.931944 0.150000 0.136111
1 0.669141 0.670833 0.199219 0.491667
1 0.615234 0.450694 0.166406 0.479167
1 0.584766 0.153472 0.107031 0.304167
1 0.582812 0.095139 0.075000 0.187500
1 0.547266 0.054861 0.033594 0.106944
1 0.317969 0.846528 0.100000 0.306944
1 0.320312 0.622917 0.142187 0.426389
1 0.370703 0.437500 0.167969 0.511111
1 0.370312 0.115972 0.073438 0.229167
1 0.385156 0.091667 0.079687 0.180556
1 0.412500 0.047917 0.029687 0.093056
2 0.321875 0.251389 0.165625 0.475000
2 0.177344 0.728472 0.306250 0.543056
2 0.693359 0.287500 0.185156 0.497222
