0 0.092188 0.690278 0.182812 0.619444
0 0.127734 0.460417 0.253906 0.720833
0 0.144531 0.237500 0.287500 0.469444
0 0.323828 0.071528 0.038281 0.140278
0 0.623828 0.076389 0.052344 0.147222
0 0.771875 0.238889 0.243750 0.469444
0 0.851562 0.470833 0.296875 0.688889
0 0.894922 0.696528 0.210156 0.606944
1 0.464062 0.915278 0.054688 0.169444
1 0.277734 0.722222 0.175781 0.497222
1 0.367188 0.503472 0.164062 0.504167
1 0.362500 0.151389 0.067187 0.297222
1 0.377344 0.127083 0.081250 0.251389
1 0.401953 0.120139 0.032031 0.104167
1 0.586719 0.197917 0.135937 0.351389
1 0.572656 0.127083 0.075000 0.251389
1 0.545312 0.084028 0.035937 0.165278
1 0.633984 0.497222 0.199219 0.411111
1 0.653125 0.718750 0.231250 0.512500
1 0.700391 0.956250 0.139844 0.087500
2 0.362500 0.759722 0.209375 0.480556
2 0.308203 0.322222 0.180469 0.461111
