0 0.102344 0.684028 0.201563 0.631944
0 0.138281 0.440278 0.273438 0.686111
0 0.157422 0.235417 0.313281 0.462500
0 0.644922 0.079861 0.049219 0.156944
0 0.798438 0.240278 0.235937 0.475000
0 0.871094 0.488194 0.257812 0.701389
0 0.908984 0.700694 0.182031 0.598611
1 0.718359 0.964583 0.139844 0.070833
1 0.685547 0.745139 0.208594 0.473611
1 0.611328 0.515972 0.086719 0.481944
1 0.608984 0.204861 0.139844 0.359722
1 0.598047 0.129167 0.069531 0.255556
1 0.565234 0.089583 0.035156 0.176389
1 0.353906 0.950000 0.050000 0.100000
1 0.316797 0.708333 0.180469 0.480556
1 0.375391 0.504861 0.186719 0.512500
1 0.390625 0.111806 0.056250 0.201389
1 0.406641 0.104167 0.069531 0.205556
1 0.427344 0.127778 0.032813 0.100000
2 0.170313 0.802083 0.339062 0.395833
2 0.356641 0.304167 0.136719 0.530556
2 0.721094 0.567361 0.165625 0.643056
