0 0.108984 0.667361 0.214844 0.665278
0 0.146094 0.380556 0.290625 0.647222
0 0.160156 0.208333 0.310937 0.411111
0 0.823047 0.208333 0.278906 0.413889
0 0.875391 0.402778 0.249219 0.702778
0 0.911719 0.658333 0.176563 0.683333
1 0.748047 0.922222 0.152344 0.155556
1 0.736328 0.701389 0.228906 0.572222
1 0.675000 0.448611 0.162500 0.500000
1 0.617578 0.153472 0.133594 0.304167
1 0.608203 0.093056 0.069531 0.183333
1 0.571484 0.058333 0.035156 0.113889
1 0.410938 0.882639 0.045312 0.231944
1 0.360547 0.627083 0.138281 0.423611
1 0.416797 0.457639 0.188281 0.506944
1 0.390234 0.099306 0.060156 0.193056
1 0.408203 0.090278 0.077344 0.177778
1 0.431250 0.058333 0.031250 0.108333
2 0.374609 0.264583 0.185156 0.462500
2 0.275000 0.695833 0.279687 0.608333
