0 0.095312 0.690278 0.189062 0.619444
0 0.132031 0.465972 0.260937 0.726389
0 0.149609 0.236111 0.296094 0.469444
0 0.330078 0.069444 0.038281 0.136111
0 0.621094 0.072917 0.028125 0.143056
0 0.777734 0.245139 0.255469 0.487500
0 0.858594 0.485417 0.282813 0.681944
0 0.896094 0.698611 0.207813 0.602778
1 0.703906 0.958333 0.137500 0.083333
1 0.653906 0.727778 0.226562 0.530556
1 0.631641 0.500000 0.192969 0.427778
1 0.592578 0.203472 0.130469 0.354167
1 0.580078 0.129167 0.066406 0.255556
1 0.553125 0.086111 0.042188 0.169444
1 0.410938 0.130556 0.032813 0.094444
1 0.383984 0.129861 0.080469 0.256944
1 0.370312 0.160417 0.073438 0.287500
1 0.375781 0.510417 0.168750 0.501389
1 0.287500 0.705556 0.160938 0.463889
1 0.458203 0.918056 0.061719 0.163889
2 0.312109 0.762500 0.264844 0.475000
2 0.316797 0.335417 0.180469 0.470833
