0 0.080859 0.654861 0.160156 0.690278
0 0.121094 0.339583 0.240625 0.648611
0 0.149219 0.195833 0.256250 0.388889
0 0.770312 0.215278 0.245312 0.422222
0 0.847656 0.427778 0.304688 0.683333
0 0.882422 0.678472 0.235156 0.643056
1 0.680078 0.925000 0.147656 0.150000
1 0.653125 0.695833 0.192188 0.561111
1 0.600391 0.441667 0.161719 0.491667
1 0.566406 0.150000 0.110937 0.297222
1 0.564063 0.090278 0.067187 0.177778
1 0.532031 0.046528 0.031250 0.090278
1 0.305078 0.842361 0.096094 0.315278
1 0.300781 0.618056 0.142187 0.427778
1 0.322656 0.452083 0.150000 0.468056
1 0.358594 0.147222 0.090625 0.291667
1 0.367578 0.083333 0.080469 0.163889
1 0.391797 0.042361 0.033594 0.081944
2 0.311328 0.252083 0.127344 0.473611
2 0.163281 0.728472 0.309375 0.543056
2 0.671484 0.275000 0.169531 0.497222
