0 0.096094 0.661111 0.189062 0.677778
0 0.141016 0.347917 0.275781 0.618056
0 0.151562 0.198611 0.296875 0.394444
0 0.813281 0.197222 0.296875 0.391667
0 0.867969 0.382639 0.264062 0.709722
0 0.906250 0.650000 0.187500 0.700000
1 0.736719 0.911806 0.151562 0.176389
1 0.707422 0.688889 0.207031 0.597222
1 0.661719 0.427778 0.160938 0.491667
1 0.607422 0.143750 0.130469 0.284722
1 0.592187 0.089583 0.068750 0.176389
1 0.557031 0.049306 0.025000 0.095833
1 0.403125 0.875694 0.037500 0.248611
1 0.354687 0.611111 0.134375 0.430556
1 0.401953 0.437500 0.183594 0.508333
1 0.379688 0.087500 0.060937 0.169444
1 0.394922 0.085417 0.075781 0.168056
1 0.419922 0.046528 0.028906 0.090278
2 0.351953 0.248611 0.178906 0.480556
2 0.260156 0.687500 0.275000 0.625000
