0 0.109375 0.672222 0.212500 0.655556
0 0.143750 0.412500 0.285938 0.686111
0 0.160547 0.217361 0.310156 0.431944
0 0.647266 0.058333 0.041406 0.113889
0 0.809766 0.238889 0.263281 0.475000
0 0.875391 0.440972 0.249219 0.690278
0 0.912109 0.681944 0.175781 0.636111
1 0.729297 0.943750 0.153906 0.112500
1 0.698438 0.710417 0.243750 0.554167
1 0.628906 0.485417 0.098437 0.498611
1 0.615234 0.172917 0.136719 0.343056
1 0.603516 0.110417 0.072656 0.218056
1 0.567187 0.077083 0.032813 0.120833
1 0.348828 0.932639 0.071094 0.134722
1 0.331641 0.670833 0.174219 0.475000
1 0.364063 0.484028 0.170313 0.487500
1 0.396094 0.165278 0.087500 0.327778
1 0.401562 0.110417 0.082812 0.218056
1 0.424609 0.086806 0.033594 0.104167
2 0.171875 0.760417 0.328125 0.479167
2 0.350391 0.277083 0.136719 0.473611
2 0.772656 0.554167 0.246875 0.622222
