0 0.118359 0.669444 0.235156 0.661111
0 0.138281 0.385417 0.273438 0.645833
0 0.154297 0.209028 0.305469 0.415278
0 0.812109 0.200694 0.274219 0.393056
0 0.868750 0.379861 0.262500 0.695833
0 0.906250 0.644444 0.187500 0.711111
1 0.744141 0.915972 0.152344 0.168056
1 0.661719 0.722222 0.268750 0.533333
1 0.644141 0.277778 0.082031 0.177778
1 0.604297 0.153472 0.136719 0.298611
1 0.591406 0.092361 0.068750 0.181944
1 0.555469 0.051389 0.028125 0.100000
1 0.333203 0.852083 0.078906 0.295833
1 0.341406 0.706944 0.160938 0.586111
1 0.364453 0.466667 0.160156 0.461111
1 0.390625 0.152083 0.087500 0.301389
1 0.393359 0.093056 0.080469 0.183333
1 0.417578 0.060417 0.032031 0.109722
2 0.205078 0.715278 0.303906 0.569444
2 0.357422 0.237500 0.150781 0.444444
2 0.720703 0.522222 0.241406 0.663889
