0 0.098047 0.663194 0.194531 0.673611
0 0.140234 0.384722 0.277344 0.688889
0 0.166406 0.212500 0.303125 0.419444
0 0.814063 0.240278 0.253125 0.475000
0 0.867969 0.493750 0.264062 0.676389
0 0.897266 0.715972 0.205469 0.568056
1 0.701562 0.955556 0.135937 0.088889
1 0.680859 0.715278 0.200781 0.488889
1 0.634375 0.542361 0.173437 0.370833
1 0.332031 0.861111 0.101562 0.277778
1 0.321484 0.654861 0.166406 0.420833
1 0.399609 0.478472 0.178906 0.501389
1 0.394141 0.109028 0.055469 0.215278
1 0.409766 0.100694 0.074219 0.198611
1 0.434375 0.083333 0.026562 0.105556
1 0.569531 0.080556 0.028125 0.097222
1 0.574219 0.153472 0.057813 0.304167
2 0.647656 0.296528 0.132812 0.537500
2 0.363672 0.278472 0.153906 0.481944
2 0.175000 0.745833 0.329688 0.508333
