0 0.102344 0.673611 0.203125 0.652778
0 0.142578 0.389583 0.283594 0.640278
0 0.157422 0.212500 0.299219 0.419444
0 0.820703 0.208333 0.278906 0.408333
0 0.865625 0.404167 0.268750 0.700000
0 0.904297 0.661806 0.191406 0.676389
1 0.743359 0.926389 0.150781 0.147222
1 0.726953 0.696528 0.228906 0.568056
1 0.668359 0.452083 0.164844 0.506944
1 0.612891 0.159722 0.128906 0.316667
1 0.596875 0.100000 0.071875 0.197222
1 0.560156 0.056944 0.029687 0.111111
1 0.331250 0.589583 0.109375 0.329167
1 0.404687 0.458333 0.189062 0.500000
1 0.386719 0.087500 0.053125 0.172222
1 0.422266 0.125000 0.036719 0.127778
2 0.360938 0.272222 0.178125 0.455556
2 0.352734 0.070139 0.103906 0.129167
2 0.282031 0.702083 0.351562 0.595833
