0 0.082422 0.640972 0.161719 0.718056
0 0.132812 0.313194 0.262500 0.620833
0 0.246875 0.188194 0.109375 0.373611
0 0.787109 0.218056 0.244531 0.427778
0 0.858203 0.439583 0.283594 0.698611
0 0.881641 0.686111 0.236719 0.627778
1 0.692969 0.930556 0.151562 0.138889
1 0.662891 0.699306 0.205469 0.556944
1 0.565625 0.444444 0.153125 0.497222
1 0.595313 0.078472 0.076563 0.151389
1 0.562500 0.079861 0.037500 0.118056
1 0.319531 0.593056 0.129688 0.411111
1 0.382422 0.434722 0.178906 0.502778
1 0.373047 0.072917 0.052344 0.140278
1 0.398438 0.077083 0.071875 0.151389
1 0.419922 0.039583 0.030469 0.076389
2 0.351953 0.238194 0.166406 0.468056
2 0.645312 0.292361 0.175000 0.484722
2 0.237500 0.683333 0.276562 0.633333
