0 0.111719 0.667361 0.220312 0.665278
0 0.133203 0.363194 0.264844 0.634722
0 0.152344 0.211806 0.296875 0.415278
0 0.806641 0.177778 0.271094 0.344444
0 0.865234 0.387500 0.269531 0.700000
0 0.903125 0.650000 0.193750 0.700000
1 0.333203 0.852083 0.092969 0.295833
1 0.339453 0.706944 0.155469 0.586111
1 0.364063 0.466667 0.159375 0.466667
1 0.388281 0.152778 0.085938 0.302778
1 0.390625 0.091667 0.087500 0.180556
1 0.416406 0.063194 0.029687 0.087500
1 0.738281 0.918056 0.157812 0.163889
1 0.679297 0.714583 0.250781 0.556944
1 0.646094 0.354861 0.092188 0.343056
1 0.604688 0.155556 0.132812 0.308333
1 0.591016 0.094444 0.071094 0.186111
1 0.557031 0.051389 0.029687 0.100000
2 0.198047 0.712500 0.302344 0.575000
2 0.342969 0.261111 0.142187 0.480556
2 0.748437 0.515278 0.232813 0.633333
