0 0.105469 0.675694 0.207813 0.648611
0 0.137109 0.406944 0.272656 0.688889
0 0.151953 0.214583 0.297656 0.426389
0 0.792578 0.199306 0.247656 0.387500
0 0.865625 0.403472 0.268750 0.704167
0 0.906250 0.656250 0.187500 0.687500
1 0.732812 0.924306 0.156250 0.151389
1 0.694531 0.695833 0.240625 0.583333
1 0.624219 0.451389 0.107813 0.480556
1 0.603516 0.161806 0.132031 0.320833
1 0.589063 0.100694 0.075000 0.198611
1 0.549609 0.067361 0.027344 0.093056
1 0.351953 0.924306 0.077344 0.151389
1 0.320703 0.658333 0.188281 0.472222
1 0.359375 0.477778 0.164062 0.475000
1 0.382422 0.156944 0.091406 0.311111
1 0.388672 0.102778 0.078906 0.202778
1 0.409375 0.066667 0.034375 0.105556
2 0.337109 0.275000 0.139844 0.475000
2 0.175000 0.777083 0.315625 0.445833
2 0.759375 0.518056 0.215625 0.611111
