0 0.101953 0.686806 0.197656 0.626389
0 0.141406 0.436111 0.275000 0.683333
0 0.158594 0.234028 0.310937 0.462500
0 0.351953 0.069444 0.038281 0.136111
0 0.641016 0.075000 0.036719 0.147222
0 0.805078 0.245833 0.252344 0.480556
0 0.861328 0.487500 0.277344 0.697222
0 0.902734 0.703472 0.194531 0.593056
1 0.717969 0.961806 0.135937 0.076389
1 0.352344 0.947917 0.053125 0.104167
1 0.608203 0.748611 0.252344 0.480556
1 0.325781 0.706944 0.168750 0.472222
1 0.373437 0.509722 0.185938 0.502778
1 0.642578 0.345833 0.078906 0.152778
1 0.389453 0.157639 0.080469 0.295833
1 0.405078 0.129861 0.085156 0.256944
1 0.427734 0.120139 0.033594 0.106944
1 0.612500 0.206250 0.135937 0.351389
1 0.597266 0.129167 0.071094 0.255556
1 0.567969 0.091667 0.035937 0.180556
2 0.176172 0.768056 0.332031 0.463889
2 0.333203 0.321528 0.177344 0.487500
2 0.681250 0.629861 0.253125 0.712500
