0 0.090625 0.693056 0.179688 0.613889
0 0.124609 0.463889 0.247656 0.725000
0 0.137891 0.231250 0.274219 0.456944
0 0.313281 0.068056 0.037500 0.133333
0 0.606250 0.071528 0.043750 0.140278
0 0.768359 0.234028 0.253906 0.465278
0 0.844141 0.463889 0.305469 0.691667
0 0.887500 0.686806 0.225000 0.626389
1 0.423047 0.915972 0.058594 0.168056
1 0.296875 0.615972 0.110937 0.287500
1 0.357422 0.502083 0.178906 0.506944
1 0.353516 0.148611 0.080469 0.280556
1 0.366406 0.121528 0.087500 0.240278
1 0.390234 0.121528 0.027344 0.104167
1 0.528125 0.081250 0.032813 0.159722
1 0.561719 0.121528 0.071875 0.240278
1 0.572266 0.196528 0.121094 0.354167
1 0.620703 0.488889 0.180469 0.416667
1 0.643750 0.711111 0.226562 0.519444
1 0.699219 0.951389 0.145313 0.097222
2 0.279297 0.755556 0.278906 0.488889
2 0.296094 0.327778 0.185938 0.466667
