0 0.103125 0.660417 0.204687 0.679167
0 0.145313 0.368750 0.289062 0.662500
0 0.156250 0.204861 0.306250 0.404167
0 0.819141 0.202083 0.277344 0.398611
0 0.871875 0.397222 0.256250 0.713889
0 0.909766 0.648611 0.172656 0.688889
1 0.744922 0.918750 0.158594 0.162500
1 0.706641 0.696528 0.205469 0.584722
1 0.666797 0.438889 0.158594 0.502778
1 0.619141 0.149306 0.136719 0.295833
1 0.609766 0.090278 0.078906 0.177778
1 0.566016 0.054167 0.024219 0.086111
1 0.413281 0.875000 0.039062 0.238889
1 0.336719 0.570833 0.109375 0.336111
1 0.424609 0.446528 0.163281 0.506944
1 0.390625 0.086806 0.060937 0.170833
1 0.405469 0.081250 0.078125 0.159722
1 0.430469 0.052778 0.031250 0.102778
2 0.273828 0.684722 0.272656 0.630556
2 0.363281 0.249306 0.165625 0.470833
