0 0.095312 0.686806 0.189062 0.626389
0 0.141406 0.440972 0.281250 0.690278
0 0.160547 0.236806 0.314844 0.470833
0 0.352344 0.072222 0.032813 0.141667
0 0.640625 0.075694 0.029687 0.148611
0 0.866406 0.490278 0.267188 0.705556
0 0.899609 0.704861 0.200781 0.590278
1 0.724609 0.961111 0.133594 0.077778
1 0.584375 0.754861 0.253125 0.476389
1 0.401172 0.930556 0.078906 0.138889
1 0.326562 0.686806 0.154688 0.429167
1 0.385156 0.508333 0.162500 0.502778
1 0.391406 0.152778 0.079687 0.283333
1 0.400781 0.124306 0.081250 0.245833
1 0.426563 0.122917 0.026562 0.095833
1 0.589453 0.208333 0.091406 0.341667
1 0.596875 0.129861 0.070312 0.256944
1 0.567578 0.086806 0.033594 0.170833
2 0.223438 0.779167 0.309375 0.441667
2 0.335547 0.330556 0.169531 0.480556
2 0.699219 0.500000 0.270313 0.983333
