0 0.101562 0.686111 0.201563 0.627778
0 0.140234 0.445139 0.274219 0.701389
0 0.162891 0.225000 0.292969 0.447222
0 0.643359 0.078472 0.036719 0.154167
0 0.798047 0.228472 0.233594 0.454167
0 0.870313 0.484028 0.259375 0.704167
0 0.910937 0.700694 0.178125 0.598611
1 0.683984 0.956944 0.044531 0.086111
1 0.696094 0.730556 0.231250 0.516667
1 0.623828 0.512500 0.086719 0.494444
1 0.611328 0.202083 0.141406 0.351389
1 0.596875 0.129861 0.071875 0.256944
1 0.571094 0.089583 0.039062 0.176389
1 0.334766 0.949306 0.105469 0.101389
1 0.317578 0.710417 0.194531 0.487500
1 0.364063 0.520833 0.165625 0.480556
1 0.396094 0.188194 0.089063 0.356944
1 0.403125 0.127083 0.082812 0.251389
1 0.427734 0.120139 0.033594 0.093056
2 0.331250 0.313194 0.148438 0.481944
2 0.167969 0.829167 0.329688 0.341667
2 0.763281 0.581250 0.221875 0.648611
