0 0.092578 0.684028 0.183594 0.631944
0 0.139453 0.432639 0.275781 0.681944
0 0.161328 0.230556 0.292969 0.458333
0 0.346484 0.070139 0.038281 0.137500
0 0.643359 0.080556 0.041406 0.158333
0 0.798047 0.248611 0.253906 0.491667
0 0.862109 0.493056 0.275781 0.697222
0 0.900391 0.704167 0.199219 0.591667
1 0.404687 0.932639 0.059375 0.134722
1 0.334375 0.688889 0.132812 0.425000
1 0.378125 0.508333 0.170313 0.502778
1 0.391016 0.161111 0.083594 0.294444
1 0.397266 0.127083 0.080469 0.251389
1 0.423438 0.129167 0.032813 0.097222
1 0.708984 0.959722 0.127344 0.080556
1 0.664062 0.725694 0.231250 0.509722
1 0.659375 0.492361 0.153125 0.445833
1 0.625781 0.209722 0.098437 0.283333
1 0.608594 0.094444 0.043750 0.119444
2 0.528125 0.417361 0.131250 0.831944
2 0.328906 0.329861 0.178125 0.470833
2 0.282031 0.770139 0.256250 0.459722
