0 0.100391 0.667361 0.199219 0.665278
0 0.133984 0.390278 0.266406 0.677778
0 0.142969 0.204167 0.284375 0.405556
0 0.805078 0.188194 0.286719 0.373611
0 0.855469 0.383333 0.289062 0.702778
0 0.901172 0.647222 0.197656 0.705556
1 0.726562 0.915278 0.148438 0.169444
1 0.687109 0.691667 0.233594 0.600000
1 0.610938 0.432639 0.087500 0.495833
1 0.596484 0.147222 0.136719 0.291667
1 0.577344 0.087500 0.064062 0.172222
1 0.542578 0.046528 0.024219 0.090278
1 0.371484 0.929167 0.058594 0.141667
1 0.318750 0.643056 0.173437 0.466667
1 0.353516 0.456944 0.158594 0.486111
1 0.375391 0.145139 0.096094 0.287500
1 0.380078 0.091667 0.088281 0.180556
1 0.401562 0.052778 0.028125 0.102778
2 0.332031 0.259028 0.159375 0.487500
2 0.209375 0.725694 0.301563 0.548611
2 0.749219 0.505556 0.220312 0.636111
