0 0.092188 0.692361 0.181250 0.615278
0 0.125781 0.466667 0.250000 0.713889
0 0.139844 0.234722 0.278125 0.466667
0 0.316797 0.072222 0.036719 0.141667
0 0.612500 0.075694 0.042188 0.148611
0 0.776563 0.239583 0.264062 0.476389
0 0.849219 0.472222 0.301563 0.694444
0 0.889844 0.699306 0.220312 0.601389
1 0.456641 0.922222 0.057031 0.155556
1 0.276172 0.725694 0.171094 0.504167
1 0.362500 0.511806 0.164062 0.495833
1 0.360547 0.159028 0.080469 0.290278
1 0.372656 0.126389 0.085938 0.250000
1 0.396875 0.124306 0.029687 0.109722
1 0.582812 0.198611 0.139063 0.352778
1 0.568359 0.129167 0.067969 0.255556
1 0.537500 0.087500 0.039062 0.172222
1 0.625781 0.500000 0.190625 0.422222
1 0.645703 0.725000 0.222656 0.527778
1 0.701172 0.958333 0.141406 0.083333
2 0.347266 0.759028 0.219531 0.481944
2 0.303516 0.324306 0.183594 0.454167
