0 0.108594 0.673611 0.214062 0.652778
0 0.145703 0.386806 0.288281 0.637500
0 0.155469 0.206250 0.309375 0.406944
0 0.823047 0.199306 0.291406 0.393056
0 0.865625 0.378472 0.268750 0.706944
0 0.908594 0.643750 0.182812 0.712500
1 0.345703 0.855556 0.071094 0.283333
1 0.348438 0.706250 0.159375 0.587500
1 0.375000 0.475000 0.156250 0.458333
1 0.394922 0.156250 0.086719 0.309722
1 0.396875 0.095139 0.082812 0.187500
1 0.421875 0.062500 0.026562 0.094444
1 0.744922 0.913194 0.160156 0.173611
1 0.714453 0.695833 0.207031 0.605556
1 0.660547 0.436111 0.158594 0.497222
1 0.621094 0.155556 0.131250 0.308333
2 0.510938 0.300694 0.140625 0.598611
2 0.355859 0.259028 0.136719 0.476389
2 0.207813 0.718056 0.314063 0.563889
