0 0.070703 0.631250 0.139844 0.737500
0 0.123047 0.314583 0.244531 0.626389
0 0.219922 0.180556 0.124219 0.355556
0 0.767578 0.209722 0.246094 0.411111
0 0.843750 0.417361 0.312500 0.684722
0 0.878516 0.675000 0.242969 0.650000
1 0.303516 0.576389 0.132031 0.408333
1 0.366797 0.410417 0.171094 0.498611
1 0.353516 0.065972 0.058594 0.129167
1 0.398047 0.065972 0.030469 0.129167
1 0.539062 0.423611 0.165625 0.502778
1 0.650000 0.693056 0.195312 0.588889
1 0.678125 0.919444 0.145313 0.161111
1 0.532813 0.031944 0.029687 0.061111
2 0.598047 0.268750 0.121094 0.531944
2 0.214844 0.672222 0.282813 0.655556
2 0.332422 0.228472 0.169531 0.454167
