0 0.096875 0.667361 0.192188 0.665278
0 0.137500 0.393750 0.271875 0.676389
0 0.150781 0.194444 0.287500 0.386111
0 0.798047 0.175000 0.261719 0.344444
0 0.867969 0.388194 0.264062 0.687500
0 0.903906 0.652778 0.192188 0.694444
1 0.726953 0.918056 0.153906 0.163889
1 0.688672 0.694444 0.235156 0.594444
1 0.616406 0.439583 0.092188 0.501389
1 0.597266 0.150694 0.136719 0.298611
1 0.584766 0.090278 0.074219 0.177778
1 0.548047 0.049306 0.027344 0.095833
1 0.344141 0.551389 0.067969 0.283333
1 0.358984 0.463194 0.155469 0.448611
1 0.375781 0.146528 0.096875 0.290278
1 0.380859 0.094444 0.086719 0.186111
1 0.407813 0.057639 0.028125 0.093056
2 0.334375 0.251389 0.154688 0.469444
2 0.301563 0.725694 0.340625 0.548611
2 0.757031 0.504167 0.221875 0.633333
