0 0.089844 0.690278 0.178125 0.619444
0 0.123438 0.463889 0.245312 0.722222
0 0.137109 0.234722 0.272656 0.461111
0 0.308984 0.072917 0.036719 0.143056
0 0.603516 0.068056 0.039844 0.133333
0 0.769531 0.231250 0.259375 0.459722
0 0.846484 0.461111 0.305469 0.683333
0 0.892969 0.689583 0.214062 0.620833
1 0.462500 0.938889 0.039062 0.122222
1 0.264844 0.720833 0.170313 0.508333
1 0.352344 0.479167 0.170313 0.463889
1 0.352344 0.153472 0.079687 0.290278
1 0.364063 0.124306 0.085938 0.245833
1 0.386719 0.115972 0.034375 0.106944
1 0.572266 0.192361 0.127344 0.354167
1 0.560937 0.124306 0.070312 0.245833
1 0.532813 0.082639 0.035937 0.162500
1 0.617969 0.487500 0.185938 0.422222
1 0.632812 0.711111 0.234375 0.519444
1 0.701562 0.951389 0.150000 0.097222
2 0.349219 0.750694 0.235937 0.498611
2 0.299219 0.327778 0.178125 0.497222
