0 0.107031 0.665972 0.212500 0.668056
0 0.149609 0.378472 0.292969 0.643056
0 0.165625 0.202083 0.303125 0.401389
0 0.826562 0.208333 0.278125 0.411111
0 0.870313 0.398611 0.259375 0.705556
0 0.917188 0.654167 0.165625 0.691667
1 0.754687 0.921528 0.154688 0.156944
1 0.714063 0.697222 0.209375 0.591667
1 0.676172 0.443750 0.166406 0.509722
1 0.622656 0.155556 0.131250 0.308333
1 0.609766 0.097917 0.071094 0.193056
1 0.573438 0.052778 0.031250 0.102778
1 0.418750 0.880556 0.042188 0.238889
1 0.362109 0.618750 0.141406 0.420833
1 0.419531 0.450000 0.190625 0.511111
1 0.395313 0.092361 0.064062 0.181944
1 0.410938 0.090278 0.082812 0.177778
1 0.433984 0.055556 0.027344 0.105556
2 0.375391 0.262500 0.175781 0.463889
2 0.277344 0.693750 0.285938 0.612500
