0 0.103125 0.692361 0.204687 0.615278
0 0.138281 0.461111 0.273438 0.719444
0 0.153906 0.238889 0.306250 0.475000
0 0.637500 0.079167 0.037500 0.150000
0 0.796094 0.247222 0.250000 0.486111
0 0.858594 0.486111 0.282813 0.702778
0 0.904297 0.700694 0.191406 0.598611
1 0.717578 0.963889 0.136719 0.072222
1 0.666016 0.730556 0.227344 0.525000
1 0.647266 0.501389 0.189844 0.408333
1 0.604688 0.210417 0.134375 0.351389
1 0.592969 0.127778 0.071875 0.252778
1 0.562109 0.086806 0.035156 0.170833
1 0.383594 0.511111 0.154688 0.505556
1 0.291406 0.711111 0.170313 0.463889
1 0.445703 0.918750 0.067969 0.162500
2 0.289453 0.767361 0.283594 0.465278
2 0.327344 0.334722 0.182812 0.469444
2 0.413281 0.289583 0.156250 0.576389
