0 0.098828 0.664583 0.196094 0.670833
0 0.141016 0.366667 0.278906 0.630556
0 0.155859 0.203472 0.294531 0.401389
0 0.806250 0.197917 0.290625 0.390278
0 0.863672 0.382639 0.272656 0.704167
0 0.903125 0.641667 0.193750 0.716667
1 0.736719 0.911806 0.154688 0.176389
1 0.704297 0.690972 0.207031 0.612500
1 0.664453 0.437500 0.169531 0.522222
1 0.605859 0.149306 0.130469 0.295833
1 0.595313 0.088889 0.070312 0.175000
1 0.558594 0.047917 0.029687 0.093056
1 0.346094 0.620833 0.148438 0.425000
1 0.401953 0.436111 0.189844 0.508333
1 0.376953 0.090972 0.057031 0.173611
1 0.391016 0.085417 0.071094 0.168056
1 0.414844 0.047917 0.025000 0.093056
2 0.355859 0.250000 0.180469 0.472222
2 0.256250 0.684028 0.289062 0.631944
