0 0.100391 0.669444 0.199219 0.661111
0 0.139844 0.367361 0.278125 0.634722
0 0.154688 0.209028 0.303125 0.415278
0 0.813672 0.196528 0.257031 0.387500
0 0.869922 0.385417 0.260156 0.704167
0 0.904687 0.652083 0.190625 0.695833
1 0.738672 0.918056 0.153906 0.163889
1 0.696875 0.690972 0.234375 0.590278
1 0.634766 0.442361 0.103906 0.504167
1 0.605469 0.154861 0.134375 0.298611
1 0.592187 0.091667 0.073438 0.180556
1 0.556641 0.052778 0.025781 0.102778
1 0.329297 0.853472 0.077344 0.290278
1 0.337500 0.706250 0.160938 0.587500
1 0.361719 0.473611 0.168750 0.463889
1 0.389062 0.152778 0.087500 0.302778
1 0.392188 0.093056 0.084375 0.183333
1 0.417187 0.063194 0.031250 0.093056
2 0.352344 0.263194 0.150000 0.487500
2 0.198828 0.713889 0.316406 0.572222
2 0.776563 0.504861 0.240625 0.640278
