0 0.142187 0.671528 0.278125 0.640278
0 0.194531 0.425000 0.250000 0.511111
0 0.866406 0.639583 0.267188 0.662500
0 0.797266 0.398611 0.250781 0.486111
0 0.674219 0.179167 0.120313 0.297222
0 0.615234 0.123611 0.047656 0.219444
0 0.592969 0.087500 0.035937 0.155556
0 0.982422 0.067361 0.035156 0.115278
0 0.905859 0.025694 0.046094 0.048611
0 0.359375 0.115972 0.020313 0.173611
0 0.375781 0.083333 0.012500 0.163889
1 0.332031 0.839583 0.114062 0.320833
1 0.362500 0.747222 0.157812 0.455556
1 0.713281 0.828472 0.170313 0.343056
1 0.648047 0.730556 0.188281 0.444444
1 0.578516 0.309722 0.057031 0.175000
1 0.580859 0.266667 0.046094 0.250000
1 0.562109 0.224306 0.036719 0.268056
1 0.396484 0.264583 0.036719 0.070833
1 0.411719 0.231250 0.031250 0.145833
1 0.398047 0.176389 0.038281 0.094444
1 0.430859 0.069444 0.044531 0.136111
1 0.091406 0.047222 0.032813 0.061111
0 0.063281 0.031944 0.037500 0.061111
