2 0.092188 0.811806 0.182812 0.376389
0 0.125000 0.756944 0.248438 0.472222
0 0.171875 0.556250 0.301563 0.645833
0 0.246484 0.318056 0.250781 0.516667
0 0.852344 0.384722 0.242188 0.508333
0 0.885156 0.642361 0.229687 0.654167
0 0.716016 0.122917 0.063281 0.223611
0 0.671875 0.079861 0.018750 0.156944
0 0.654687 0.042361 0.014063 0.081944
1 0.734375 0.813889 0.168750 0.372222
1 0.682031 0.679167 0.170313 0.438889
1 0.637500 0.324306 0.085938 0.340278
1 0.641016 0.231250 0.057031 0.312500
1 0.632422 0.153472 0.057031 0.276389
1 0.360938 0.797222 0.165625 0.405556
1 0.406250 0.652083 0.139063 0.454167
1 0.486719 0.222222 0.078125 0.341667
1 0.484375 0.099306 0.040625 0.190278
2 0.364844 0.465278 0.146875 0.422222
2 0.415625 0.381250 0.206250 0.665278
2 0.705469 0.490278 0.126562 0.511111
