0 0.150391 0.738889 0.299219 0.522222
0 0.211328 0.510417 0.316406 0.662500
0 0.285156 0.252083 0.237500 0.495833
0 0.886328 0.280556 0.225781 0.519444
0 0.910937 0.554167 0.178125 0.683333
0 0.942187 0.771528 0.115625 0.456944
0 0.734375 0.088194 0.048438 0.165278
1 0.767188 0.767361 0.185938 0.459722
1 0.637891 0.543750 0.199219 0.537500
1 0.367188 0.970139 0.112500 0.059722
1 0.408984 0.752083 0.166406 0.456944
1 0.443750 0.568056 0.151562 0.413889
1 0.698047 0.206250 0.122656 0.351389
1 0.686328 0.129861 0.072656 0.256944
1 0.657813 0.080556 0.039062 0.158333
1 0.486719 0.069444 0.045312 0.097222
1 0.515234 0.063194 0.047656 0.123611
2 0.627344 0.484722 0.212500 0.750000
2 0.402734 0.388194 0.147656 0.390278
2 0.439453 0.322917 0.205469 0.634722
