0 0.139453 0.744444 0.277344 0.511111
0 0.197266 0.489583 0.319531 0.662500
0 0.284375 0.239583 0.240625 0.473611
0 0.885938 0.640278 0.228125 0.622222
0 0.898047 0.845833 0.203906 0.308333
0 0.872656 0.340278 0.254688 0.475000
1 0.319531 0.952778 0.090625 0.094444
1 0.371875 0.758333 0.160938 0.480556
1 0.419922 0.521528 0.142969 0.448611
1 0.713672 0.797917 0.161719 0.404167
1 0.638281 0.654167 0.093750 0.330556
1 0.454688 0.168056 0.114062 0.333333
1 0.491797 0.112500 0.082031 0.222222
2 0.369922 0.344444 0.172656 0.413889
2 0.608984 0.445833 0.172656 0.861111
2 0.700781 0.398611 0.135937 0.533333
