0 0.149609 0.725694 0.296094 0.548611
0 0.214844 0.481250 0.342187 0.676389
0 0.300391 0.234722 0.253906 0.466667
0 0.937109 0.793750 0.125781 0.412500
0 0.910547 0.593056 0.178906 0.658333
0 0.892578 0.306944 0.214844 0.513889
0 0.777344 0.095139 0.070312 0.184722
1 0.352734 0.955556 0.108594 0.088889
1 0.402344 0.750694 0.168750 0.487500
1 0.454297 0.543056 0.136719 0.461111
1 0.759375 0.777778 0.193750 0.444444
1 0.647656 0.546528 0.195312 0.520833
1 0.718750 0.220139 0.118750 0.365278
1 0.709766 0.127778 0.074219 0.252778
1 0.684766 0.085417 0.046094 0.168056
2 0.649219 0.468750 0.207813 0.709722
2 0.412891 0.372917 0.144531 0.406944
2 0.480469 0.302083 0.162500 0.598611
