0 0.137891 0.688889 0.274219 0.622222
0 0.190234 0.420139 0.317969 0.673611
0 0.269531 0.211806 0.242188 0.415278
0 0.871484 0.250694 0.257031 0.498611
0 0.894922 0.529167 0.210156 0.688889
0 0.917188 0.754167 0.165625 0.491667
1 0.323047 0.925000 0.103906 0.150000
1 0.381641 0.723611 0.169531 0.550000
1 0.425000 0.500694 0.143750 0.406944
1 0.707031 0.968750 0.057813 0.062500
1 0.734375 0.736111 0.198437 0.488889
1 0.617969 0.520833 0.192188 0.455556
1 0.695703 0.165972 0.102344 0.326389
1 0.677344 0.095833 0.081250 0.188889
2 0.616016 0.416667 0.200781 0.772222
2 0.383594 0.298611 0.145313 0.394444
2 0.433984 0.274306 0.186719 0.537500
