0 0.138281 0.747222 0.273438 0.505556
0 0.186719 0.493750 0.312500 0.659722
0 0.255469 0.237500 0.234375 0.469444
0 0.841406 0.266667 0.248438 0.500000
0 0.872656 0.575694 0.254688 0.645833
0 0.898828 0.797222 0.202344 0.405556
1 0.325781 0.947222 0.110937 0.105556
1 0.377344 0.744444 0.153125 0.500000
1 0.413672 0.484028 0.130469 0.440278
1 0.715234 0.771528 0.147656 0.456944
1 0.610938 0.493056 0.160938 0.494444
1 0.434766 0.147222 0.113281 0.291667
1 0.461719 0.082639 0.073438 0.162500
1 0.643750 0.124306 0.095312 0.243056
1 0.647656 0.093056 0.067187 0.183333
1 0.616797 0.043056 0.025781 0.083333
2 0.354297 0.329861 0.166406 0.387500
2 0.676953 0.340278 0.158594 0.438889
