2 0.351172 0.293750 0.166406 0.345833
2 0.608594 0.425000 0.190625 0.847222
1 0.350000 0.942361 0.103125 0.115278
1 0.380859 0.736111 0.127344 0.500000
1 0.426172 0.449306 0.082031 0.473611
1 0.436719 0.110417 0.093750 0.218056
1 0.457422 0.057639 0.086719 0.112500
1 0.710156 0.954861 0.143750 0.076389
1 0.730469 0.738194 0.118750 0.423611
1 0.691797 0.572917 0.107031 0.226389
0 0.054297 0.076389 0.107031 0.147222
0 0.022656 0.190972 0.043750 0.098611
0 0.140625 0.740972 0.279687 0.518056
0 0.166406 0.482639 0.331250 0.665278
0 0.232422 0.234722 0.261719 0.463889
0 0.885938 0.765972 0.228125 0.456944
0 0.867188 0.533333 0.265625 0.663889
0 0.844531 0.243750 0.285938 0.484722
0 0.683594 0.042361 0.025000 0.076389
0 0.386328 0.037500 0.047656 0.072222
