0 0.077344 0.656250 0.151562 0.687500
0 0.119531 0.317361 0.235937 0.606944
0 0.150391 0.184722 0.222656 0.363889
0 0.765625 0.202083 0.253125 0.393056
0 0.842187 0.404167 0.310937 0.672222
0 0.876953 0.672917 0.246094 0.654167
1 0.679297 0.915972 0.152344 0.168056
1 0.659766 0.691667 0.214844 0.588889
1 0.606641 0.423611 0.177344 0.502778
1 0.558984 0.140972 0.108594 0.279167
1 0.560547 0.080556 0.078906 0.158333
1 0.524219 0.043750 0.029687 0.084722
1 0.298047 0.576389 0.146094 0.383333
1 0.317188 0.454861 0.157812 0.437500
1 0.352344 0.138194 0.098437 0.273611
1 0.357812 0.083333 0.082812 0.163889
1 0.384375 0.037500 0.039062 0.072222
2 0.296484 0.238194 0.146094 0.468056
2 0.665625 0.255556 0.182812 0.483333
2 0.299219 0.740972 0.545312 0.518056
