0 0.086328 0.650000 0.169531 0.700000
0 0.116406 0.366667 0.229687 0.725000
0 0.196484 0.190972 0.128906 0.376389
0 0.764844 0.198611 0.257812 0.388889
0 0.844531 0.390972 0.310937 0.693056
0 0.874609 0.663889 0.250781 0.672222
1 0.676562 0.910417 0.148438 0.179167
1 0.651953 0.688889 0.183594 0.594444
1 0.590234 0.411806 0.163281 0.493056
1 0.551562 0.138889 0.109375 0.275000
1 0.551953 0.078472 0.067969 0.154167
1 0.517188 0.042361 0.028125 0.081944
1 0.222656 0.900694 0.125000 0.198611
1 0.274219 0.686806 0.190625 0.612500
1 0.313281 0.447917 0.151562 0.440278
1 0.348047 0.135417 0.099219 0.268056
1 0.357422 0.079861 0.089844 0.156944
1 0.383594 0.035417 0.035937 0.068056
2 0.291016 0.245833 0.142969 0.480556
2 0.653125 0.241667 0.184375 0.472222
