0 0.088672 0.654861 0.175781 0.690278
0 0.118750 0.377778 0.234375 0.722222
0 0.149609 0.192361 0.242969 0.379167
0 0.761719 0.202083 0.237500 0.398611
0 0.842578 0.401389 0.314844 0.694444
0 0.884766 0.671528 0.230469 0.656944
1 0.684766 0.916667 0.155469 0.166667
1 0.655469 0.686806 0.184375 0.576389
1 0.606250 0.424306 0.181250 0.509722
1 0.562500 0.141667 0.114062 0.280556
1 0.557813 0.083333 0.067187 0.163889
1 0.526953 0.043056 0.035156 0.083333
1 0.231250 0.904167 0.110937 0.191667
1 0.281250 0.691667 0.190625 0.602778
1 0.320312 0.449306 0.156250 0.451389
1 0.357031 0.137500 0.095312 0.272222
1 0.361719 0.080556 0.084375 0.158333
1 0.387891 0.037500 0.039844 0.072222
2 0.298828 0.242361 0.147656 0.473611
2 0.662891 0.256250 0.172656 0.481944
