0 0.102734 0.744444 0.202344 0.511111
0 0.131250 0.534722 0.260937 0.688889
0 0.166406 0.261111 0.248438 0.511111
0 0.774219 0.275694 0.242188 0.509722
0 0.860156 0.533333 0.279687 0.680556
0 0.890625 0.738889 0.218750 0.522222
0 0.620703 0.074306 0.041406 0.137500
1 0.683594 0.741667 0.173437 0.422222
1 0.614844 0.579861 0.173437 0.443056
1 0.561328 0.159722 0.050781 0.186111
1 0.567187 0.127083 0.053125 0.226389
1 0.544922 0.098611 0.046094 0.194444
1 0.311719 0.735417 0.167187 0.395833
1 0.334375 0.572222 0.128125 0.444444
1 0.378906 0.093750 0.040625 0.087500
1 0.400781 0.089583 0.051562 0.176389
2 0.270313 0.393056 0.185938 0.422222
2 0.330469 0.212500 0.253125 0.413889
2 0.631641 0.405556 0.158594 0.561111
2 0.470313 0.687500 0.462500 0.625000
