0 0.092188 0.692361 0.182812 0.615278
0 0.132422 0.422917 0.263281 0.645833
0 0.156250 0.234028 0.289062 0.465278
0 0.339844 0.065278 0.032813 0.127778
0 0.639453 0.083333 0.057031 0.155556
0 0.791406 0.250694 0.237500 0.498611
0 0.861328 0.509722 0.277344 0.697222
0 0.892188 0.718750 0.215625 0.562500
1 0.671875 0.972917 0.073438 0.054167
1 0.679688 0.741667 0.204687 0.500000
1 0.625391 0.525694 0.166406 0.515278
1 0.587891 0.200694 0.113281 0.337500
1 0.585938 0.129167 0.071875 0.255556
1 0.556641 0.085417 0.035156 0.168056
1 0.316797 0.877778 0.110156 0.244444
1 0.325781 0.690278 0.132812 0.433333
1 0.348438 0.540972 0.140625 0.429167
1 0.382031 0.178472 0.084375 0.345833
1 0.392969 0.126389 0.081250 0.250000
1 0.413281 0.113889 0.029687 0.105556
2 0.327734 0.322222 0.133594 0.466667
2 0.212109 0.754167 0.280469 0.491667
2 0.689453 0.346528 0.171094 0.484722
