0 0.097266 0.672222 0.192969 0.655556
0 0.142578 0.382639 0.278906 0.629167
0 0.167578 0.214583 0.280469 0.426389
0 0.817969 0.236111 0.254688 0.463889
0 0.866406 0.477778 0.267188 0.683333
0 0.900781 0.701389 0.198437 0.597222
1 0.719141 0.953472 0.160156 0.093056
1 0.690234 0.707639 0.197656 0.501389
1 0.644141 0.495139 0.167969 0.476389
1 0.600000 0.170833 0.103125 0.338889
1 0.603125 0.109722 0.071875 0.216667
1 0.572266 0.072917 0.033594 0.115278
1 0.344531 0.652083 0.134375 0.426389
1 0.360938 0.499306 0.145313 0.409722
1 0.401172 0.161111 0.083594 0.319444
1 0.405469 0.101389 0.084375 0.200000
1 0.430469 0.077083 0.034375 0.104167
2 0.349609 0.284028 0.122656 0.465278
2 0.241797 0.709722 0.286719 0.580556
2 0.686719 0.297222 0.146875 0.516667
