0 0.171094 0.770833 0.331250 0.458333
0 0.263672 0.588194 0.342969 0.690278
0 0.376563 0.304861 0.237500 0.512500
0 0.939453 0.713194 0.121094 0.573611
0 0.918359 0.465278 0.163281 0.513889
1 0.446484 0.810417 0.149219 0.379167
1 0.503125 0.643056 0.140625 0.500000
1 0.826172 0.863889 0.138281 0.272222
1 0.733984 0.706250 0.189844 0.529167
1 0.549609 0.274306 0.092969 0.354167
1 0.572656 0.182639 0.087500 0.304167
1 0.583594 0.125000 0.053125 0.247222
2 0.105469 0.877083 0.209375 0.245833
2 0.453516 0.424306 0.163281 0.431944
2 0.716016 0.442361 0.253906 0.881944
2 0.798047 0.556944 0.155469 0.663889
1 0.758594 0.041667 0.032813 0.072222
1 0.055859 0.083333 0.100781 0.150000
