2 0.367188 0.315278 0.168750 0.369444
2 0.592187 0.593056 0.223438 0.813889
1 0.368359 0.943750 0.107031 0.112500
1 0.412109 0.740278 0.136719 0.480556
1 0.451953 0.462500 0.092969 0.441667
1 0.449219 0.106250 0.082812 0.195833
1 0.644141 0.122222 0.089844 0.236111
1 0.707422 0.542361 0.108594 0.259722
1 0.738672 0.733333 0.127344 0.427778
1 0.689453 0.969444 0.066406 0.061111
0 0.066406 0.085417 0.123438 0.165278
0 0.024609 0.256944 0.042969 0.150000
0 0.155859 0.759028 0.302344 0.481944
0 0.182812 0.484722 0.346875 0.633333
0 0.247656 0.212500 0.279687 0.422222
0 0.854297 0.235417 0.288281 0.465278
0 0.873828 0.506944 0.252344 0.661111
0 0.903516 0.759028 0.192969 0.481944
