0 0.093359 0.686111 0.185156 0.627778
0 0.140234 0.404167 0.274219 0.630556
0 0.184375 0.226389 0.270313 0.447222
0 0.644531 0.072917 0.042188 0.143056
0 0.803125 0.245833 0.250000 0.488889
0 0.866406 0.495139 0.267188 0.706944
0 0.898047 0.713194 0.203906 0.573611
1 0.709766 0.966667 0.114844 0.066667
1 0.689453 0.727083 0.205469 0.484722
1 0.637891 0.501389 0.172656 0.494444
1 0.594922 0.194444 0.100781 0.344444
1 0.596484 0.123611 0.083594 0.236111
1 0.571875 0.080556 0.039062 0.158333
1 0.341797 0.880556 0.103906 0.238889
1 0.339844 0.681250 0.143750 0.429167
1 0.358984 0.531250 0.149219 0.429167
1 0.396875 0.181250 0.087500 0.359722
1 0.406641 0.118056 0.080469 0.233333
1 0.431250 0.101389 0.032813 0.102778
2 0.346094 0.328472 0.129688 0.484722
2 0.215234 0.750000 0.307031 0.500000
2 0.707422 0.343750 0.174219 0.493056
