0 0.089063 0.652778 0.176563 0.694444
0 0.119141 0.378472 0.236719 0.740278
0 0.167578 0.191667 0.196094 0.380556
0 0.767578 0.203472 0.244531 0.395833
0 0.839063 0.374306 0.321875 0.626389
1 0.225781 0.903472 0.121875 0.193056
1 0.281641 0.695139 0.185156 0.595833
1 0.316797 0.444444 0.155469 0.438889
1 0.354297 0.135417 0.094531 0.268056
1 0.364844 0.081250 0.081250 0.159722
1 0.387891 0.034722 0.033594 0.066667
1 0.558203 0.144444 0.097656 0.286111
1 0.560937 0.083333 0.070312 0.163889
1 0.526172 0.039583 0.028906 0.076389
1 0.604688 0.423611 0.173437 0.505556
1 0.634375 0.686806 0.153125 0.581944
2 0.805078 0.727778 0.333594 0.544444
2 0.302734 0.238889 0.139844 0.455556
2 0.668750 0.247917 0.189062 0.487500
