0 0.081250 0.669444 0.160938 0.661111
0 0.125000 0.356250 0.242188 0.634722
0 0.143359 0.205556 0.253906 0.405556
0 0.762500 0.215972 0.232813 0.429167
0 0.850781 0.431944 0.298438 0.686111
0 0.889844 0.681250 0.220312 0.637500
1 0.690234 0.931944 0.149219 0.136111
1 0.661719 0.691667 0.196875 0.530556
1 0.606641 0.445833 0.163281 0.491667
1 0.563281 0.155556 0.104688 0.308333
1 0.569531 0.094444 0.073438 0.186111
1 0.533594 0.052083 0.029687 0.101389
1 0.312500 0.851389 0.095312 0.297222
1 0.318359 0.629167 0.127344 0.416667
1 0.330078 0.463889 0.136719 0.455556
1 0.361328 0.149306 0.088281 0.295833
1 0.367969 0.091667 0.090625 0.180556
1 0.394141 0.048611 0.032031 0.094444
2 0.312109 0.258333 0.135156 0.463889
2 0.179297 0.725694 0.313281 0.548611
2 0.681250 0.275694 0.184375 0.495833
