0 0.089844 0.652778 0.178125 0.694444
0 0.125391 0.390972 0.244531 0.737500
0 0.154297 0.196528 0.239844 0.387500
0 0.782422 0.213194 0.258594 0.418056
0 0.852344 0.420139 0.295312 0.695833
0 0.885156 0.678472 0.229687 0.643056
1 0.705078 0.936806 0.121094 0.126389
1 0.670703 0.685417 0.217969 0.554167
1 0.608984 0.440278 0.169531 0.502778
1 0.573047 0.150000 0.113281 0.297222
1 0.574219 0.087500 0.078125 0.172222
1 0.540234 0.046528 0.028906 0.090278
1 0.345703 0.723611 0.074219 0.080556
1 0.285156 0.603472 0.185938 0.401389
1 0.330469 0.456944 0.150000 0.416667
1 0.369141 0.141667 0.092969 0.280556
1 0.377344 0.083333 0.089063 0.163889
1 0.400000 0.045833 0.034375 0.088889
2 0.320312 0.259028 0.135937 0.476389
2 0.669531 0.269444 0.179688 0.477778
2 0.448047 0.845833 0.477344 0.308333
