2 0.367578 0.322917 0.166406 0.368056
2 0.789062 0.885417 0.260937 0.229167
1 0.368750 0.952778 0.110937 0.094444
1 0.412891 0.743750 0.117969 0.479167
1 0.442578 0.471528 0.094531 0.440278
1 0.456250 0.120833 0.089063 0.238889
1 0.464062 0.068056 0.084375 0.133333
1 0.645312 0.031250 0.071875 0.059722
1 0.657813 0.145139 0.081250 0.273611
1 0.676172 0.480556 0.138281 0.422222
1 0.731641 0.717361 0.117969 0.420833
0 0.049219 0.090278 0.096875 0.177778
0 0.148047 0.757639 0.294531 0.484722
0 0.180859 0.506250 0.342969 0.670833
0 0.250391 0.212500 0.294531 0.422222
0 0.408203 0.038889 0.066406 0.075000
0 0.849219 0.248611 0.285938 0.491667
0 0.867578 0.530556 0.264844 0.680556
0 0.906250 0.766667 0.187500 0.466667
