0 0.139844 0.759028 0.276562 0.481944
0 0.180469 0.514583 0.310937 0.659722
0 0.251563 0.241667 0.239063 0.480556
0 0.900391 0.799306 0.199219 0.401389
0 0.871484 0.566667 0.257031 0.652778
0 0.829688 0.275000 0.242188 0.519444
1 0.325000 0.956250 0.092188 0.087500
1 0.375781 0.756944 0.142187 0.486111
1 0.408984 0.496528 0.136719 0.451389
1 0.712500 0.774306 0.148438 0.451389
1 0.648438 0.504167 0.164062 0.425000
1 0.429297 0.152778 0.119531 0.302778
1 0.451562 0.095833 0.082812 0.188889
1 0.477734 0.045833 0.041406 0.088889
1 0.634766 0.135417 0.097656 0.268056
1 0.606250 0.048611 0.026562 0.094444
2 0.345313 0.350000 0.176563 0.402778
2 0.673438 0.348611 0.125000 0.483333
