0 0.146875 0.803472 0.292187 0.393056
0 0.204687 0.593056 0.301563 0.647222
0 0.272266 0.299306 0.232031 0.495833
0 0.836328 0.334722 0.258594 0.519444
0 0.873047 0.642361 0.253906 0.659722
0 0.412500 0.089583 0.037500 0.168056
1 0.385156 0.779861 0.151562 0.404167
1 0.423438 0.576389 0.129688 0.450000
1 0.727734 0.810417 0.139844 0.379167
1 0.549609 0.535417 0.080469 0.404167
1 0.448828 0.205556 0.105469 0.344444
1 0.467187 0.130556 0.081250 0.244444
1 0.489844 0.109028 0.035937 0.098611
2 0.360938 0.421528 0.164062 0.387500
2 0.621094 0.494444 0.165625 0.938889
