0 0.090234 0.652083 0.178906 0.695833
0 0.132812 0.346528 0.259375 0.648611
0 0.174609 0.192361 0.236719 0.379167
0 0.787109 0.212500 0.242969 0.416667
0 0.853516 0.440972 0.292969 0.687500
0 0.889062 0.684722 0.221875 0.630556
1 0.702734 0.929861 0.153906 0.140278
1 0.674609 0.684028 0.202344 0.534722
1 0.624219 0.436806 0.171875 0.498611
1 0.582031 0.150000 0.103125 0.297222
1 0.585938 0.086806 0.068750 0.170833
1 0.550781 0.045833 0.032813 0.088889
1 0.368750 0.820833 0.125000 0.294444
1 0.307031 0.554167 0.118750 0.311111
1 0.339844 0.456250 0.154688 0.445833
1 0.380859 0.142361 0.091406 0.281944
1 0.388672 0.083333 0.083594 0.163889
1 0.413672 0.047917 0.038281 0.093056
2 0.329297 0.250694 0.149219 0.479167
2 0.245703 0.750694 0.344531 0.498611
2 0.690625 0.266667 0.181250 0.472222
