0 0.144531 0.716667 0.285938 0.566667
0 0.194531 0.422222 0.309375 0.641667
0 0.255078 0.204861 0.264844 0.406944
0 0.857031 0.239583 0.242188 0.476389
0 0.876563 0.522222 0.246875 0.627778
0 0.896094 0.773611 0.207813 0.452778
1 0.719922 0.962500 0.150781 0.075000
1 0.719141 0.729861 0.146094 0.470833
1 0.337891 0.918056 0.108594 0.163889
1 0.383203 0.698611 0.164844 0.530556
1 0.426953 0.431250 0.124219 0.448611
1 0.607422 0.429861 0.149219 0.512500
1 0.442969 0.117361 0.114062 0.231944
1 0.478906 0.056944 0.064062 0.111111
1 0.658984 0.070139 0.072656 0.134722
2 0.362500 0.261806 0.170313 0.401389
2 0.665625 0.272917 0.159375 0.470833
