0 0.148438 0.734028 0.295312 0.531944
0 0.213672 0.465972 0.303906 0.648611
0 0.282031 0.225000 0.245312 0.444444
0 0.915625 0.802778 0.168750 0.394444
0 0.884375 0.571528 0.231250 0.645833
0 0.873047 0.260417 0.253906 0.515278
0 0.726172 0.063889 0.038281 0.119444
1 0.348047 0.939583 0.096094 0.120833
1 0.395703 0.743056 0.155469 0.508333
1 0.432422 0.470139 0.144531 0.456944
1 0.462500 0.139583 0.114062 0.276389
1 0.489844 0.077778 0.075000 0.152778
1 0.735156 0.768056 0.148438 0.463889
1 0.667969 0.488889 0.150000 0.422222
1 0.671875 0.129861 0.112500 0.254167
1 0.674609 0.086806 0.063281 0.170833
2 0.376953 0.315278 0.161719 0.405556
2 0.690234 0.343056 0.130469 0.480556
