0 0.127734 0.695139 0.253906 0.609722
0 0.150781 0.420139 0.298438 0.670833
0 0.181641 0.200694 0.271094 0.381944
0 0.736719 0.177083 0.112500 0.345833
0 0.876172 0.340278 0.247656 0.677778
0 0.915625 0.569444 0.168750 0.555556
1 0.762500 0.901389 0.157812 0.183333
1 0.720313 0.647917 0.190625 0.573611
1 0.648047 0.421528 0.191406 0.429167
1 0.582031 0.050694 0.043750 0.098611
1 0.316016 0.912500 0.127344 0.175000
1 0.362891 0.685417 0.178906 0.584722
1 0.380469 0.422917 0.160938 0.465278
2 0.305469 0.256944 0.185938 0.411111
2 0.360547 0.253472 0.217969 0.504167
2 0.666797 0.237500 0.171094 0.469444
2 0.840625 0.875694 0.318750 0.248611
