0 0.123047 0.765972 0.244531 0.468056
0 0.165234 0.602778 0.302344 0.688889
0 0.221484 0.334722 0.244531 0.491667
0 0.826172 0.311111 0.267969 0.508333
0 0.878516 0.567361 0.242969 0.701389
0 0.926562 0.738889 0.146875 0.505556
0 0.666797 0.122222 0.053906 0.238889
0 0.633203 0.070139 0.022656 0.134722
0 0.367969 0.126389 0.039062 0.250000
0 0.390234 0.075694 0.028906 0.148611
1 0.747656 0.786111 0.210938 0.427778
1 0.357812 0.793056 0.173437 0.413889
1 0.373828 0.681250 0.147656 0.395833
1 0.678906 0.609722 0.165625 0.497222
1 0.408203 0.238194 0.063281 0.234722
1 0.423438 0.166667 0.071875 0.186111
1 0.432812 0.122222 0.060937 0.227778
1 0.624609 0.237500 0.094531 0.247222
1 0.608594 0.163889 0.067187 0.238889
1 0.594141 0.112500 0.044531 0.222222
2 0.509375 0.508333 0.220312 0.983333
2 0.723437 0.461806 0.164062 0.590278
2 0.317188 0.454167 0.175000 0.405556
