0 0.147266 0.762500 0.292969 0.475000
0 0.205078 0.588194 0.328906 0.679167
0 0.290625 0.334028 0.248438 0.520833
0 0.881250 0.381250 0.237500 0.498611
0 0.903906 0.675694 0.192188 0.648611
0 0.750391 0.129167 0.055469 0.208333
0 0.712109 0.084722 0.024219 0.147222
0 0.694922 0.044444 0.016406 0.083333
1 0.402734 0.805556 0.164844 0.388889
1 0.441406 0.654167 0.150000 0.458333
1 0.772266 0.819444 0.161719 0.361111
1 0.721094 0.681250 0.175000 0.443056
1 0.687109 0.246528 0.058594 0.206944
1 0.682031 0.204861 0.064062 0.290278
1 0.664062 0.138194 0.035937 0.273611
1 0.498437 0.167361 0.035937 0.076389
1 0.517969 0.153472 0.039062 0.187500
1 0.505078 0.072222 0.032031 0.113889
2 0.393750 0.459028 0.173437 0.423611
2 0.453125 0.405556 0.220312 0.663889
2 0.742969 0.481250 0.142187 0.545833
