2 0.410156 0.221528 0.156250 0.376389
2 0.032813 0.935417 0.064062 0.129167
2 0.788672 0.859722 0.283594 0.280556
1 0.376172 0.900694 0.097656 0.198611
1 0.409766 0.645833 0.135156 0.486111
1 0.472656 0.391667 0.104688 0.452778
1 0.482031 0.074306 0.098437 0.145833
1 0.683594 0.106250 0.078125 0.209722
1 0.715234 0.415972 0.141406 0.423611
1 0.763281 0.611806 0.090625 0.304167
0 0.036328 0.154861 0.061719 0.193056
0 0.156250 0.695833 0.298438 0.608333
0 0.203125 0.381944 0.323437 0.638889
0 0.275000 0.165278 0.285938 0.327778
0 0.881641 0.224306 0.236719 0.412500
0 0.895312 0.462500 0.209375 0.711111
0 0.912891 0.741667 0.174219 0.516667
