0 0.108594 0.715278 0.215625 0.569444
0 0.139453 0.437500 0.277344 0.658333
0 0.181641 0.209028 0.269531 0.415278
0 0.782031 0.244444 0.232813 0.477778
0 0.842969 0.511111 0.307812 0.630556
0 0.867578 0.756944 0.263281 0.486111
1 0.668750 0.961111 0.137500 0.077778
1 0.271094 0.927083 0.096875 0.145833
1 0.321484 0.717361 0.160156 0.540278
1 0.653125 0.724306 0.173437 0.470833
1 0.354687 0.445833 0.140625 0.466667
1 0.567187 0.518750 0.129688 0.373611
1 0.378906 0.127778 0.110937 0.252778
1 0.401172 0.068056 0.083594 0.133333
2 0.287891 0.275694 0.194531 0.412500
2 0.630859 0.272917 0.144531 0.506944
2 0.507422 0.393056 0.166406 0.783333
