0 0.141406 0.710417 0.279687 0.579167
0 0.201172 0.518056 0.264844 0.508333
0 0.322266 0.262500 0.127344 0.250000
0 0.356250 0.204167 0.098437 0.216667
0 0.382812 0.149306 0.065625 0.179167
0 0.871875 0.754167 0.256250 0.491667
0 0.798828 0.553472 0.214844 0.412500
0 0.706641 0.314583 0.139844 0.259722
0 0.684766 0.250000 0.132031 0.225000
0 0.665234 0.189583 0.116406 0.184722
0 0.110156 0.065278 0.035937 0.119444
0 0.149609 0.050694 0.028906 0.093056
0 0.181250 0.039583 0.023438 0.068056
0 0.866797 0.105556 0.025781 0.119444
0 0.901172 0.133333 0.033594 0.136111
0 0.949219 0.163194 0.051562 0.159722
1 0.333203 0.893056 0.091406 0.213889
1 0.362109 0.820139 0.136719 0.348611
1 0.416797 0.376389 0.036719 0.077778
1 0.433203 0.340972 0.035156 0.126389
1 0.428906 0.274306 0.040625 0.098611
1 0.430078 0.190972 0.033594 0.120833
1 0.440234 0.164583 0.025781 0.140278
1 0.464844 0.159722 0.035937 0.163889
1 0.580078 0.362500 0.050781 0.252778
1 0.596875 0.425000 0.045312 0.272222
1 0.583594 0.534028 0.064062 0.340278
2 0.666016 0.790278 0.227344 0.419444
2 0.669141 0.575694 0.172656 0.345833
2 0.309375 0.665972 0.165625 0.384722
2 0.365625 0.625000 0.260937 0.641667
