0 0.162891 0.673611 0.299219 0.647222
0 0.225781 0.422917 0.242188 0.504167
0 0.324609 0.118056 0.141406 0.202778
0 0.405078 0.104167 0.013281 0.191667
0 0.420312 0.075694 0.014063 0.148611
0 0.626172 0.077083 0.017969 0.151389
0 0.646484 0.115972 0.025781 0.229167
0 0.694922 0.171528 0.083594 0.298611
0 0.821094 0.443056 0.242188 0.544444
0 0.882422 0.677778 0.235156 0.644444
1 0.737500 0.848611 0.143750 0.302778
1 0.671484 0.738194 0.169531 0.454167
1 0.361328 0.842361 0.097656 0.315278
1 0.389453 0.725694 0.158594 0.484722
1 0.612500 0.359028 0.084375 0.284722
1 0.616797 0.275000 0.061719 0.291667
1 0.598047 0.205556 0.041406 0.275000
1 0.435547 0.243056 0.033594 0.069444
1 0.451953 0.229167 0.042969 0.183333
1 0.437891 0.126389 0.039844 0.102778
1 0.468359 0.045833 0.042969 0.088889
2 0.325781 0.550000 0.179688 0.413889
2 0.383203 0.493056 0.236719 0.633333
2 0.690234 0.585417 0.160156 0.629167
