0 0.091797 0.655556 0.182031 0.688889
0 0.140625 0.331944 0.273438 0.608333
0 0.169922 0.202778 0.261719 0.400000
0 0.799609 0.221528 0.244531 0.434722
0 0.858203 0.451389 0.283594 0.677778
0 0.894922 0.687500 0.210156 0.625000
1 0.713281 0.933333 0.153125 0.133333
1 0.683984 0.688194 0.205469 0.504167
1 0.635547 0.456250 0.175781 0.504167
1 0.594922 0.156250 0.107031 0.309722
1 0.600000 0.095139 0.076563 0.187500
1 0.564063 0.056944 0.026562 0.111111
1 0.341406 0.621528 0.121875 0.415278
1 0.358203 0.481944 0.146094 0.416667
1 0.393359 0.152778 0.088281 0.302778
1 0.401562 0.095139 0.084375 0.187500
1 0.426953 0.054861 0.033594 0.106944
2 0.335156 0.250694 0.117188 0.468056
2 0.267969 0.690278 0.267188 0.619444
2 0.706641 0.290278 0.172656 0.494444
