0 0.184375 0.817361 0.357812 0.365278
0 0.269141 0.640278 0.327344 0.655556
0 0.348828 0.360417 0.227344 0.490278
0 0.475391 0.127083 0.046094 0.251389
0 0.509766 0.063889 0.022656 0.125000
0 0.933984 0.644444 0.132031 0.683333
0 0.907422 0.361806 0.185156 0.531944
0 0.040234 0.072222 0.077344 0.141667
0 0.109375 0.031250 0.056250 0.059722
1 0.481641 0.812500 0.153906 0.375000
1 0.503516 0.631250 0.141406 0.468056
1 0.822656 0.819444 0.193750 0.361111
1 0.707812 0.695139 0.201563 0.390278
1 0.524609 0.279861 0.097656 0.340278
1 0.539844 0.182639 0.089063 0.312500
1 0.549609 0.121528 0.067969 0.240278
1 0.705469 0.048611 0.021875 0.094444
1 0.725781 0.063194 0.035937 0.115278
1 0.039453 0.244444 0.077344 0.166667
1 0.081250 0.140972 0.054688 0.156944
1 0.136328 0.069444 0.075781 0.136111
2 0.095703 0.931944 0.189844 0.136111
2 0.430859 0.469444 0.183594 0.425000
2 0.697266 0.451389 0.189844 0.833333
2 0.789062 0.479861 0.142187 0.631944
