0 0.103516 0.670139 0.205469 0.659722
0 0.134766 0.402778 0.266406 0.702778
0 0.163281 0.206944 0.281250 0.405556
0 0.785156 0.219444 0.254688 0.427778
0 0.858203 0.428472 0.283594 0.690278
0 0.899609 0.680556 0.200781 0.638889
1 0.707031 0.930556 0.137500 0.138889
1 0.262109 0.921528 0.103906 0.156944
1 0.311719 0.710417 0.178125 0.579167
1 0.345703 0.469444 0.155469 0.455556
1 0.677344 0.673611 0.195312 0.502778
1 0.626563 0.443750 0.162500 0.487500
1 0.587109 0.153472 0.108594 0.304167
1 0.582422 0.095139 0.074219 0.187500
1 0.544531 0.057639 0.032813 0.093056
1 0.383984 0.154861 0.086719 0.306944
1 0.392188 0.093056 0.081250 0.183333
1 0.411328 0.054167 0.038281 0.091667
2 0.317578 0.254167 0.133594 0.455556
2 0.685547 0.275000 0.169531 0.508333
