0 0.144141 0.733333 0.285156 0.533333
0 0.201563 0.475000 0.307812 0.666667
0 0.267969 0.220833 0.248438 0.433333
0 0.900781 0.800000 0.198437 0.400000
0 0.878516 0.581250 0.242969 0.623611
0 0.854297 0.291667 0.247656 0.508333
1 0.332031 0.942361 0.101562 0.115278
1 0.382812 0.743056 0.146875 0.502778
1 0.425781 0.482639 0.131250 0.462500
1 0.716406 0.768750 0.156250 0.462500
1 0.624609 0.494444 0.153906 0.497222
1 0.448828 0.140972 0.105469 0.279167
1 0.476562 0.083333 0.071875 0.163889
1 0.655469 0.134722 0.096875 0.258333
1 0.660547 0.087500 0.067969 0.172222
1 0.633984 0.040278 0.024219 0.077778
2 0.363281 0.312500 0.165625 0.400000
2 0.680469 0.329167 0.156250 0.452778
