0 0.152344 0.667361 0.289062 0.640278
0 0.208203 0.417361 0.257031 0.493056
0 0.874609 0.640278 0.250781 0.691667
0 0.827344 0.390278 0.279687 0.502778
0 0.693750 0.166667 0.135937 0.311111
0 0.636328 0.110417 0.055469 0.212500
0 0.610547 0.076389 0.035156 0.141667
0 0.296484 0.184722 0.163281 0.308333
0 0.338281 0.118750 0.101562 0.231944
0 0.351172 0.080556 0.099219 0.158333
1 0.358203 0.834722 0.110156 0.330556
1 0.383203 0.707639 0.160156 0.512500
1 0.736719 0.823611 0.173437 0.352778
1 0.669141 0.683333 0.169531 0.502778
1 0.620313 0.375000 0.101562 0.341667
1 0.615234 0.241667 0.069531 0.222222
1 0.583203 0.160417 0.055469 0.181944
1 0.414062 0.350000 0.059375 0.266667
1 0.415234 0.209722 0.058594 0.141667
1 0.420312 0.156944 0.039062 0.130556
1 0.421484 0.036806 0.022656 0.070833
2 0.313672 0.536111 0.186719 0.405556
2 0.726953 0.498611 0.189844 0.516667
2 0.490625 0.456250 0.204687 0.901389
0 0.088281 0.031250 0.045312 0.056944
