0 0.142969 0.639583 0.284375 0.715278
0 0.180078 0.329861 0.317969 0.656944
0 0.784375 0.158333 0.093750 0.305556
0 0.899219 0.338889 0.201563 0.669444
0 0.924219 0.525000 0.151562 0.541667
1 0.335156 0.867361 0.156250 0.265278
1 0.393359 0.617361 0.178906 0.601389
1 0.421875 0.370139 0.153125 0.423611
1 0.700000 0.354167 0.165625 0.430556
1 0.753125 0.542361 0.195312 0.473611
1 0.735938 0.812500 0.045312 0.097222
2 0.785547 0.832639 0.428906 0.334722
2 0.362500 0.188194 0.167187 0.373611
2 0.450391 0.220139 0.171094 0.437500
2 0.715625 0.211111 0.171875 0.416667
