0 0.141406 0.729861 0.279687 0.540278
0 0.194922 0.465278 0.308594 0.661111
0 0.262500 0.224306 0.262500 0.445833
0 0.912109 0.800000 0.175781 0.400000
0 0.878516 0.568750 0.242969 0.631944
0 0.857031 0.270833 0.253125 0.491667
1 0.328906 0.940972 0.095312 0.118056
1 0.378516 0.734028 0.150781 0.515278
1 0.419141 0.473611 0.139844 0.452778
1 0.714063 0.770833 0.154688 0.458333
1 0.617578 0.483333 0.153906 0.488889
1 0.445312 0.138194 0.112500 0.273611
1 0.474609 0.072917 0.074219 0.143056
1 0.650781 0.131250 0.095312 0.254167
1 0.630469 0.039583 0.034375 0.076389
2 0.366016 0.310417 0.161719 0.406944
2 0.666406 0.321528 0.153125 0.454167
