0 0.121484 0.672222 0.239844 0.655556
0 0.155469 0.406250 0.296875 0.690278
0 0.198437 0.203472 0.251563 0.401389
0 0.831641 0.215972 0.261719 0.423611
0 0.881641 0.423611 0.236719 0.697222
2 0.821484 0.927083 0.357031 0.145833
1 0.300000 0.919444 0.117188 0.161111
1 0.346875 0.708333 0.179688 0.583333
1 0.388281 0.468056 0.151562 0.475000
1 0.700781 0.932639 0.059375 0.134722
1 0.728906 0.655556 0.200000 0.466667
1 0.667578 0.475000 0.169531 0.447222
1 0.604688 0.077778 0.037500 0.150000
1 0.585547 0.052778 0.028906 0.102778
2 0.321484 0.264583 0.171094 0.418056
2 0.383594 0.277083 0.264062 0.551389
2 0.684375 0.266667 0.160938 0.527778
