0 0.090625 0.664583 0.178125 0.670833
0 0.141016 0.375694 0.278906 0.643056
0 0.180078 0.209028 0.266406 0.415278
0 0.807422 0.231944 0.236719 0.461111
0 0.864062 0.471528 0.271875 0.673611
0 0.896484 0.704167 0.207031 0.591667
1 0.715234 0.947917 0.164844 0.104167
1 0.688672 0.700694 0.194531 0.504167
1 0.635547 0.469444 0.171094 0.488889
1 0.597656 0.164583 0.110937 0.326389
1 0.604688 0.106250 0.076563 0.209722
1 0.573438 0.067361 0.032813 0.115278
1 0.344922 0.643750 0.125781 0.434722
1 0.359766 0.497917 0.139844 0.420833
1 0.399609 0.156250 0.080469 0.309722
1 0.406250 0.098611 0.079687 0.194444
1 0.432031 0.068750 0.034375 0.109722
2 0.349219 0.275694 0.129688 0.481944
2 0.239844 0.707639 0.301563 0.584722
2 0.705859 0.297917 0.167969 0.515278
