0 0.128516 0.675694 0.253906 0.648611
0 0.186328 0.414583 0.313281 0.684722
0 0.255469 0.212500 0.240625 0.419444
0 0.933984 0.725694 0.132031 0.548611
0 0.899219 0.493056 0.201563 0.691667
0 0.867969 0.240278 0.240625 0.475000
1 0.319531 0.921528 0.104688 0.156944
1 0.378516 0.720139 0.180469 0.554167
1 0.418750 0.507639 0.140625 0.437500
1 0.721875 0.968056 0.054688 0.063889
1 0.742578 0.731944 0.196094 0.497222
1 0.626563 0.506944 0.170313 0.566667
1 0.660937 0.087500 0.039062 0.166667
1 0.637891 0.071528 0.035156 0.109722
2 0.375391 0.315278 0.138281 0.416667
2 0.422656 0.274306 0.229687 0.545833
2 0.691797 0.302083 0.175781 0.537500
