0 0.128516 0.763194 0.253906 0.473611
0 0.157812 0.508333 0.298438 0.658333
0 0.219141 0.243750 0.247656 0.476389
0 0.892578 0.790278 0.214844 0.419444
0 0.852734 0.550000 0.277344 0.652778
0 0.801172 0.260417 0.244531 0.518056
1 0.304297 0.954167 0.111719 0.091667
1 0.343750 0.749306 0.156250 0.495833
1 0.378125 0.484028 0.150000 0.443056
1 0.397656 0.150694 0.123438 0.298611
1 0.420703 0.085417 0.089844 0.168056
1 0.441797 0.038194 0.036719 0.073611
1 0.604688 0.131250 0.107813 0.256944
1 0.608984 0.083333 0.064844 0.163889
1 0.571875 0.038194 0.034375 0.073611
1 0.619531 0.495833 0.162500 0.416667
1 0.688281 0.763194 0.150000 0.473611
2 0.313672 0.338889 0.175781 0.394444
2 0.632422 0.318750 0.138281 0.470833
