0 0.084766 0.651389 0.166406 0.697222
0 0.111719 0.363194 0.220312 0.723611
0 0.202734 0.187500 0.125781 0.372222
0 0.753125 0.202083 0.235937 0.398611
0 0.837500 0.393750 0.325000 0.690278
0 0.874609 0.665972 0.250781 0.668056
1 0.224219 0.898611 0.126562 0.202778
1 0.273828 0.688194 0.188281 0.606944
1 0.317969 0.440972 0.156250 0.448611
1 0.352344 0.131944 0.090625 0.261111
1 0.356250 0.074306 0.085938 0.145833
1 0.383984 0.031944 0.041406 0.061111
1 0.552344 0.140972 0.101562 0.279167
1 0.552734 0.080556 0.063281 0.158333
1 0.516406 0.034028 0.029687 0.065278
1 0.600781 0.318750 0.146875 0.329167
1 0.684375 0.661806 0.181250 0.562500
2 0.612109 0.699306 0.383594 0.601389
2 0.297656 0.237500 0.156250 0.466667
2 0.657813 0.249306 0.179688 0.470833
