0 0.103906 0.667361 0.206250 0.665278
0 0.149609 0.379861 0.296094 0.640278
0 0.197656 0.222222 0.282813 0.433333
0 0.835938 0.245139 0.251563 0.487500
0 0.675000 0.068056 0.043750 0.127778
0 0.876953 0.502083 0.246094 0.681944
0 0.906250 0.720833 0.187500 0.558333
1 0.718750 0.968056 0.114062 0.063889
1 0.705859 0.722222 0.203906 0.491667
1 0.656641 0.502083 0.171094 0.498611
1 0.349219 0.864583 0.106250 0.270833
1 0.341406 0.667361 0.151562 0.431944
1 0.377344 0.506944 0.140625 0.452778
1 0.416406 0.173611 0.082812 0.344444
1 0.427734 0.111806 0.078906 0.220833
1 0.451172 0.086806 0.025781 0.104167
1 0.619531 0.189583 0.103125 0.359722
1 0.621484 0.118750 0.069531 0.234722
1 0.591797 0.083333 0.035156 0.127778
2 0.229297 0.740972 0.294531 0.518056
2 0.358203 0.281250 0.149219 0.454167
2 0.725000 0.334722 0.184375 0.486111
