0 0.080859 0.660417 0.160156 0.679167
0 0.119922 0.340278 0.238281 0.636111
0 0.137891 0.195139 0.241406 0.384722
0 0.766406 0.211806 0.246875 0.415278
0 0.841797 0.420833 0.316406 0.680556
0 0.876563 0.675694 0.246875 0.648611
1 0.683594 0.924306 0.162500 0.151389
1 0.655469 0.690278 0.201563 0.561111
1 0.601172 0.433333 0.171094 0.508333
1 0.558984 0.147222 0.100781 0.288889
1 0.558594 0.086806 0.075000 0.170833
1 0.527734 0.043750 0.025781 0.084722
1 0.306641 0.812500 0.096094 0.266667
1 0.308203 0.615972 0.127344 0.429167
1 0.321875 0.454861 0.134375 0.448611
1 0.354687 0.143750 0.087500 0.284722
1 0.363281 0.086111 0.081250 0.169444
1 0.387500 0.046528 0.039062 0.090278
2 0.306641 0.242361 0.138281 0.456944
2 0.183203 0.725694 0.311719 0.548611
2 0.662500 0.277083 0.181250 0.504167
