0 0.130078 0.725694 0.253906 0.548611
0 0.176172 0.466667 0.332031 0.669444
0 0.265625 0.227083 0.246875 0.445833
0 0.899219 0.820139 0.201563 0.359722
0 0.874609 0.624306 0.250781 0.618056
0 0.855078 0.325000 0.253906 0.502778
0 0.728516 0.084722 0.072656 0.152778
1 0.306250 0.945139 0.104688 0.109722
1 0.357812 0.743750 0.159375 0.484722
1 0.410156 0.497222 0.128125 0.469444
1 0.441016 0.162500 0.111719 0.322222
1 0.697656 0.791667 0.143750 0.416667
1 0.652734 0.539583 0.172656 0.434722
1 0.658594 0.137500 0.057813 0.244444
1 0.676562 0.074306 0.043750 0.145833
1 0.635938 0.053472 0.034375 0.101389
2 0.357422 0.324306 0.189844 0.401389
2 0.548047 0.349306 0.167969 0.690278
2 0.691016 0.372917 0.116406 0.498611
