0 0.087500 0.654167 0.171875 0.691667
0 0.120313 0.378472 0.239063 0.723611
0 0.153906 0.196528 0.228125 0.387500
0 0.766797 0.206250 0.244531 0.404167
0 0.843750 0.404861 0.312500 0.676389
0 0.879687 0.671528 0.240625 0.656944
1 0.689844 0.918750 0.134375 0.162500
1 0.669922 0.648611 0.174219 0.483333
1 0.610156 0.402778 0.168750 0.450000
1 0.554297 0.147917 0.105469 0.293056
1 0.561328 0.086111 0.072656 0.169444
1 0.526172 0.040278 0.028906 0.077778
1 0.246875 0.897917 0.140625 0.204167
1 0.282422 0.697917 0.180469 0.581944
1 0.316016 0.454167 0.160156 0.416667
1 0.359375 0.138889 0.090625 0.275000
1 0.367188 0.083333 0.089063 0.163889
1 0.388281 0.039583 0.037500 0.076389
2 0.312109 0.245833 0.132031 0.472222
2 0.566016 0.774306 0.369531 0.451389
2 0.662109 0.261111 0.177344 0.488889
