0 0.182031 0.650694 0.335938 0.665278
0 0.257812 0.387500 0.232813 0.497222
0 0.851953 0.345139 0.249219 0.518056
0 0.894922 0.607639 0.210156 0.690278
0 0.944922 0.777778 0.110156 0.444444
0 0.694531 0.118750 0.050000 0.218056
0 0.661719 0.080556 0.025000 0.138889
0 0.642578 0.038889 0.014844 0.066667
1 0.400781 0.818056 0.162500 0.363889
1 0.422656 0.664583 0.151562 0.473611
1 0.771094 0.807639 0.173437 0.384722
1 0.698828 0.662500 0.178906 0.427778
1 0.637500 0.238194 0.054688 0.204167
1 0.643359 0.188194 0.061719 0.268056
1 0.617578 0.140278 0.036719 0.272222
1 0.455078 0.185417 0.035156 0.073611
1 0.472656 0.171528 0.046875 0.195833
1 0.461719 0.083333 0.042188 0.116667
2 0.360547 0.509722 0.186719 0.430556
2 0.408594 0.415278 0.225000 0.638889
2 0.725000 0.452083 0.165625 0.540278
2 0.022656 0.070833 0.043750 0.136111
