0 0.121875 0.774306 0.240625 0.451389
0 0.162891 0.551389 0.296094 0.655556
0 0.240625 0.275000 0.231250 0.519444
0 0.898047 0.823611 0.203906 0.352778
0 0.864844 0.625000 0.264062 0.652778
0 0.819141 0.346528 0.236719 0.515278
0 0.388281 0.084722 0.032813 0.161111
1 0.338672 0.779167 0.169531 0.430556
1 0.385156 0.561111 0.151562 0.466667
1 0.686328 0.806250 0.141406 0.387500
1 0.608203 0.547222 0.114844 0.530556
1 0.419922 0.202083 0.103906 0.343056
1 0.437500 0.125000 0.076563 0.247222
1 0.460938 0.109722 0.039062 0.108333
1 0.625391 0.219444 0.094531 0.208333
1 0.632812 0.070833 0.040625 0.130556
2 0.552734 0.456944 0.177344 0.863889
2 0.664844 0.512500 0.142187 0.591667
2 0.321094 0.392361 0.179688 0.415278
