0 0.141797 0.668750 0.280469 0.626389
0 0.182812 0.420833 0.254688 0.488889
0 0.916797 0.768056 0.166406 0.463889
0 0.863672 0.599306 0.272656 0.645833
0 0.795703 0.361111 0.260156 0.458333
0 0.655469 0.138194 0.089063 0.265278
0 0.596094 0.110417 0.029687 0.212500
0 0.577734 0.070139 0.019531 0.123611
0 0.060156 0.032639 0.042188 0.056944
0 0.982422 0.052778 0.035156 0.097222
1 0.719531 0.817361 0.168750 0.365278
1 0.654297 0.694444 0.185156 0.486111
1 0.339453 0.832639 0.124219 0.334722
1 0.370312 0.741667 0.167187 0.447222
1 0.583203 0.375694 0.085156 0.354167
1 0.585156 0.274306 0.062500 0.284722
1 0.555469 0.205556 0.042188 0.263889
1 0.391406 0.244444 0.037500 0.063889
1 0.403906 0.210417 0.035937 0.131944
1 0.396094 0.154167 0.035937 0.136111
1 0.421484 0.054861 0.055469 0.106944
1 0.084766 0.033333 0.032031 0.047222
2 0.298828 0.561806 0.180469 0.373611
2 0.340625 0.499306 0.256250 0.609722
2 0.678516 0.502083 0.174219 0.576389
