2 0.705469 0.358333 0.150000 0.408333
2 0.362109 0.352083 0.149219 0.412500
1 0.323437 0.976389 0.078125 0.047222
1 0.373828 0.729167 0.138281 0.425000
1 0.409375 0.515278 0.117188 0.438889
1 0.437500 0.136806 0.082812 0.270833
1 0.445703 0.061111 0.080469 0.119444
1 0.630469 0.054861 0.076563 0.106944
1 0.628125 0.173611 0.095312 0.319444
1 0.667188 0.555556 0.139063 0.363889
1 0.696094 0.763194 0.134375 0.412500
0 0.123828 0.756250 0.246094 0.487500
0 0.166797 0.529861 0.294531 0.695833
0 0.243359 0.250694 0.263281 0.479167
0 0.385156 0.052083 0.059375 0.101389
0 0.689063 0.070833 0.050000 0.138889
0 0.831641 0.288194 0.255469 0.515278
0 0.870703 0.593750 0.258594 0.618056
0 0.891016 0.808333 0.217969 0.383333
