2 0.377344 0.400000 0.156250 0.405556
2 0.771094 0.915278 0.343750 0.169444
1 0.402734 0.774306 0.130469 0.409722
1 0.436719 0.546528 0.098437 0.493056
1 0.462500 0.180556 0.087500 0.338889
1 0.479297 0.079167 0.067969 0.155556
1 0.656641 0.080556 0.074219 0.158333
1 0.665234 0.193750 0.099219 0.323611
1 0.681250 0.575694 0.156250 0.443056
1 0.726953 0.750694 0.107031 0.281944
0 0.147656 0.778472 0.293750 0.437500
0 0.177344 0.555556 0.350000 0.636111
0 0.068750 0.117361 0.135937 0.231944
0 0.266016 0.286111 0.258594 0.522222
0 0.401562 0.072222 0.082812 0.141667
0 0.726953 0.093750 0.069531 0.184722
0 0.858203 0.324306 0.271094 0.537500
0 0.879687 0.625000 0.240625 0.688889
0 0.901172 0.825000 0.197656 0.350000
