2 0.689453 0.372917 0.155469 0.418056
2 0.762891 0.927778 0.211719 0.144444
2 0.347266 0.373611 0.133594 0.347222
1 0.298438 0.962500 0.092188 0.075000
1 0.356641 0.752083 0.139844 0.468056
1 0.396094 0.502083 0.123438 0.443056
1 0.422266 0.152083 0.094531 0.301389
1 0.442578 0.082639 0.074219 0.162500
1 0.621094 0.060417 0.079687 0.118056
1 0.614453 0.173611 0.105469 0.319444
1 0.653516 0.545833 0.138281 0.391667
1 0.675781 0.756944 0.137500 0.366667
1 0.637891 0.980556 0.057031 0.038889
0 0.123828 0.748611 0.242969 0.483333
0 0.148828 0.497222 0.291406 0.666667
0 0.217969 0.236806 0.273438 0.470833
0 0.382031 0.052778 0.056250 0.091667
0 0.686719 0.073611 0.051562 0.144444
0 0.820312 0.304861 0.253125 0.523611
0 0.860547 0.598611 0.267969 0.694444
0 0.878125 0.811806 0.232813 0.373611
