2 0.328516 0.352778 0.171094 0.377778
2 0.662891 0.370833 0.139844 0.508333
2 0.744141 0.887500 0.261719 0.225000
1 0.315625 0.973611 0.107813 0.052778
1 0.363672 0.747917 0.125781 0.493056
1 0.394531 0.488194 0.112500 0.448611
1 0.402734 0.147222 0.113281 0.291667
1 0.423047 0.077083 0.092969 0.151389
1 0.584766 0.035417 0.032031 0.062500
1 0.595313 0.172917 0.082812 0.281944
1 0.624609 0.544444 0.092969 0.425000
1 0.682422 0.701389 0.125781 0.336111
0 0.128125 0.765278 0.251563 0.455556
0 0.148828 0.513194 0.296094 0.662500
0 0.203906 0.236806 0.279687 0.470833
0 0.366797 0.046528 0.066406 0.090278
0 0.660937 0.059028 0.057813 0.115278
0 0.802734 0.251389 0.258594 0.500000
0 0.860156 0.547222 0.279687 0.672222
0 0.891016 0.774306 0.217969 0.451389
