0 0.318359 0.341667 0.128906 0.352778
0 0.657813 0.358333 0.150000 0.438889
0 0.774609 0.906944 0.289844 0.186111
1 0.280469 0.969444 0.103125 0.061111
1 0.333984 0.745139 0.144531 0.490278
1 0.364844 0.497917 0.123438 0.445833
1 0.398047 0.131250 0.082031 0.256944
1 0.410547 0.077778 0.074219 0.152778
1 0.591797 0.044444 0.075781 0.086111
1 0.595313 0.164583 0.115625 0.315278
1 0.628906 0.527083 0.137500 0.409722
1 0.662891 0.745139 0.110156 0.395833
0 0.115234 0.764583 0.216406 0.470833
0 0.139453 0.485417 0.277344 0.629167
0 0.188672 0.227778 0.277344 0.452778
0 0.351953 0.046528 0.028906 0.090278
0 0.651563 0.068056 0.046875 0.133333
0 0.795312 0.270833 0.268750 0.519444
0 0.840234 0.564583 0.308594 0.654167
0 0.875391 0.786111 0.249219 0.408333
