2 0.795703 0.892361 0.249219 0.215278
2 0.713281 0.318056 0.150000 0.408333
2 0.366016 0.323611 0.141406 0.361111
1 0.314453 0.934722 0.092969 0.130556
1 0.367188 0.723611 0.148438 0.527778
1 0.400781 0.465972 0.132812 0.443056
1 0.431641 0.125000 0.110156 0.247222
1 0.460156 0.055556 0.071875 0.108333
1 0.633984 0.045833 0.078906 0.088889
1 0.631250 0.150000 0.100000 0.291667
1 0.665234 0.521528 0.139844 0.362500
1 0.694922 0.711806 0.146094 0.398611
1 0.660547 0.961806 0.094531 0.076389
0 0.128516 0.730556 0.246094 0.527778
0 0.157422 0.463889 0.303906 0.650000
0 0.232422 0.212500 0.261719 0.422222
0 0.698828 0.052778 0.042969 0.100000
0 0.834375 0.270139 0.265625 0.512500
0 0.866406 0.560417 0.267188 0.662500
0 0.896484 0.790278 0.207031 0.419444
