2 0.693750 0.385417 0.146875 0.420833
2 0.354297 0.376389 0.147656 0.363889
2 0.762891 0.923611 0.191406 0.152778
1 0.305859 0.968056 0.100781 0.063889
1 0.369141 0.764583 0.135156 0.423611
1 0.393359 0.520139 0.127344 0.456944
1 0.429297 0.152778 0.096094 0.302778
1 0.443359 0.074306 0.069531 0.145833
1 0.619922 0.063194 0.077344 0.123611
1 0.622656 0.175694 0.096875 0.329167
1 0.651172 0.554167 0.139844 0.391667
1 0.685937 0.763889 0.135937 0.372222
0 0.125781 0.761806 0.248438 0.476389
0 0.148828 0.495833 0.296094 0.638889
0 0.225000 0.232639 0.259375 0.462500
0 0.385547 0.055556 0.049219 0.108333
0 0.684766 0.079167 0.042969 0.150000
0 0.819141 0.297222 0.250781 0.522222
0 0.857422 0.594444 0.285156 0.647222
0 0.891797 0.802083 0.216406 0.362500
