2 0.381641 0.342361 0.132031 0.340278
2 0.714453 0.341667 0.124219 0.397222
2 0.826562 0.913889 0.215625 0.169444
1 0.339062 0.951389 0.092188 0.097222
1 0.390234 0.745139 0.133594 0.481944
1 0.432812 0.489583 0.123438 0.445833
1 0.457422 0.150000 0.082031 0.297222
1 0.475000 0.056944 0.079687 0.111111
1 0.642188 0.044444 0.078125 0.086111
1 0.656641 0.158333 0.094531 0.311111
1 0.690234 0.540278 0.146094 0.358333
1 0.707812 0.729167 0.148438 0.369444
1 0.676953 0.972917 0.049219 0.054167
0 0.141406 0.750000 0.273438 0.500000
0 0.174609 0.500000 0.319531 0.680556
0 0.250000 0.227083 0.267188 0.451389
0 0.719141 0.070139 0.060156 0.137500
0 0.862500 0.292361 0.242188 0.526389
0 0.875781 0.579861 0.248438 0.654167
0 0.905859 0.801389 0.185156 0.397222
