2 0.365625 0.309028 0.150000 0.412500
2 0.792578 0.852778 0.283594 0.294444
1 0.346875 0.951389 0.110937 0.097222
1 0.382422 0.726389 0.158594 0.497222
1 0.401953 0.447917 0.139844 0.406944
1 0.415234 0.130556 0.133594 0.258333
1 0.419531 0.063194 0.084375 0.123611
1 0.629297 0.126389 0.108594 0.250000
1 0.664453 0.434722 0.139844 0.461111
1 0.709766 0.663194 0.107031 0.384722
0 0.139453 0.758333 0.277344 0.469444
0 0.157812 0.480556 0.314063 0.619444
0 0.205469 0.219444 0.273438 0.436111
0 0.817969 0.211111 0.268750 0.419444
0 0.864062 0.454861 0.271875 0.662500
0 0.893359 0.727778 0.213281 0.541667
