2 0.349609 0.353472 0.141406 0.354167
2 0.682422 0.342361 0.130469 0.470833
2 0.367969 0.122917 0.051562 0.243056
1 0.305469 0.970139 0.103125 0.059722
1 0.366016 0.756944 0.128906 0.483333
1 0.394531 0.487500 0.114062 0.455556
1 0.420703 0.141667 0.086719 0.280556
1 0.433594 0.091667 0.079687 0.180556
1 0.615625 0.048611 0.075000 0.094444
1 0.605469 0.170139 0.081250 0.281944
1 0.651172 0.520833 0.146094 0.377778
1 0.686719 0.745139 0.167187 0.409722
1 0.699609 0.969444 0.152344 0.061111
0 0.128516 0.761806 0.255469 0.476389
0 0.150781 0.487500 0.284375 0.638889
0 0.215625 0.217361 0.268750 0.412500
0 0.816797 0.273611 0.258594 0.511111
0 0.864062 0.553472 0.271875 0.676389
0 0.881641 0.778472 0.236719 0.415278
