2 0.285156 0.353472 0.151562 0.409722
2 0.622266 0.349306 0.139844 0.415278
1 0.299219 0.968750 0.067187 0.062500
1 0.298047 0.741667 0.153906 0.400000
1 0.328906 0.520833 0.120313 0.433333
1 0.351953 0.140278 0.080469 0.277778
1 0.360938 0.069444 0.081250 0.136111
1 0.536328 0.043750 0.080469 0.084722
1 0.537891 0.171528 0.099219 0.331944
1 0.596094 0.547917 0.140625 0.373611
1 0.639062 0.739583 0.126562 0.387500
1 0.641016 0.976389 0.116406 0.047222
0 0.092969 0.793750 0.184375 0.412500
0 0.116406 0.554861 0.229687 0.659722
0 0.139844 0.259722 0.262500 0.505556
0 0.290234 0.062500 0.066406 0.122222
0 0.592969 0.071528 0.057813 0.140278
0 0.748047 0.265972 0.258594 0.493056
0 0.816016 0.566667 0.314844 0.613889
0 0.857031 0.778472 0.285938 0.443056
0 0.925781 0.122222 0.148438 0.222222
