2 0.294922 0.357639 0.142969 0.401389
2 0.654687 0.370833 0.148438 0.427778
2 0.711719 0.906944 0.253125 0.186111
1 0.267578 0.968056 0.094531 0.063889
1 0.326953 0.750694 0.146094 0.479167
1 0.357031 0.495139 0.123438 0.451389
1 0.393750 0.152083 0.093750 0.301389
1 0.403125 0.090278 0.076563 0.177778
1 0.585156 0.073611 0.078125 0.144444
1 0.572656 0.169444 0.110937 0.325000
1 0.621094 0.551389 0.150000 0.386111
1 0.652734 0.725694 0.127344 0.345833
0 0.113672 0.754861 0.225781 0.465278
0 0.131641 0.509722 0.261719 0.647222
0 0.172266 0.236111 0.282031 0.469444
0 0.346094 0.064583 0.065625 0.126389
0 0.793359 0.282639 0.257031 0.501389
0 0.844922 0.569444 0.305469 0.680556
0 0.873828 0.790278 0.252344 0.419444
