2 0.693750 0.352083 0.146875 0.448611
2 0.514062 0.316667 0.142187 0.630556
2 0.356641 0.349306 0.136719 0.331944
1 0.320312 0.961806 0.104688 0.076389
1 0.373828 0.752083 0.133594 0.468056
1 0.400000 0.481944 0.131250 0.430556
1 0.422656 0.131944 0.078125 0.261111
1 0.619922 0.161111 0.102344 0.319444
1 0.675781 0.522222 0.150000 0.416667
1 0.707812 0.756944 0.143750 0.425000
0 0.126172 0.759028 0.246094 0.481944
0 0.154297 0.477778 0.294531 0.625000
0 0.214062 0.240278 0.281250 0.477778
0 0.826953 0.277778 0.250781 0.511111
0 0.866406 0.561111 0.267188 0.652778
0 0.885938 0.784722 0.228125 0.430556
