2 0.360938 0.357639 0.128125 0.379167
2 0.705078 0.386111 0.142969 0.427778
2 0.805469 0.912500 0.235937 0.175000
1 0.302734 0.955556 0.102344 0.088889
1 0.354297 0.756250 0.139844 0.473611
1 0.408203 0.498611 0.111719 0.458333
1 0.443359 0.155556 0.074219 0.308333
1 0.461328 0.088889 0.074219 0.175000
1 0.646094 0.062500 0.090625 0.122222
1 0.632422 0.170139 0.086719 0.318056
1 0.635938 0.556250 0.095312 0.387500
1 0.681641 0.772917 0.119531 0.381944
0 0.117969 0.743056 0.229687 0.513889
0 0.158203 0.490972 0.307031 0.654167
0 0.234375 0.234722 0.240625 0.466667
0 0.392578 0.053472 0.063281 0.104167
0 0.699609 0.086111 0.053906 0.169444
0 0.827344 0.313889 0.237500 0.533333
0 0.868359 0.602778 0.258594 0.636111
0 0.886719 0.816667 0.226562 0.366667
