2 0.297656 0.358333 0.157812 0.388889
2 0.511328 0.282639 0.121094 0.562500
2 0.764844 0.858333 0.289062 0.283333
1 0.303125 0.964583 0.065625 0.070833
1 0.333594 0.758333 0.123438 0.477778
1 0.370312 0.509028 0.109375 0.456944
1 0.378516 0.147222 0.088281 0.291667
1 0.394531 0.082639 0.075000 0.162500
1 0.612500 0.504167 0.132812 0.452778
1 0.650000 0.717361 0.092188 0.354167
1 0.592187 0.143750 0.096875 0.284722
1 0.580078 0.057639 0.067969 0.112500
0 0.112500 0.779167 0.220312 0.441667
0 0.129297 0.528472 0.257031 0.676389
0 0.168750 0.238194 0.273438 0.473611
0 0.330078 0.054167 0.061719 0.105556
0 0.632422 0.063194 0.041406 0.123611
0 0.781641 0.246528 0.277344 0.487500
0 0.840234 0.535417 0.308594 0.659722
0 0.875781 0.774306 0.248438 0.451389
