2 0.369922 0.362500 0.163281 0.416667
2 0.679688 0.363194 0.160938 0.412500
1 0.348438 0.770139 0.131250 0.459722
1 0.393750 0.562500 0.123438 0.430556
1 0.412500 0.128472 0.078125 0.254167
1 0.418750 0.034028 0.071875 0.065278
1 0.592187 0.065972 0.071875 0.129167
1 0.601172 0.177778 0.107031 0.325000
1 0.646875 0.553472 0.156250 0.404167
1 0.692187 0.750000 0.168750 0.394444
0 0.121094 0.788194 0.235937 0.423611
0 0.145703 0.544444 0.289844 0.641667
0 0.200000 0.248611 0.279687 0.494444
0 0.658594 0.071528 0.065625 0.140278
0 0.805469 0.287500 0.240625 0.508333
0 0.852734 0.559028 0.294531 0.620833
0 0.883594 0.790278 0.232813 0.419444
