2 0.333594 0.425000 0.131250 0.361111
2 0.658594 0.452778 0.151562 0.605556
2 0.759766 0.916667 0.267969 0.166667
1 0.374219 0.783333 0.132812 0.419444
1 0.399219 0.556944 0.117188 0.436111
1 0.419531 0.185417 0.092188 0.329167
1 0.437109 0.100694 0.074219 0.198611
1 0.604297 0.177083 0.080469 0.309722
1 0.599609 0.060417 0.086719 0.118056
1 0.631641 0.558333 0.127344 0.394444
1 0.685937 0.743750 0.110937 0.348611
0 0.137891 0.802083 0.264844 0.384722
0 0.148438 0.568056 0.285938 0.633333
0 0.213672 0.272222 0.264844 0.472222
0 0.364063 0.077778 0.084375 0.152778
0 0.664453 0.091667 0.049219 0.180556
0 0.817187 0.307639 0.271875 0.512500
0 0.860156 0.591667 0.279687 0.672222
0 0.896094 0.797222 0.207813 0.394444
