2 0.351172 0.360417 0.138281 0.384722
2 0.794141 0.843750 0.271094 0.312500
1 0.368750 0.977083 0.037500 0.045833
1 0.386328 0.759722 0.138281 0.466667
1 0.415234 0.498611 0.113281 0.455556
1 0.407813 0.158333 0.103125 0.313889
1 0.412891 0.052083 0.080469 0.101389
1 0.608594 0.145833 0.125000 0.286111
1 0.593750 0.040972 0.076563 0.079167
1 0.655469 0.456944 0.150000 0.438889
1 0.705078 0.663194 0.100781 0.370833
0 0.155469 0.815972 0.304688 0.368056
0 0.162109 0.566667 0.322656 0.636111
0 0.201563 0.263194 0.289062 0.476389
0 0.802734 0.211806 0.278906 0.409722
0 0.857422 0.452778 0.285156 0.666667
0 0.903516 0.736111 0.192969 0.527778
