2 0.333594 0.354167 0.156250 0.350000
2 0.676172 0.386806 0.163281 0.468056
2 0.760938 0.963889 0.220312 0.072222
1 0.296484 0.961806 0.082031 0.076389
1 0.361719 0.756944 0.129688 0.447222
1 0.391797 0.518056 0.122656 0.452778
1 0.419141 0.154167 0.092969 0.305556
1 0.420312 0.095833 0.085938 0.188889
1 0.602734 0.156250 0.080469 0.306944
1 0.646094 0.539583 0.123438 0.412500
1 0.679297 0.776389 0.110156 0.400000
0 0.124219 0.768750 0.246875 0.456944
0 0.138281 0.517361 0.275000 0.676389
0 0.214844 0.238194 0.279687 0.468056
0 0.673047 0.079861 0.057031 0.154167
0 0.821094 0.309028 0.264062 0.537500
0 0.858203 0.587500 0.278906 0.672222
0 0.881641 0.804861 0.236719 0.390278
