2 0.360938 0.407639 0.131250 0.384722
2 0.678516 0.477083 0.174219 0.587500
2 0.793359 0.922222 0.322656 0.155556
1 0.383594 0.779167 0.131250 0.430556
1 0.423828 0.543056 0.094531 0.436111
1 0.444141 0.179167 0.083594 0.327778
1 0.456641 0.103472 0.075781 0.204167
1 0.464453 0.053472 0.072656 0.104167
1 0.637109 0.071528 0.071094 0.140278
1 0.624609 0.159028 0.063281 0.243056
1 0.616016 0.543750 0.132031 0.468056
1 0.705469 0.786111 0.125000 0.386111
0 0.139453 0.781250 0.264844 0.437500
0 0.163672 0.556250 0.321094 0.665278
0 0.238672 0.261111 0.257031 0.494444
0 0.387891 0.077083 0.082031 0.151389
0 0.700391 0.080556 0.055469 0.158333
0 0.847656 0.318056 0.262500 0.533333
0 0.872266 0.604167 0.255469 0.661111
0 0.901172 0.812500 0.197656 0.375000
