2 0.323437 0.352083 0.148438 0.331944
2 0.682813 0.354861 0.215625 0.706944
2 0.764453 0.880556 0.314844 0.238889
1 0.309375 0.967361 0.085938 0.065278
1 0.357812 0.756250 0.145313 0.481944
1 0.392578 0.495139 0.103906 0.440278
1 0.406250 0.143750 0.078125 0.284722
1 0.402734 0.077778 0.103906 0.152778
1 0.415234 0.031944 0.097656 0.061111
1 0.587109 0.040972 0.069531 0.079167
1 0.579688 0.124306 0.068750 0.220833
1 0.551562 0.481944 0.151562 0.447222
1 0.675781 0.703472 0.117188 0.345833
0 0.124219 0.765278 0.246875 0.450000
0 0.144922 0.508333 0.288281 0.600000
0 0.190625 0.230556 0.285938 0.458333
0 0.802344 0.252778 0.259375 0.502778
0 0.860156 0.536806 0.275000 0.634722
0 0.893359 0.779861 0.213281 0.440278
