2 0.360547 0.387500 0.142969 0.402778
2 0.657031 0.372917 0.148438 0.454167
1 0.342578 0.967361 0.119531 0.065278
1 0.354297 0.764583 0.144531 0.456944
1 0.378906 0.562500 0.118750 0.388889
1 0.397266 0.148611 0.082031 0.280556
1 0.412891 0.066667 0.072656 0.130556
1 0.586719 0.055556 0.085938 0.108333
1 0.591797 0.175000 0.125781 0.327778
1 0.641016 0.551389 0.146094 0.380556
1 0.682422 0.765278 0.150781 0.405556
1 0.685547 0.986111 0.102344 0.027778
0 0.124219 0.782639 0.242188 0.431944
0 0.141406 0.537500 0.281250 0.636111
0 0.187109 0.261111 0.274219 0.505556
0 0.644141 0.075694 0.061719 0.148611
0 0.797266 0.276389 0.257031 0.486111
0 0.843750 0.553472 0.312500 0.623611
0 0.878516 0.793750 0.242969 0.412500
