2 0.355469 0.414583 0.134375 0.370833
2 0.696875 0.413889 0.148438 0.405556
2 0.800781 0.947917 0.246875 0.104167
1 0.354687 0.761806 0.140625 0.406944
1 0.402734 0.550000 0.116406 0.450000
1 0.439844 0.190972 0.079687 0.318056
1 0.455469 0.117361 0.060937 0.231944
1 0.625781 0.088194 0.073438 0.173611
1 0.618750 0.208333 0.081250 0.344444
1 0.650781 0.599306 0.135937 0.370833
1 0.679688 0.791667 0.151562 0.347222
0 0.119922 0.767361 0.230469 0.451389
0 0.159375 0.547222 0.307812 0.625000
0 0.221094 0.272222 0.246875 0.508333
0 0.375391 0.068056 0.057031 0.133333
0 0.683203 0.104167 0.036719 0.202778
0 0.829297 0.354167 0.235156 0.525000
0 0.864453 0.619444 0.263281 0.647222
0 0.891016 0.834028 0.214844 0.331944
