2 0.362109 0.320139 0.141406 0.348611
2 0.703516 0.329167 0.152344 0.430556
2 0.698047 0.898611 0.233594 0.202778
1 0.316406 0.945833 0.114062 0.108333
1 0.368359 0.731944 0.139844 0.508333
1 0.407031 0.468056 0.109375 0.438889
1 0.436328 0.137500 0.100781 0.272222
1 0.458203 0.051389 0.072656 0.100000
1 0.631250 0.045139 0.071875 0.084722
1 0.621484 0.152778 0.066406 0.277778
1 0.662109 0.513889 0.138281 0.397222
1 0.685547 0.701389 0.103906 0.350000
0 0.122266 0.736111 0.238281 0.527778
0 0.158203 0.467361 0.310156 0.643056
0 0.230078 0.213194 0.261719 0.423611
0 0.829688 0.266667 0.254688 0.525000
0 0.867188 0.552083 0.265625 0.612500
0 0.882812 0.794444 0.234375 0.411111
