2 0.663672 0.293056 0.169531 0.463889
2 0.344922 0.270833 0.153906 0.377778
1 0.301172 0.918056 0.108594 0.163889
1 0.349219 0.690278 0.142187 0.519444
1 0.390625 0.416667 0.115625 0.450000
1 0.423438 0.109722 0.084375 0.216667
1 0.435547 0.041667 0.083594 0.080556
1 0.621094 0.031250 0.095312 0.059722
1 0.612500 0.127778 0.101562 0.252778
1 0.642969 0.494444 0.146875 0.338889
1 0.667578 0.686806 0.153906 0.390278
1 0.697656 0.955556 0.064062 0.088889
0 0.116797 0.707639 0.227344 0.584722
0 0.150000 0.404861 0.298438 0.634722
0 0.210938 0.187500 0.271875 0.372222
0 0.809375 0.252778 0.225000 0.502778
0 0.869531 0.531250 0.260937 0.618056
0 0.878125 0.774306 0.243750 0.451389
