2 0.366797 0.334722 0.130469 0.377778
2 0.709766 0.344444 0.139844 0.450000
2 0.655859 0.953472 0.186719 0.093056
1 0.316406 0.950000 0.121875 0.100000
1 0.375000 0.738194 0.143750 0.518056
1 0.405469 0.465972 0.110937 0.462500
1 0.436719 0.134028 0.095312 0.265278
1 0.455469 0.047917 0.073438 0.093056
1 0.638281 0.043056 0.081250 0.083333
1 0.633984 0.154861 0.102344 0.295833
1 0.662891 0.522222 0.136719 0.386111
1 0.699609 0.728472 0.135156 0.384722
0 0.128125 0.736111 0.242188 0.527778
0 0.157812 0.484028 0.293750 0.648611
0 0.233984 0.213194 0.269531 0.423611
0 0.836719 0.277778 0.253125 0.519444
0 0.861328 0.570139 0.277344 0.673611
0 0.891797 0.792361 0.216406 0.415278
