2 0.353906 0.363194 0.137500 0.376389
2 0.795703 0.849306 0.289844 0.301389
1 0.365234 0.969444 0.055469 0.061111
1 0.391797 0.754861 0.147656 0.479167
1 0.422266 0.493750 0.102344 0.437500
1 0.405859 0.150694 0.114844 0.298611
1 0.407813 0.057639 0.078125 0.112500
1 0.555859 0.022222 0.021094 0.041667
1 0.603906 0.140972 0.092188 0.251389
1 0.651172 0.454861 0.146094 0.420833
1 0.701953 0.653472 0.099219 0.320833
0 0.153125 0.810417 0.304688 0.379167
0 0.164062 0.565972 0.326562 0.606944
0 0.204297 0.235417 0.291406 0.456944
0 0.805469 0.210417 0.273438 0.418056
0 0.858203 0.442361 0.280469 0.665278
0 0.895312 0.730556 0.209375 0.538889
