2 0.332813 0.286111 0.167187 0.361111
2 0.788281 0.825694 0.312500 0.348611
1 0.337500 0.944444 0.110937 0.111111
1 0.387109 0.723611 0.132031 0.502778
1 0.404687 0.432639 0.134375 0.420833
1 0.425391 0.115972 0.085156 0.229167
1 0.427734 0.048611 0.088281 0.094444
1 0.623437 0.124306 0.131250 0.243056
1 0.664062 0.425694 0.145313 0.420833
1 0.691406 0.634028 0.090625 0.345833
0 0.142969 0.757639 0.275000 0.484722
0 0.158594 0.480556 0.306250 0.655556
0 0.206250 0.214583 0.287500 0.426389
0 0.836328 0.212500 0.302344 0.422222
0 0.857031 0.456944 0.285938 0.658333
0 0.891016 0.736111 0.217969 0.527778
