2 0.402734 0.395833 0.133594 0.450000
2 0.774609 0.894444 0.322656 0.211111
1 0.354687 0.984722 0.029687 0.030556
1 0.408594 0.777083 0.125000 0.434722
1 0.430859 0.536806 0.107031 0.445833
1 0.464844 0.177778 0.079687 0.333333
1 0.471094 0.111806 0.071875 0.220833
1 0.658594 0.206944 0.110937 0.333333
1 0.666406 0.110417 0.064062 0.218056
1 0.677344 0.559028 0.143750 0.431944
1 0.725000 0.743750 0.090625 0.295833
0 0.082031 0.103472 0.162500 0.193056
0 0.146875 0.772917 0.289062 0.448611
0 0.169531 0.548611 0.332813 0.694444
0 0.250391 0.245139 0.261719 0.468056
0 0.392969 0.068056 0.092188 0.133333
0 0.861328 0.327083 0.272656 0.543056
0 0.880078 0.627083 0.236719 0.698611
0 0.905469 0.815972 0.189062 0.368056
