2 0.352734 0.367361 0.144531 0.412500
2 0.669922 0.331250 0.138281 0.434722
1 0.337109 0.967361 0.091406 0.065278
1 0.367969 0.761806 0.153125 0.434722
1 0.385547 0.556944 0.122656 0.383333
1 0.402344 0.165278 0.090625 0.327778
1 0.585156 0.062500 0.090625 0.122222
1 0.583594 0.167361 0.089063 0.331944
1 0.643359 0.545139 0.146094 0.379167
1 0.696875 0.736111 0.145313 0.391667
0 0.131250 0.804167 0.260937 0.386111
0 0.151172 0.561111 0.300781 0.616667
0 0.196484 0.265278 0.271094 0.463889
0 0.791406 0.256250 0.264062 0.490278
0 0.854297 0.536806 0.291406 0.620833
0 0.889844 0.766667 0.215625 0.466667
