2 0.328906 0.358333 0.142187 0.363889
2 0.686328 0.376389 0.153906 0.452778
2 0.748047 0.875000 0.269531 0.250000
1 0.309375 0.970139 0.103125 0.059722
1 0.349219 0.761111 0.142187 0.475000
1 0.387500 0.494444 0.123438 0.450000
1 0.419531 0.161111 0.092188 0.319444
1 0.423438 0.082639 0.084375 0.162500
1 0.601172 0.168750 0.094531 0.334722
1 0.612891 0.059028 0.075781 0.115278
1 0.649609 0.547222 0.121094 0.369444
1 0.669141 0.727083 0.107031 0.351389
1 0.615625 0.968056 0.048438 0.063889
0 0.124219 0.763889 0.237500 0.469444
0 0.154297 0.513889 0.307031 0.669444
0 0.212500 0.241667 0.282813 0.480556
0 0.668750 0.068056 0.053125 0.133333
0 0.817187 0.283333 0.246875 0.516667
0 0.862109 0.570139 0.275781 0.659722
0 0.903125 0.791667 0.193750 0.397222
