2 0.362891 0.365972 0.147656 0.373611
2 0.712500 0.377778 0.148438 0.419444
2 0.776953 0.906944 0.269531 0.186111
1 0.325391 0.962500 0.099219 0.069444
1 0.385937 0.747222 0.123438 0.427778
1 0.411328 0.505556 0.121094 0.419444
1 0.439844 0.155556 0.089063 0.308333
1 0.458203 0.061111 0.080469 0.119444
1 0.632031 0.174306 0.103125 0.331944
1 0.641406 0.065972 0.089063 0.129167
1 0.673047 0.561111 0.147656 0.377778
1 0.698438 0.738889 0.117188 0.350000
0 0.130859 0.756250 0.257031 0.468056
0 0.165234 0.506250 0.328906 0.626389
0 0.238672 0.239583 0.302344 0.476389
0 0.390625 0.056944 0.079687 0.111111
0 0.696875 0.075694 0.054688 0.148611
0 0.844141 0.293750 0.263281 0.529167
0 0.868359 0.593750 0.263281 0.684722
0 0.894922 0.799306 0.210156 0.401389
