2 0.374219 0.411806 0.170313 0.412500
2 0.681641 0.385417 0.155469 0.443056
1 0.388281 0.779861 0.134375 0.390278
1 0.405859 0.608333 0.124219 0.369444
1 0.415625 0.166667 0.078125 0.252778
1 0.421094 0.050000 0.064062 0.097222
1 0.600000 0.062500 0.076563 0.122222
1 0.603125 0.198611 0.103125 0.325000
1 0.658203 0.573611 0.146094 0.366667
1 0.699609 0.771528 0.147656 0.387500
0 0.138281 0.820139 0.271875 0.340278
0 0.163281 0.599306 0.304688 0.612500
0 0.207031 0.303472 0.279687 0.473611
0 0.816797 0.290278 0.263281 0.491667
0 0.855078 0.575000 0.289844 0.633333
0 0.903516 0.802778 0.192969 0.394444
