2 0.352734 0.370833 0.147656 0.341667
2 0.705078 0.377778 0.138281 0.455556
2 0.773438 0.907639 0.279687 0.184722
1 0.312500 0.963889 0.101562 0.072222
1 0.374219 0.760417 0.132812 0.476389
1 0.396484 0.509722 0.117969 0.436111
1 0.432812 0.156250 0.078125 0.309722
1 0.454297 0.071528 0.085156 0.140278
1 0.623828 0.170139 0.091406 0.337500
1 0.632031 0.070139 0.082812 0.137500
1 0.652344 0.551389 0.090625 0.416667
1 0.690625 0.757639 0.104688 0.376389
0 0.134766 0.756250 0.263281 0.487500
0 0.154688 0.511806 0.300000 0.670833
0 0.228516 0.247222 0.269531 0.491667
0 0.384766 0.062500 0.075781 0.122222
0 0.833594 0.288889 0.246875 0.527778
0 0.870703 0.586806 0.258594 0.676389
0 0.902344 0.800000 0.195312 0.400000
