2 0.410156 0.410417 0.139063 0.376389
2 0.791406 0.949306 0.207813 0.101389
1 0.391797 0.801389 0.152344 0.397222
1 0.425781 0.584722 0.137500 0.447222
1 0.472656 0.202778 0.076563 0.305556
1 0.489453 0.102778 0.083594 0.202778
1 0.664844 0.239583 0.110937 0.326389
1 0.671484 0.098611 0.061719 0.147222
1 0.653125 0.066667 0.071875 0.127778
1 0.684766 0.595833 0.153906 0.444444
1 0.708984 0.819444 0.105469 0.336111
1 0.019141 0.140278 0.036719 0.150000
0 0.076172 0.120139 0.150781 0.218056
0 0.146094 0.788194 0.285938 0.423611
0 0.182812 0.577778 0.364063 0.663889
0 0.266406 0.285417 0.262500 0.512500
0 0.386719 0.084722 0.129688 0.166667
0 0.763672 0.118750 0.127344 0.193056
0 0.864062 0.363889 0.271875 0.544444
0 0.877734 0.662500 0.244531 0.675000
