2 0.351562 0.277778 0.179688 0.411111
2 0.764062 0.865972 0.279687 0.268056
1 0.342578 0.925694 0.114844 0.148611
1 0.376172 0.701389 0.153906 0.505556
1 0.417969 0.409722 0.123438 0.425000
1 0.437891 0.095833 0.113281 0.188889
1 0.445312 0.045833 0.082812 0.088889
1 0.640625 0.117361 0.110937 0.231944
1 0.669141 0.434722 0.135156 0.425000
1 0.709375 0.652083 0.129688 0.331944
1 0.642188 0.953472 0.037500 0.093056
0 0.148828 0.730556 0.283594 0.538889
0 0.167578 0.427778 0.324219 0.663889
0 0.228906 0.188889 0.284375 0.375000
0 0.041797 0.052083 0.082031 0.101389
0 0.841797 0.218056 0.300781 0.433333
0 0.858984 0.475000 0.277344 0.663889
0 0.889062 0.752083 0.221875 0.495833
