2 0.340234 0.363194 0.147656 0.345833
2 0.680078 0.345139 0.146094 0.426389
2 0.795703 0.898611 0.224219 0.202778
1 0.304297 0.953472 0.096094 0.073611
1 0.365234 0.755556 0.133594 0.475000
1 0.398438 0.504167 0.112500 0.444444
1 0.422656 0.135417 0.085938 0.268056
1 0.432422 0.068750 0.089844 0.134722
1 0.612109 0.050000 0.080469 0.097222
1 0.618750 0.159028 0.112500 0.287500
1 0.652734 0.525694 0.144531 0.387500
1 0.682422 0.734722 0.130469 0.388889
1 0.646094 0.967361 0.057813 0.065278
0 0.121094 0.763194 0.232813 0.473611
0 0.147656 0.509722 0.293750 0.647222
0 0.206641 0.231250 0.275781 0.459722
0 0.809766 0.282639 0.249219 0.501389
0 0.855859 0.553472 0.288281 0.645833
0 0.897266 0.794444 0.205469 0.411111
