0 0.325391 0.325000 0.132031 0.308333
0 0.660937 0.313889 0.148438 0.466667
1 0.301172 0.955556 0.099219 0.088889
1 0.342187 0.735417 0.132812 0.490278
1 0.373047 0.467361 0.142969 0.431944
1 0.396484 0.128472 0.092969 0.254167
1 0.407031 0.071528 0.071875 0.140278
1 0.582422 0.137500 0.094531 0.272222
1 0.640234 0.500000 0.147656 0.416667
1 0.678125 0.746528 0.154688 0.479167
1 0.710547 0.950000 0.074219 0.100000
1 0.119141 0.759028 0.227344 0.481944
1 0.145703 0.489583 0.286719 0.634722
1 0.184766 0.219444 0.286719 0.436111
1 0.793359 0.247917 0.253906 0.481944
1 0.851953 0.503472 0.296094 0.676389
1 0.868750 0.772222 0.262500 0.455556
