2 0.330078 0.411806 0.132031 0.376389
2 0.678125 0.408333 0.150000 0.450000
2 0.757422 0.920139 0.258594 0.159722
1 0.333203 0.968056 0.075781 0.063889
1 0.360547 0.770833 0.142969 0.416667
1 0.389453 0.544444 0.127344 0.438889
1 0.422266 0.174306 0.102344 0.340278
1 0.430859 0.106250 0.089844 0.195833
1 0.613672 0.073611 0.077344 0.144444
1 0.606641 0.189583 0.092969 0.337500
1 0.648438 0.570833 0.123438 0.402778
1 0.686328 0.756250 0.141406 0.320833
0 0.123047 0.783333 0.244531 0.433333
0 0.148828 0.558333 0.296094 0.658333
0 0.212500 0.275000 0.262500 0.508333
0 0.363281 0.071528 0.071875 0.140278
0 0.671094 0.080556 0.060937 0.158333
0 0.817187 0.325000 0.251563 0.511111
0 0.861328 0.618056 0.277344 0.672222
0 0.894141 0.816667 0.211719 0.366667
