2 0.326562 0.400000 0.137500 0.361111
2 0.667188 0.415972 0.143750 0.454167
2 0.766797 0.914583 0.253906 0.170833
1 0.315234 0.977083 0.086719 0.045833
1 0.338281 0.772917 0.140625 0.429167
1 0.375781 0.538889 0.112500 0.450000
1 0.408984 0.179167 0.080469 0.341667
1 0.423438 0.108333 0.076563 0.213889
1 0.597266 0.073611 0.074219 0.144444
1 0.599219 0.191667 0.095312 0.341667
1 0.630078 0.595139 0.122656 0.343056
1 0.657813 0.777778 0.126562 0.350000
0 0.111719 0.779861 0.217188 0.434722
0 0.142578 0.548611 0.283594 0.636111
0 0.194531 0.268056 0.267188 0.508333
0 0.344141 0.066667 0.097656 0.130556
0 0.657813 0.092361 0.056250 0.181944
0 0.795312 0.327083 0.253125 0.515278
0 0.846094 0.629861 0.292187 0.654167
0 0.886328 0.819444 0.216406 0.361111
