2 0.350391 0.363889 0.149219 0.391667
2 0.790234 0.858333 0.271094 0.283333
1 0.382031 0.968056 0.064062 0.063889
1 0.368359 0.751389 0.150781 0.463889
1 0.415234 0.489583 0.121094 0.451389
1 0.406250 0.154167 0.110937 0.305556
1 0.416797 0.061111 0.080469 0.119444
1 0.562109 0.026389 0.025781 0.050000
1 0.615625 0.143056 0.118750 0.269444
1 0.655469 0.474306 0.157812 0.468056
1 0.707031 0.661111 0.101562 0.366667
0 0.156250 0.814583 0.306250 0.370833
0 0.167578 0.577083 0.333594 0.598611
0 0.203906 0.250000 0.300000 0.486111
0 0.042969 0.146528 0.084375 0.226389
0 0.808984 0.213194 0.267969 0.423611
0 0.861328 0.455556 0.277344 0.647222
0 0.899219 0.726389 0.201563 0.533333
