2 0.771484 0.889583 0.283594 0.220833
2 0.676953 0.315972 0.152344 0.412500
2 0.320703 0.306944 0.138281 0.350000
1 0.282813 0.932639 0.118750 0.134722
1 0.342969 0.723611 0.170313 0.511111
1 0.371094 0.440972 0.131250 0.443056
1 0.412109 0.121528 0.094531 0.240278
1 0.426172 0.066667 0.086719 0.130556
1 0.605859 0.037500 0.074219 0.072222
1 0.596484 0.147222 0.092969 0.291667
0 0.110547 0.724306 0.216406 0.540278
0 0.144531 0.441667 0.287500 0.644444
0 0.197266 0.209028 0.277344 0.415278
0 0.807813 0.247917 0.270313 0.493056
0 0.850000 0.526389 0.300000 0.666667
0 0.875391 0.772222 0.249219 0.455556
