2 0.282813 0.354167 0.151562 0.363889
2 0.625781 0.352778 0.148438 0.458333
2 0.708203 0.877778 0.288281 0.244444
1 0.278125 0.964583 0.098437 0.070833
1 0.313281 0.754167 0.151562 0.477778
1 0.347266 0.497222 0.121094 0.452778
1 0.366016 0.156250 0.080469 0.309722
1 0.375000 0.086111 0.082812 0.169444
1 0.567578 0.152083 0.096094 0.301389
1 0.557031 0.054167 0.087500 0.105556
1 0.610547 0.527778 0.150781 0.383333
1 0.636328 0.709722 0.094531 0.372222
0 0.102344 0.754861 0.203125 0.448611
0 0.124219 0.496528 0.246875 0.606944
0 0.155078 0.238194 0.278906 0.459722
0 0.319141 0.056944 0.069531 0.111111
0 0.760938 0.256944 0.240625 0.511111
0 0.836719 0.536806 0.301563 0.656944
0 0.873437 0.765278 0.253125 0.469444
