2 0.345313 0.390972 0.153125 0.423611
2 0.638281 0.388889 0.148438 0.472222
2 0.353125 0.787500 0.150000 0.397222
2 0.371094 0.596528 0.140625 0.387500
2 0.376172 0.170833 0.064844 0.277778
2 0.383984 0.079167 0.088281 0.155556
2 0.558594 0.073611 0.078125 0.144444
2 0.567578 0.199306 0.121094 0.340278
2 0.633203 0.569444 0.161719 0.380556
2 0.674219 0.750000 0.154688 0.380556
0 0.122656 0.838194 0.240625 0.323611
0 0.137500 0.593056 0.273438 0.588889
0 0.169531 0.310417 0.275000 0.459722
0 0.777344 0.288194 0.260937 0.445833
0 0.841797 0.575694 0.316406 0.640278
0 0.870703 0.795833 0.258594 0.408333
0 0.622656 0.079167 0.059375 0.155556
