2 0.766406 0.823611 0.298438 0.352778
2 0.305078 0.274306 0.160156 0.337500
1 0.325391 0.941667 0.099219 0.116667
1 0.362500 0.718056 0.160938 0.494444
1 0.380078 0.431250 0.146094 0.431944
1 0.386719 0.120833 0.125000 0.238889
1 0.395703 0.053472 0.078906 0.104167
1 0.599219 0.115278 0.123438 0.227778
1 0.631641 0.420833 0.133594 0.452778
1 0.678125 0.618056 0.101562 0.358333
0 0.138281 0.768056 0.267188 0.463889
0 0.154297 0.487500 0.307031 0.638889
0 0.176953 0.204861 0.307031 0.406944
0 0.797656 0.202083 0.268750 0.401389
0 0.848828 0.427778 0.302344 0.658333
0 0.887891 0.719444 0.224219 0.561111
