2 0.312500 0.355556 0.157812 0.383333
2 0.665625 0.372917 0.150000 0.454167
2 0.767188 0.970139 0.228125 0.059722
1 0.278516 0.968056 0.102344 0.063889
1 0.334375 0.756250 0.143750 0.459722
1 0.375391 0.500694 0.107031 0.445833
1 0.388281 0.163194 0.101562 0.323611
1 0.403906 0.072222 0.093750 0.141667
1 0.582812 0.159028 0.118750 0.309722
1 0.594922 0.074306 0.077344 0.145833
1 0.619531 0.548611 0.148438 0.394444
1 0.658203 0.771528 0.153906 0.418056
0 0.119141 0.761806 0.228906 0.476389
0 0.132422 0.497917 0.263281 0.665278
0 0.179688 0.236111 0.284375 0.469444
0 0.786328 0.288889 0.246094 0.527778
0 0.843359 0.563889 0.296094 0.669444
0 0.873828 0.788194 0.241406 0.423611
