2 0.309375 0.288194 0.139063 0.337500
2 0.756641 0.880556 0.269531 0.238889
2 0.664062 0.299306 0.145313 0.415278
1 0.279687 0.934722 0.092188 0.130556
1 0.332813 0.717361 0.154688 0.515278
1 0.366797 0.445833 0.122656 0.461111
1 0.391406 0.134722 0.093750 0.263889
1 0.413281 0.057639 0.067187 0.112500
1 0.588281 0.139583 0.084375 0.276389
1 0.628906 0.490972 0.132812 0.362500
1 0.655078 0.694444 0.139844 0.394444
1 0.626563 0.940278 0.092188 0.119444
0 0.109766 0.734028 0.210156 0.531944
0 0.134375 0.444444 0.267188 0.655556
0 0.183203 0.207639 0.277344 0.412500
0 0.792188 0.250000 0.246875 0.458333
0 0.842578 0.526389 0.297656 0.650000
0 0.875781 0.772917 0.248438 0.448611
