2 0.343359 0.354167 0.150781 0.372222
2 0.694531 0.363194 0.150000 0.448611
2 0.751172 0.900694 0.271094 0.198611
1 0.315234 0.961806 0.089844 0.076389
1 0.369922 0.755556 0.128906 0.475000
1 0.396875 0.497222 0.109375 0.444444
1 0.427734 0.147222 0.092969 0.291667
1 0.442969 0.082639 0.062500 0.162500
1 0.622266 0.052083 0.074219 0.101389
1 0.614062 0.156250 0.078125 0.306944
1 0.643359 0.536111 0.091406 0.416667
1 0.689844 0.729167 0.110937 0.363889
0 0.126172 0.759028 0.250781 0.481944
0 0.157812 0.506250 0.298438 0.668056
0 0.216016 0.229167 0.282031 0.455556
0 0.382422 0.053472 0.050781 0.104167
0 0.677734 0.065972 0.055469 0.129167
0 0.841406 0.272222 0.275000 0.527778
0 0.865234 0.565972 0.264844 0.665278
0 0.885156 0.790972 0.229687 0.418056
