2 0.350391 0.354861 0.127344 0.365278
2 0.698047 0.383333 0.157031 0.425000
2 0.765625 0.929167 0.206250 0.141667
1 0.301563 0.961806 0.084375 0.076389
1 0.363672 0.760417 0.138281 0.468056
1 0.401953 0.497917 0.102344 0.434722
1 0.441016 0.152778 0.086719 0.302778
1 0.457031 0.068056 0.082812 0.133333
1 0.626953 0.057639 0.064844 0.112500
1 0.626953 0.172222 0.100781 0.336111
1 0.658203 0.545833 0.139844 0.405556
1 0.683203 0.759722 0.127344 0.372222
0 0.122266 0.747222 0.230469 0.505556
0 0.155859 0.502083 0.310156 0.668056
0 0.224219 0.230556 0.273438 0.458333
0 0.390234 0.055556 0.042969 0.108333
0 0.690625 0.082639 0.056250 0.162500
0 0.823047 0.308333 0.250781 0.530556
0 0.862500 0.596528 0.267188 0.654167
0 0.889844 0.804861 0.220312 0.390278
