2 0.395703 0.371528 0.139844 0.384722
2 0.837891 0.874306 0.324219 0.251389
1 0.395703 0.973611 0.053906 0.052778
1 0.417187 0.765278 0.142187 0.450000
1 0.442969 0.491667 0.110937 0.455556
1 0.447656 0.167361 0.092188 0.331944
1 0.458203 0.050000 0.071094 0.097222
1 0.611719 0.040972 0.032813 0.079167
1 0.658203 0.154167 0.113281 0.305556
1 0.693750 0.479861 0.135937 0.456944
1 0.735547 0.674306 0.113281 0.334722
0 0.164453 0.790278 0.327344 0.394444
0 0.174609 0.557639 0.347656 0.587500
0 0.239453 0.243056 0.288281 0.477778
0 0.063281 0.149306 0.125000 0.226389
0 0.691406 0.040972 0.070312 0.079167
0 0.853125 0.229167 0.270313 0.455556
0 0.883984 0.497222 0.232031 0.650000
0 0.910547 0.754167 0.178906 0.491667
