2 0.625000 0.605556 0.212500 0.777778
2 0.698828 0.279167 0.158594 0.311111
2 0.348828 0.338889 0.133594 0.347222
1 0.315625 0.955556 0.095312 0.088889
2 0.363672 0.743750 0.146094 0.493056
2 0.393750 0.484722 0.128125 0.436111
2 0.424219 0.126389 0.082812 0.250000
2 0.442969 0.050000 0.082812 0.097222
2 0.617578 0.036806 0.074219 0.070833
2 0.619531 0.127083 0.115625 0.212500
0 0.117969 0.748611 0.229687 0.488889
0 0.151953 0.485417 0.297656 0.629167
0 0.226172 0.233333 0.269531 0.452778
0 0.825000 0.263889 0.259375 0.511111
0 0.860547 0.558333 0.278906 0.658333
0 0.887891 0.788889 0.224219 0.422222
