2 0.378906 0.344444 0.160938 0.405556
2 0.686328 0.345833 0.141406 0.419444
1 0.315625 0.955556 0.082812 0.069444
1 0.373047 0.758333 0.127344 0.472222
1 0.391016 0.523611 0.127344 0.391667
1 0.417969 0.146528 0.073438 0.290278
1 0.428125 0.047917 0.090625 0.093056
1 0.608203 0.050000 0.067969 0.097222
1 0.609375 0.159722 0.093750 0.316667
1 0.655078 0.551389 0.152344 0.394444
1 0.691797 0.754167 0.144531 0.419444
0 0.130469 0.774306 0.251563 0.451389
0 0.160547 0.529167 0.310156 0.658333
0 0.219141 0.250694 0.288281 0.498611
0 0.812891 0.263889 0.258594 0.525000
0 0.860156 0.561806 0.279687 0.665278
0 0.881250 0.799306 0.226562 0.401389
