2 0.309375 0.359028 0.156250 0.401389
2 0.616406 0.331944 0.143750 0.433333
1 0.284766 0.971528 0.049219 0.045833
1 0.322266 0.728472 0.135156 0.401389
1 0.342969 0.545139 0.115625 0.376389
1 0.358984 0.151389 0.089844 0.300000
1 0.371484 0.059722 0.064844 0.116667
1 0.541016 0.041667 0.071094 0.080556
1 0.542188 0.165972 0.085938 0.315278
1 0.601953 0.508333 0.139844 0.391667
1 0.639453 0.719444 0.146094 0.377778
1 0.657031 0.956250 0.143750 0.087500
0 0.105078 0.793056 0.208594 0.413889
0 0.123047 0.563194 0.242969 0.676389
0 0.143359 0.256944 0.258594 0.505556
0 0.292969 0.048611 0.053125 0.094444
0 0.598047 0.058333 0.036719 0.113889
0 0.757031 0.262500 0.248438 0.513889
0 0.837109 0.531250 0.310156 0.620833
0 0.861328 0.776389 0.277344 0.447222
