2 0.351562 0.338889 0.160938 0.394444
2 0.699609 0.357639 0.160156 0.434722
1 0.313672 0.960417 0.094531 0.079167
1 0.366016 0.747222 0.149219 0.480556
1 0.407813 0.492361 0.109375 0.451389
1 0.430859 0.143056 0.096094 0.283333
1 0.442578 0.050000 0.091406 0.097222
1 0.628125 0.052778 0.081250 0.102778
1 0.624609 0.164583 0.096094 0.298611
1 0.666797 0.534722 0.135156 0.400000
1 0.697656 0.743750 0.134375 0.404167
0 0.132812 0.754167 0.257812 0.491667
0 0.160938 0.506250 0.300000 0.631944
0 0.233203 0.243750 0.232031 0.476389
0 0.387109 0.050000 0.061719 0.097222
0 0.687109 0.065278 0.047656 0.127778
0 0.827344 0.279861 0.254688 0.506944
0 0.864062 0.570833 0.271875 0.663889
0 0.890234 0.788889 0.219531 0.422222
