2 0.788281 0.900000 0.221875 0.200000
2 0.713281 0.339583 0.162500 0.445833
2 0.370312 0.322917 0.150000 0.362500
1 0.319531 0.947917 0.093750 0.104167
1 0.375391 0.740278 0.139844 0.494444
1 0.405859 0.477083 0.130469 0.448611
1 0.441797 0.134028 0.085156 0.265278
1 0.458203 0.051389 0.080469 0.100000
1 0.639062 0.055556 0.089063 0.108333
1 0.635938 0.162500 0.110937 0.311111
1 0.672266 0.528472 0.146094 0.398611
1 0.696094 0.718056 0.135937 0.377778
1 0.659375 0.961806 0.059375 0.076389
0 0.133594 0.738889 0.257812 0.522222
0 0.164062 0.480556 0.301563 0.666667
0 0.245312 0.227083 0.262500 0.451389
0 0.835938 0.272222 0.254688 0.516667
0 0.868750 0.562500 0.262500 0.644444
0 0.899219 0.802778 0.201563 0.394444
