2 0.349219 0.299306 0.134375 0.454167
2 0.800391 0.854167 0.271094 0.291667
1 0.356250 0.969444 0.098437 0.061111
1 0.399219 0.751389 0.123438 0.486111
1 0.412891 0.487500 0.116406 0.458333
1 0.408594 0.150000 0.109375 0.297222
1 0.423438 0.052083 0.071875 0.101389
1 0.616797 0.137500 0.117969 0.272222
1 0.656641 0.460417 0.142969 0.451389
1 0.706250 0.663889 0.106250 0.361111
0 0.046094 0.122222 0.090625 0.208333
0 0.157422 0.797917 0.308594 0.404167
0 0.164062 0.540278 0.326562 0.622222
0 0.212109 0.236111 0.277344 0.469444
0 0.809766 0.209028 0.286719 0.415278
0 0.862500 0.447222 0.275000 0.638889
0 0.908594 0.731944 0.182812 0.536111
