2 0.352734 0.379861 0.122656 0.356944
2 0.696484 0.422222 0.153906 0.463889
2 0.796094 0.927778 0.259375 0.144444
1 0.360938 0.771528 0.128125 0.454167
1 0.396484 0.522917 0.113281 0.476389
1 0.443359 0.165278 0.082031 0.327778
1 0.455078 0.092361 0.069531 0.181944
1 0.630469 0.071528 0.078125 0.140278
1 0.622656 0.191667 0.089063 0.341667
0 0.116016 0.754861 0.227344 0.479167
0 0.143750 0.495139 0.278125 0.609722
0 0.228906 0.245833 0.254688 0.475000
0 0.385156 0.068056 0.050000 0.133333
0 0.691797 0.086806 0.049219 0.170833
0 0.829297 0.335417 0.250781 0.540278
0 0.859375 0.631250 0.270313 0.665278
0 0.891797 0.836111 0.203906 0.327778
