2 0.741797 0.783333 0.364844 0.433333
2 0.628906 0.302778 0.196875 0.475000
2 0.171875 0.926389 0.293750 0.147222
1 0.372656 0.976389 0.042188 0.047222
1 0.337109 0.725000 0.157031 0.480556
1 0.403125 0.466667 0.207813 0.516667
1 0.374609 0.143056 0.113281 0.283333
1 0.578125 0.092361 0.056250 0.181944
1 0.607812 0.551389 0.106250 0.238889
1 0.662500 0.559028 0.039062 0.095833
0 0.131250 0.740278 0.250000 0.491667
0 0.146094 0.496528 0.290625 0.720833
0 0.183203 0.233333 0.307031 0.463889
0 0.330078 0.046528 0.042969 0.090278
0 0.811719 0.241667 0.337500 0.480556
0 0.835547 0.492361 0.328906 0.693056
0 0.875391 0.756250 0.249219 0.487500
