2 0.784375 0.807639 0.346875 0.384722
2 0.635156 0.282639 0.189062 0.501389
2 0.183984 0.911111 0.319531 0.177778
1 0.373828 0.965972 0.091406 0.068056
1 0.357422 0.724306 0.144531 0.501389
1 0.415234 0.438194 0.202344 0.509722
1 0.387109 0.134028 0.099219 0.256944
1 0.423828 0.046528 0.077344 0.090278
1 0.577734 0.092361 0.067969 0.181944
1 0.626563 0.528472 0.134375 0.243056
1 0.656641 0.661806 0.096094 0.348611
1 0.600391 0.930556 0.033594 0.138889
0 0.135547 0.729861 0.269531 0.540278
0 0.150781 0.477778 0.300000 0.725000
0 0.191797 0.224306 0.310156 0.445833
0 0.813672 0.233333 0.310156 0.463889
0 0.841406 0.477778 0.317188 0.672222
0 0.881641 0.755556 0.236719 0.488889
