2 0.780859 0.833333 0.349219 0.333333
2 0.176953 0.926389 0.282031 0.147222
2 0.645312 0.309722 0.193750 0.455556
1 0.372266 0.965972 0.042969 0.068056
1 0.351953 0.724306 0.158594 0.434722
1 0.421094 0.461806 0.192188 0.479167
1 0.400000 0.136111 0.092188 0.261111
1 0.419141 0.054167 0.083594 0.105556
1 0.596875 0.037500 0.073438 0.072222
1 0.592187 0.120139 0.050000 0.201389
1 0.648438 0.572222 0.150000 0.230556
1 0.672656 0.693750 0.078125 0.331944
1 0.612891 0.953472 0.058594 0.093056
0 0.134375 0.760417 0.262500 0.479167
0 0.151562 0.517361 0.300000 0.668056
0 0.195703 0.243750 0.286719 0.484722
0 0.811328 0.247917 0.263281 0.465278
0 0.856641 0.522917 0.286719 0.665278
0 0.893359 0.768056 0.213281 0.463889
