2 0.696875 0.846528 0.306250 0.306944
2 0.552734 0.376389 0.178906 0.469444
1 0.290234 0.797222 0.144531 0.405556
1 0.337500 0.572917 0.212500 0.543056
1 0.289453 0.204167 0.103906 0.338889
1 0.310937 0.102778 0.076563 0.202778
1 0.488281 0.061111 0.071875 0.119444
1 0.482031 0.179861 0.082812 0.290278
1 0.555469 0.622222 0.132812 0.255556
1 0.604297 0.727778 0.117969 0.316667
1 0.538281 0.947222 0.067187 0.105556
1 0.964063 0.107639 0.071875 0.209722
0 0.116016 0.629861 0.230469 0.706944
0 0.121875 0.321528 0.242188 0.537500
0 0.241797 0.107639 0.042969 0.212500
0 0.537500 0.084028 0.059375 0.165278
0 0.694531 0.287500 0.284375 0.488889
0 0.801172 0.547917 0.397656 0.634722
0 0.861328 0.777083 0.277344 0.445833
0 0.895703 0.115972 0.199219 0.212500
0 0.953516 0.347222 0.092969 0.241667
