2 0.798438 0.884722 0.345313 0.230556
2 0.197656 0.902778 0.307812 0.194444
2 0.682031 0.322917 0.192188 0.495833
1 0.385547 0.956250 0.078906 0.087500
1 0.390234 0.730556 0.149219 0.505556
1 0.451562 0.471528 0.210938 0.526389
1 0.434375 0.122222 0.085938 0.241667
1 0.475000 0.050694 0.068750 0.098611
1 0.636328 0.035417 0.082031 0.068056
1 0.632422 0.120139 0.066406 0.237500
1 0.677734 0.581944 0.161719 0.244444
1 0.697656 0.697917 0.129688 0.340278
1 0.634766 0.952083 0.030469 0.095833
0 0.146484 0.723611 0.291406 0.552778
0 0.178516 0.487500 0.339844 0.711111
0 0.246094 0.231250 0.296875 0.459722
0 0.855078 0.263194 0.288281 0.523611
0 0.868750 0.550694 0.262500 0.720833
0 0.899219 0.776389 0.201563 0.447222
