2 0.789062 0.831944 0.389062 0.336111
2 0.650391 0.378472 0.191406 0.459722
1 0.371094 0.778472 0.159375 0.398611
1 0.433594 0.550000 0.193750 0.505556
1 0.401172 0.192361 0.103906 0.306944
1 0.425000 0.089583 0.084375 0.176389
1 0.602344 0.075000 0.081250 0.147222
1 0.601953 0.168056 0.080469 0.266667
1 0.647266 0.634028 0.141406 0.251389
1 0.697656 0.633333 0.050000 0.125000
0 0.139063 0.802083 0.267188 0.395833
0 0.154688 0.587500 0.298438 0.655556
0 0.198437 0.315972 0.285938 0.518056
0 0.049219 0.159028 0.096875 0.240278
0 0.352344 0.090278 0.057813 0.177778
0 0.660937 0.081944 0.060937 0.161111
0 0.816406 0.294444 0.282813 0.500000
0 0.857031 0.572222 0.285938 0.652778
0 0.901563 0.797222 0.196875 0.405556
