2 0.696094 0.847917 0.325000 0.304167
2 0.553516 0.388194 0.197656 0.454167
1 0.289844 0.810417 0.146875 0.368056
1 0.341797 0.590278 0.202344 0.530556
1 0.295312 0.229167 0.101562 0.336111
1 0.308594 0.113889 0.084375 0.225000
1 0.476562 0.079167 0.081250 0.155556
1 0.480859 0.200000 0.085156 0.294444
1 0.566797 0.648611 0.152344 0.272222
1 0.586719 0.738889 0.053125 0.302778
1 0.536328 0.944444 0.019531 0.075000
0 0.119141 0.652083 0.236719 0.693056
0 0.125000 0.368750 0.248438 0.587500
0 0.229687 0.127778 0.064062 0.236111
0 0.550781 0.090278 0.059375 0.177778
0 0.693359 0.301389 0.280469 0.530556
0 0.800781 0.565278 0.387500 0.655556
0 0.850781 0.778472 0.298438 0.443056
0 0.891406 0.172222 0.217188 0.291667
1 0.964063 0.115278 0.071875 0.186111
