2 0.419531 0.420139 0.179688 0.412500
2 0.765625 0.888194 0.335938 0.223611
2 0.719531 0.477083 0.176563 0.598611
1 0.342969 0.985417 0.068750 0.029167
1 0.393750 0.764583 0.142187 0.437500
1 0.464453 0.560417 0.199219 0.443056
1 0.460156 0.172222 0.089063 0.341667
1 0.483984 0.081250 0.066406 0.159722
1 0.658594 0.079167 0.095312 0.155556
1 0.649609 0.155556 0.091406 0.280556
1 0.655469 0.536111 0.148438 0.463889
1 0.714453 0.727778 0.082031 0.238889
1 0.570312 0.973611 0.021875 0.033333
0 0.147656 0.742361 0.279687 0.487500
0 0.179688 0.509722 0.353125 0.702778
0 0.254297 0.250694 0.283594 0.498611
0 0.075000 0.115278 0.143750 0.227778
0 0.413672 0.065278 0.049219 0.127778
0 0.718750 0.100000 0.054688 0.197222
0 0.864844 0.350000 0.250000 0.586111
0 0.869531 0.627778 0.260937 0.686111
