2 0.657813 0.819444 0.225000 0.361111
2 0.559375 0.374306 0.175000 0.465278
1 0.289453 0.790972 0.169531 0.409722
1 0.351562 0.545139 0.184375 0.531944
1 0.309766 0.177083 0.107031 0.306944
1 0.340625 0.077778 0.067187 0.152778
1 0.508203 0.070833 0.085156 0.138889
1 0.505078 0.163889 0.089844 0.283333
1 0.576172 0.600694 0.147656 0.265278
1 0.617188 0.745139 0.106250 0.326389
0 0.100000 0.808333 0.193750 0.383333
0 0.121875 0.601389 0.242188 0.694444
0 0.136719 0.302083 0.271875 0.534722
0 0.572656 0.081944 0.062500 0.161111
0 0.723828 0.270833 0.296094 0.488889
0 0.808203 0.554167 0.383594 0.638889
0 0.850000 0.785417 0.300000 0.429167
0 0.914453 0.151389 0.171094 0.258333
1 0.980859 0.115278 0.038281 0.183333
