2 0.700391 0.749306 0.366406 0.501389
2 0.601562 0.454861 0.293750 0.443056
2 0.391406 0.474306 0.128125 0.362500
1 0.384766 0.825000 0.146094 0.350000
1 0.433594 0.645833 0.109375 0.447222
1 0.463672 0.275000 0.082031 0.302778
1 0.494141 0.167361 0.044531 0.298611
1 0.501563 0.081250 0.050000 0.159722
1 0.660156 0.100694 0.078125 0.198611
1 0.654297 0.136806 0.064844 0.184722
1 0.666406 0.252778 0.090625 0.213889
1 0.023438 0.117361 0.045312 0.231944
1 0.088281 0.037500 0.053125 0.072222
0 0.138281 0.814583 0.275000 0.370833
0 0.178906 0.633333 0.354687 0.688889
0 0.268750 0.356944 0.265625 0.525000
0 0.071875 0.190972 0.142187 0.251389
0 0.405859 0.121528 0.108594 0.240278
0 0.449609 0.044444 0.036719 0.086111
0 0.757812 0.148611 0.120313 0.294444
0 0.860156 0.447917 0.279687 0.506944
0 0.876953 0.717361 0.246094 0.565278
