2 0.714063 0.843750 0.257812 0.309722
2 0.477734 0.574306 0.216406 0.818056
2 0.688672 0.392361 0.158594 0.462500
1 0.303516 0.954167 0.099219 0.091667
1 0.361328 0.759028 0.158594 0.479167
1 0.403125 0.440278 0.079687 0.252778
1 0.434766 0.150694 0.071094 0.298611
1 0.450781 0.072917 0.089063 0.143056
1 0.633984 0.070833 0.083594 0.138889
1 0.634375 0.181250 0.082812 0.315278
1 0.663281 0.575694 0.132812 0.340278
1 0.675781 0.750694 0.128125 0.329167
0 0.130078 0.753472 0.258594 0.493056
0 0.175000 0.519444 0.337500 0.722222
0 0.239453 0.243750 0.283594 0.484722
0 0.056250 0.104167 0.110937 0.205556
0 0.397266 0.070833 0.078906 0.138889
0 0.696484 0.092361 0.057031 0.181944
0 0.828906 0.306944 0.289062 0.536111
0 0.860156 0.611806 0.279687 0.690278
0 0.899219 0.812500 0.201563 0.375000
