2 0.782031 0.811806 0.332813 0.376389
2 0.629687 0.290278 0.182812 0.494444
2 0.170313 0.918056 0.296875 0.163889
1 0.344922 0.970139 0.111719 0.059722
1 0.338281 0.726389 0.168750 0.469444
1 0.412891 0.458333 0.178906 0.516667
1 0.387109 0.131944 0.103906 0.261111
1 0.403125 0.054861 0.071875 0.106944
1 0.571484 0.097917 0.046094 0.193056
1 0.612891 0.552778 0.135156 0.219444
1 0.648828 0.667361 0.089844 0.379167
1 0.592578 0.932639 0.046094 0.134722
0 0.139453 0.752083 0.271094 0.495833
0 0.149609 0.502778 0.297656 0.691667
0 0.176953 0.229167 0.319531 0.455556
0 0.790234 0.244444 0.272656 0.486111
0 0.841406 0.482639 0.317188 0.681944
0 0.879297 0.749306 0.241406 0.501389
