2 0.659766 0.827778 0.196094 0.344444
2 0.635156 0.376389 0.142187 0.444444
1 0.326172 0.779167 0.139844 0.416667
1 0.383984 0.541667 0.189844 0.505556
1 0.366016 0.178472 0.071094 0.337500
1 0.382812 0.095833 0.073438 0.188889
1 0.558203 0.077083 0.083594 0.151389
1 0.559375 0.203472 0.104688 0.354167
1 0.592969 0.568750 0.104688 0.381944
1 0.636328 0.642361 0.053906 0.118056
0 0.117969 0.793750 0.229687 0.412500
0 0.144922 0.574306 0.288281 0.698611
0 0.165625 0.279167 0.282813 0.505556
0 0.314844 0.081944 0.054688 0.161111
0 0.621484 0.087500 0.052344 0.172222
0 0.762891 0.308333 0.308594 0.497222
0 0.828125 0.577083 0.343750 0.670833
0 0.874219 0.789583 0.251563 0.420833
0 0.929297 0.168056 0.141406 0.250000
