2 0.712891 0.818750 0.236719 0.362500
2 0.685547 0.363889 0.149219 0.461111
2 0.421484 0.658333 0.235156 0.672222
1 0.349219 0.955556 0.090625 0.088889
1 0.339453 0.759722 0.110156 0.427778
1 0.443750 0.358333 0.137500 0.297222
1 0.430859 0.126389 0.074219 0.238889
1 0.442969 0.073611 0.068750 0.144444
1 0.628906 0.052778 0.087500 0.102778
1 0.621094 0.149306 0.090625 0.293056
1 0.654297 0.506944 0.138281 0.413889
1 0.668359 0.718750 0.122656 0.340278
0 0.135156 0.719444 0.257812 0.541667
0 0.162891 0.456944 0.324219 0.666667
0 0.221484 0.220833 0.292969 0.438889
0 0.691406 0.066667 0.050000 0.130556
0 0.830859 0.292361 0.271094 0.545833
0 0.859375 0.572222 0.281250 0.686111
0 0.883594 0.806250 0.232813 0.387500
