2 0.814063 0.884722 0.334375 0.230556
2 0.703906 0.327778 0.184375 0.466667
2 0.214844 0.900694 0.309375 0.198611
1 0.410156 0.960417 0.065625 0.079167
1 0.399219 0.693056 0.128125 0.402778
1 0.469531 0.466667 0.185938 0.536111
1 0.450781 0.132639 0.071875 0.262500
1 0.480469 0.052083 0.068750 0.101389
1 0.645312 0.109028 0.037500 0.206944
1 0.692578 0.595833 0.150781 0.236111
1 0.731250 0.684028 0.092188 0.312500
1 0.635156 0.917361 0.062500 0.165278
0 0.155469 0.723611 0.303125 0.552778
0 0.181641 0.470833 0.347656 0.694444
0 0.242578 0.232639 0.307031 0.462500
0 0.858984 0.269444 0.272656 0.536111
0 0.877734 0.548611 0.244531 0.700000
0 0.906641 0.793750 0.186719 0.412500
