2 0.678125 0.839583 0.179688 0.320833
2 0.591406 0.445833 0.192188 0.450000
1 0.321484 0.818750 0.158594 0.362500
1 0.370312 0.602778 0.198437 0.530556
1 0.337500 0.240278 0.114062 0.297222
1 0.358984 0.120139 0.085156 0.237500
1 0.532813 0.095833 0.064062 0.188889
1 0.531250 0.225000 0.065625 0.319444
1 0.592578 0.705556 0.132031 0.236111
1 0.626953 0.795833 0.107031 0.333333
1 0.957812 0.070139 0.046875 0.118056
0 0.134766 0.659722 0.267969 0.661111
0 0.152734 0.365972 0.288281 0.509722
0 0.285547 0.113889 0.085156 0.225000
0 0.592578 0.119444 0.061719 0.236111
0 0.757031 0.345833 0.304688 0.508333
0 0.829297 0.627778 0.341406 0.644444
0 0.864844 0.816667 0.270313 0.366667
0 0.915625 0.219444 0.168750 0.255556
