2 0.425391 0.390972 0.163281 0.426389
2 0.729688 0.421528 0.179688 0.501389
2 0.808203 0.915278 0.383594 0.169444
1 0.356250 0.974306 0.032813 0.051389
1 0.383984 0.763889 0.161719 0.455556
1 0.461328 0.540278 0.186719 0.436111
1 0.445703 0.140972 0.085156 0.279167
1 0.480469 0.071528 0.073438 0.140278
1 0.649219 0.069444 0.089063 0.136111
1 0.659766 0.202083 0.097656 0.343056
1 0.692187 0.566667 0.156250 0.438889
1 0.719141 0.730556 0.105469 0.269444
1 0.014844 0.108333 0.028125 0.122222
0 0.149219 0.764583 0.295312 0.470833
0 0.185547 0.542361 0.332031 0.709722
0 0.258594 0.261111 0.270313 0.519444
0 0.079297 0.106944 0.157031 0.211111
0 0.416406 0.072917 0.059375 0.143056
0 0.717969 0.094444 0.046875 0.186111
0 0.849219 0.327083 0.290625 0.551389
0 0.871875 0.616667 0.256250 0.675000
