2 0.737891 0.805556 0.366406 0.388889
2 0.627734 0.330556 0.185156 0.461111
2 0.168750 0.925694 0.309375 0.148611
1 0.356250 0.964583 0.037500 0.070833
1 0.337500 0.740972 0.165625 0.484722
1 0.409375 0.484028 0.190625 0.515278
1 0.376172 0.138889 0.105469 0.275000
1 0.399219 0.064583 0.064062 0.126389
1 0.582422 0.041667 0.067969 0.080556
1 0.579688 0.115278 0.098437 0.211111
1 0.617188 0.557639 0.139063 0.268056
1 0.665234 0.574306 0.039844 0.118056
0 0.131250 0.745139 0.246875 0.490278
0 0.147266 0.494444 0.292969 0.713889
0 0.182031 0.244444 0.314063 0.486111
0 0.793750 0.250694 0.289062 0.481944
0 0.842578 0.517361 0.314844 0.684722
0 0.882812 0.758333 0.234375 0.483333
0 0.342578 0.060417 0.044531 0.101389
