2 0.763281 0.867361 0.218750 0.265278
2 0.720703 0.396528 0.147656 0.445833
2 0.475000 0.473611 0.206250 0.747222
1 0.383203 0.768056 0.147656 0.447222
1 0.484375 0.604861 0.151562 0.315278
1 0.455859 0.091667 0.066406 0.180556
1 0.475781 0.069444 0.073438 0.136111
1 0.652344 0.070833 0.090625 0.138889
1 0.650781 0.204167 0.098437 0.361111
1 0.680469 0.565278 0.156250 0.400000
1 0.705078 0.772917 0.116406 0.362500
0 0.155078 0.750000 0.302344 0.500000
0 0.178125 0.538194 0.345313 0.687500
0 0.262500 0.256944 0.281250 0.511111
0 0.072266 0.113889 0.141406 0.225000
0 0.412500 0.070833 0.051562 0.138889
0 0.720703 0.090278 0.057031 0.177778
0 0.848437 0.318750 0.292187 0.534722
0 0.870703 0.637500 0.258594 0.700000
