2 0.822656 0.846528 0.354687 0.306944
2 0.695312 0.315278 0.187500 0.466667
2 0.214844 0.901389 0.301563 0.197222
1 0.394141 0.956250 0.117969 0.087500
1 0.389453 0.697917 0.155469 0.443056
1 0.469531 0.465278 0.184375 0.511111
1 0.450391 0.121528 0.094531 0.240278
1 0.470703 0.048611 0.074219 0.094444
1 0.655859 0.037500 0.078906 0.072222
1 0.646094 0.109028 0.053125 0.187500
1 0.690625 0.566667 0.150000 0.227778
1 0.716016 0.689583 0.142969 0.356944
1 0.635938 0.951389 0.045312 0.097222
0 0.151172 0.725694 0.289844 0.548611
0 0.175000 0.473611 0.332813 0.683333
0 0.250781 0.222917 0.301563 0.426389
0 0.051953 0.086111 0.096094 0.161111
0 0.864062 0.256250 0.271875 0.476389
0 0.874609 0.550694 0.250781 0.651389
0 0.912500 0.787500 0.175000 0.425000
