2 0.680078 0.825000 0.164844 0.350000
2 0.594141 0.415278 0.196094 0.463889
1 0.321875 0.799306 0.159375 0.393056
1 0.380469 0.568056 0.196875 0.511111
1 0.340625 0.201389 0.110937 0.288889
1 0.367578 0.111806 0.066406 0.220833
1 0.545703 0.089583 0.094531 0.176389
1 0.531641 0.184722 0.080469 0.255556
1 0.600391 0.667361 0.130469 0.245833
1 0.637500 0.744444 0.071875 0.316667
0 0.119141 0.815278 0.232031 0.369444
0 0.135547 0.612500 0.269531 0.697222
0 0.153906 0.327778 0.290625 0.525000
0 0.299609 0.097917 0.061719 0.193056
0 0.603516 0.091667 0.067969 0.180556
0 0.753125 0.322917 0.307812 0.518056
0 0.814453 0.599306 0.371094 0.623611
0 0.866406 0.802083 0.267188 0.395833
0 0.925781 0.170833 0.148438 0.211111
