2 0.707031 0.821528 0.253125 0.356944
2 0.693750 0.347917 0.168750 0.470833
2 0.327734 0.630556 0.260156 0.736111
1 0.449609 0.448611 0.153906 0.452778
1 0.435547 0.126389 0.060156 0.250000
1 0.444922 0.081250 0.086719 0.159722
1 0.635547 0.054861 0.089844 0.106944
1 0.627734 0.155556 0.089844 0.300000
1 0.665625 0.504167 0.132812 0.391667
1 0.673438 0.695139 0.123438 0.323611
1 0.607031 0.929167 0.084375 0.138889
0 0.130859 0.713194 0.246094 0.554167
0 0.158594 0.468056 0.315625 0.711111
0 0.221094 0.210417 0.298438 0.418056
0 0.823047 0.279167 0.246094 0.555556
0 0.862500 0.569444 0.275000 0.711111
0 0.902734 0.790972 0.194531 0.418056
