2 0.798828 0.839583 0.363281 0.320833
2 0.639844 0.358333 0.204687 0.450000
2 0.152344 0.958333 0.237500 0.083333
1 0.360547 0.768056 0.152344 0.411111
1 0.421094 0.540972 0.192188 0.520833
1 0.379688 0.177778 0.109375 0.311111
1 0.413672 0.085417 0.078906 0.168056
1 0.583984 0.063194 0.080469 0.123611
1 0.577344 0.138194 0.067187 0.240278
1 0.638281 0.633333 0.146875 0.216667
1 0.669531 0.750000 0.082812 0.366667
0 0.130078 0.793750 0.257031 0.412500
0 0.151953 0.583333 0.288281 0.655556
0 0.191406 0.300694 0.290625 0.512500
0 0.803516 0.269444 0.278906 0.516667
0 0.850781 0.557639 0.298438 0.656944
0 0.879297 0.793750 0.241406 0.412500
