2 0.664453 0.807639 0.361719 0.384722
2 0.534766 0.351389 0.172656 0.444444
1 0.269922 0.775694 0.153906 0.429167
1 0.333594 0.539583 0.181250 0.518056
1 0.285938 0.184028 0.096875 0.337500
1 0.296094 0.087500 0.064062 0.172222
1 0.474219 0.072917 0.079687 0.143056
1 0.474609 0.156250 0.094531 0.281944
1 0.543750 0.611111 0.165625 0.269444
1 0.577344 0.591667 0.031250 0.102778
1 0.962891 0.088194 0.074219 0.173611
0 0.098047 0.600000 0.194531 0.713889
0 0.119531 0.286111 0.237500 0.550000
0 0.686328 0.259028 0.271094 0.515278
0 0.791406 0.504861 0.378125 0.643056
0 0.847656 0.747222 0.304688 0.505556
0 0.897266 0.163194 0.182031 0.323611
