2 0.717187 0.875000 0.287500 0.250000
2 0.632422 0.361806 0.172656 0.490278
2 0.145703 0.948611 0.222656 0.102778
1 0.354687 0.772222 0.134375 0.430556
1 0.421094 0.525000 0.196875 0.538889
1 0.388672 0.167361 0.094531 0.331944
1 0.419922 0.070833 0.075781 0.138889
1 0.580078 0.063194 0.074219 0.123611
1 0.579688 0.141667 0.082812 0.261111
1 0.634375 0.626389 0.134375 0.230556
1 0.669531 0.681944 0.087500 0.230556
1 0.571094 0.948611 0.067187 0.102778
0 0.130078 0.770139 0.258594 0.459722
0 0.148438 0.548611 0.285938 0.708333
0 0.186719 0.277778 0.301563 0.552778
0 0.340625 0.079861 0.062500 0.156944
0 0.639844 0.083333 0.081250 0.163889
0 0.808203 0.292361 0.322656 0.529167
0 0.836328 0.570833 0.327344 0.663889
0 0.880078 0.783333 0.239844 0.433333
