2 0.596484 0.409722 0.167969 0.472222
2 0.650000 0.867361 0.193750 0.265278
1 0.313672 0.792361 0.169531 0.387500
1 0.383203 0.560417 0.191406 0.501389
1 0.347656 0.200000 0.093750 0.311111
1 0.369922 0.097917 0.061719 0.193056
1 0.549609 0.079861 0.085156 0.156944
1 0.535547 0.171528 0.085156 0.248611
1 0.604297 0.620833 0.155469 0.286111
1 0.645703 0.694444 0.077344 0.163889
0 0.113672 0.808333 0.224219 0.383333
0 0.137109 0.604861 0.272656 0.715278
0 0.152344 0.321528 0.301563 0.515278
0 0.285156 0.100694 0.081250 0.198611
0 0.603906 0.097917 0.059375 0.193056
0 0.762891 0.319444 0.283594 0.500000
0 0.827344 0.600000 0.345313 0.666667
0 0.867188 0.806250 0.265625 0.387500
0 0.932813 0.160417 0.134375 0.231944
