2 0.670312 0.819444 0.193750 0.361111
2 0.588672 0.412500 0.182031 0.452778
1 0.313281 0.804861 0.135937 0.356944
1 0.369141 0.561111 0.205469 0.463889
1 0.339062 0.221528 0.085938 0.320833
1 0.357031 0.113889 0.068750 0.225000
1 0.526563 0.079167 0.070312 0.155556
1 0.519922 0.198611 0.075781 0.247222
1 0.591406 0.663194 0.157812 0.237500
1 0.628906 0.749306 0.078125 0.306944
0 0.128516 0.639583 0.255469 0.704167
0 0.146484 0.353472 0.271094 0.531944
0 0.585938 0.109028 0.062500 0.215278
0 0.564453 0.046528 0.042969 0.073611
0 0.726172 0.310417 0.300781 0.493056
0 0.811719 0.593750 0.357812 0.645833
0 0.855469 0.805556 0.289062 0.388889
0 0.916016 0.211806 0.167969 0.273611
