2 0.750781 0.846528 0.331250 0.306944
2 0.622266 0.345833 0.174219 0.508333
2 0.150781 0.934028 0.220312 0.131944
1 0.344922 0.745139 0.153906 0.493056
1 0.406250 0.505556 0.198437 0.536111
1 0.392578 0.146528 0.088281 0.290278
1 0.408984 0.067361 0.077344 0.131944
1 0.585156 0.050000 0.073438 0.097222
1 0.585156 0.082639 0.087500 0.151389
1 0.628516 0.602778 0.164844 0.222222
1 0.670703 0.658333 0.113281 0.200000
1 0.575000 0.927778 0.040625 0.144444
0 0.126562 0.756250 0.251563 0.487500
0 0.152734 0.535417 0.303906 0.698611
0 0.192578 0.245833 0.297656 0.488889
0 0.645312 0.067361 0.059375 0.131944
0 0.814063 0.268750 0.315625 0.534722
0 0.837500 0.540278 0.325000 0.683333
0 0.886328 0.778472 0.227344 0.443056
