2 0.795312 0.823611 0.381250 0.352778
2 0.644531 0.345833 0.184375 0.475000
2 0.166406 0.942361 0.251563 0.115278
1 0.368359 0.763194 0.144531 0.454167
1 0.425781 0.500694 0.185938 0.518056
1 0.387500 0.150694 0.106250 0.298611
1 0.410156 0.064583 0.095312 0.126389
1 0.595703 0.045833 0.075781 0.088889
1 0.593750 0.120139 0.092188 0.237500
1 0.649609 0.579167 0.146094 0.261111
1 0.670703 0.724306 0.089844 0.365278
1 0.612891 0.968056 0.046094 0.063889
0 0.132031 0.777083 0.257812 0.445833
0 0.153906 0.560417 0.295312 0.668056
0 0.198047 0.254167 0.305469 0.505556
0 0.357422 0.056944 0.058594 0.111111
0 0.656641 0.065278 0.050781 0.127778
0 0.810937 0.269444 0.289062 0.494444
0 0.856641 0.536806 0.286719 0.656944
0 0.891406 0.772222 0.217188 0.455556
