2 0.734375 0.841667 0.289062 0.316667
2 0.682031 0.410417 0.179688 0.473611
1 0.374609 0.764583 0.147656 0.454167
1 0.445703 0.542361 0.189844 0.526389
1 0.439063 0.170139 0.085938 0.312500
1 0.456641 0.090278 0.072656 0.177778
1 0.630859 0.079167 0.085156 0.155556
1 0.626953 0.170833 0.091406 0.252778
1 0.656250 0.663194 0.123438 0.220833
1 0.700781 0.643750 0.040625 0.115278
0 0.172656 0.546528 0.332813 0.729167
0 0.228516 0.261111 0.311719 0.519444
0 0.689844 0.100000 0.065625 0.197222
0 0.850781 0.310417 0.298438 0.584722
0 0.863672 0.585417 0.272656 0.718056
0 0.899609 0.811806 0.200781 0.376389
