2 0.700000 0.854167 0.300000 0.291667
2 0.557422 0.395833 0.194531 0.466667
1 0.290234 0.792361 0.163281 0.412500
1 0.346094 0.563889 0.198437 0.541667
1 0.301563 0.186806 0.103125 0.309722
1 0.329688 0.100000 0.065625 0.197222
1 0.497266 0.075694 0.083594 0.148611
1 0.489063 0.157639 0.078125 0.243056
1 0.575391 0.641667 0.167969 0.233333
1 0.603125 0.721528 0.092188 0.320833
1 0.537500 0.943056 0.050000 0.113889
0 0.114844 0.612500 0.228125 0.700000
0 0.130078 0.331250 0.258594 0.526389
0 0.549219 0.083333 0.054688 0.163889
0 0.701172 0.293056 0.305469 0.505556
0 0.792969 0.537500 0.376563 0.630556
0 0.853125 0.781250 0.293750 0.437500
0 0.898047 0.161806 0.203906 0.301389
1 0.970703 0.100694 0.058594 0.198611
