2 0.718750 0.839583 0.317188 0.320833
2 0.668359 0.381944 0.171094 0.450000
1 0.366406 0.766667 0.139063 0.450000
1 0.440234 0.532639 0.205469 0.548611
1 0.419922 0.163194 0.094531 0.323611
1 0.439063 0.077778 0.070312 0.152778
1 0.617969 0.069444 0.087500 0.136111
1 0.618750 0.149306 0.093750 0.245833
1 0.646094 0.615972 0.125000 0.259722
1 0.687891 0.641667 0.047656 0.141667
0 0.137109 0.759028 0.271094 0.470833
0 0.165625 0.536111 0.329688 0.705556
0 0.218359 0.264583 0.297656 0.526389
0 0.375391 0.075000 0.052344 0.147222
0 0.680078 0.086111 0.066406 0.169444
0 0.841406 0.309028 0.317188 0.537500
0 0.848828 0.601389 0.302344 0.677778
0 0.888672 0.807639 0.222656 0.384722
