2 0.802344 0.840278 0.348438 0.319444
2 0.658984 0.315972 0.175781 0.501389
2 0.192188 0.911806 0.265625 0.176389
1 0.377344 0.975000 0.114062 0.050000
1 0.371484 0.730556 0.163281 0.505556
1 0.438672 0.463194 0.183594 0.506944
1 0.409766 0.136111 0.085156 0.269444
1 0.427344 0.054167 0.079687 0.105556
1 0.611328 0.046528 0.075781 0.090278
1 0.600000 0.096528 0.048438 0.170833
1 0.663672 0.580556 0.166406 0.205556
1 0.686719 0.687500 0.115625 0.361111
1 0.621484 0.945139 0.033594 0.109722
0 0.140234 0.749306 0.278906 0.501389
0 0.160938 0.492361 0.320312 0.684722
0 0.209766 0.243750 0.300781 0.484722
0 0.829688 0.256944 0.303125 0.511111
0 0.855469 0.519444 0.289062 0.666667
0 0.882812 0.753472 0.234375 0.493056
