2 0.809375 0.895139 0.301563 0.209722
2 0.669141 0.311111 0.182031 0.483333
2 0.187891 0.896528 0.289844 0.206944
1 0.376172 0.966667 0.110156 0.066667
1 0.369141 0.723611 0.153906 0.500000
1 0.436328 0.456250 0.189844 0.512500
1 0.422656 0.126389 0.085938 0.247222
1 0.608203 0.102778 0.060156 0.194444
1 0.667969 0.560417 0.179688 0.265278
1 0.691797 0.700694 0.132031 0.379167
1 0.624609 0.944444 0.063281 0.111111
0 0.143750 0.732639 0.285938 0.534722
0 0.164453 0.483333 0.327344 0.719444
0 0.222266 0.228472 0.296094 0.454167
0 0.839844 0.250000 0.318750 0.497222
0 0.851172 0.520139 0.297656 0.681944
0 0.886328 0.770833 0.227344 0.458333
