2 0.713281 0.851389 0.218750 0.294444
2 0.589844 0.475000 0.239063 0.686111
2 0.437500 0.401389 0.157812 0.413889
1 0.378906 0.772222 0.143750 0.427778
1 0.442188 0.590972 0.143750 0.404167
1 0.462109 0.147222 0.066406 0.283333
1 0.492188 0.070833 0.059375 0.138889
1 0.662891 0.081944 0.072656 0.161111
1 0.672656 0.200000 0.101562 0.319444
1 0.600781 0.543056 0.171875 0.486111
1 0.714453 0.690278 0.067969 0.111111
1 0.019531 0.106944 0.037500 0.119444
0 0.145313 0.761806 0.270313 0.476389
0 0.177734 0.536111 0.352344 0.700000
0 0.263672 0.261111 0.274219 0.519444
0 0.086328 0.100000 0.171094 0.197222
0 0.417187 0.075694 0.051562 0.148611
0 0.721875 0.111806 0.053125 0.220833
0 0.860156 0.376389 0.279687 0.547222
0 0.872266 0.656250 0.255469 0.687500
