2 0.637500 0.809722 0.345313 0.380556
2 0.492969 0.391667 0.179688 0.477778
1 0.237891 0.803472 0.150781 0.393056
1 0.280078 0.554861 0.194531 0.476389
1 0.231641 0.220139 0.110156 0.345833
1 0.238281 0.067361 0.082812 0.131944
1 0.909375 0.073611 0.073438 0.144444
1 0.424219 0.147917 0.060937 0.231944
1 0.501563 0.616667 0.148438 0.261111
1 0.535547 0.602083 0.019531 0.129167
0 0.093359 0.663194 0.174219 0.673611
0 0.092969 0.361806 0.184375 0.568056
0 0.642578 0.254861 0.294531 0.506944
0 0.753906 0.496528 0.387500 0.693056
0 0.814063 0.738889 0.371875 0.522222
0 0.862891 0.205556 0.213281 0.408333
