2 0.719922 0.839583 0.250781 0.320833
2 0.629687 0.465278 0.192188 0.650000
2 0.403906 0.317361 0.165625 0.387500
1 0.345313 0.956250 0.103125 0.087500
1 0.390234 0.740972 0.124219 0.473611
1 0.439453 0.522917 0.149219 0.470833
1 0.473438 0.147222 0.073438 0.291667
1 0.487109 0.063194 0.067969 0.123611
1 0.655469 0.058333 0.078125 0.113889
1 0.683203 0.136111 0.103906 0.252778
1 0.619531 0.534722 0.210938 0.400000
1 0.693359 0.760417 0.102344 0.329167
1 0.570703 0.955556 0.107031 0.088889
0 0.150000 0.745139 0.292187 0.509722
0 0.182812 0.495139 0.340625 0.706944
0 0.257812 0.238194 0.262500 0.470833
0 0.063672 0.106944 0.116406 0.202778
0 0.426172 0.056250 0.049219 0.109722
0 0.722656 0.081250 0.057813 0.159722
0 0.854688 0.315278 0.276562 0.550000
0 0.871875 0.613194 0.256250 0.706944
