2 0.694531 0.854861 0.312500 0.290278
2 0.558984 0.358333 0.191406 0.450000
1 0.283594 0.783333 0.187500 0.400000
1 0.353125 0.542361 0.193750 0.526389
1 0.316797 0.181250 0.088281 0.331944
1 0.330859 0.081250 0.069531 0.159722
1 0.507031 0.071528 0.082812 0.140278
1 0.502344 0.162500 0.082812 0.294444
1 0.579297 0.615972 0.163281 0.234722
1 0.615625 0.738194 0.096875 0.337500
0 0.103516 0.804167 0.196094 0.391667
0 0.118359 0.597917 0.235156 0.659722
0 0.134766 0.298611 0.266406 0.544444
0 0.244922 0.100000 0.085156 0.197222
0 0.558594 0.086111 0.059375 0.169444
0 0.706641 0.271528 0.302344 0.487500
0 0.806641 0.554167 0.361719 0.597222
0 0.850781 0.778472 0.298438 0.443056
0 0.907422 0.147917 0.185156 0.281944
1 0.975391 0.102778 0.049219 0.202778
