2 0.625391 0.793056 0.213281 0.413889
2 0.605469 0.324306 0.157812 0.426389
2 0.148047 0.936806 0.232031 0.126389
1 0.317578 0.981250 0.057031 0.037500
1 0.292969 0.749306 0.154688 0.468056
1 0.355859 0.447222 0.199219 0.480556
1 0.336328 0.128472 0.075781 0.254167
1 0.349219 0.054167 0.089063 0.105556
1 0.534375 0.048611 0.078125 0.094444
1 0.528516 0.160417 0.080469 0.306944
1 0.572656 0.506250 0.112500 0.387500
1 0.601953 0.584722 0.075781 0.097222
0 0.103516 0.756944 0.196094 0.475000
0 0.124219 0.515278 0.246875 0.708333
0 0.144141 0.247917 0.286719 0.493056
0 0.737500 0.257639 0.275000 0.476389
0 0.809766 0.533333 0.352344 0.647222
0 0.850000 0.774306 0.300000 0.451389
0 0.927344 0.163889 0.143750 0.325000
