2 0.689453 0.804861 0.213281 0.387500
2 0.654687 0.325694 0.175000 0.454167
2 0.175391 0.920139 0.286719 0.159722
1 0.379297 0.957639 0.071094 0.084722
1 0.369141 0.729861 0.135156 0.462500
1 0.442578 0.479167 0.196094 0.525000
1 0.415234 0.130556 0.100781 0.258333
1 0.434375 0.052083 0.079687 0.101389
1 0.606250 0.042361 0.078125 0.081944
1 0.610547 0.108333 0.072656 0.188889
1 0.645703 0.562500 0.153906 0.261111
1 0.691406 0.590278 0.050000 0.188889
1 0.585156 0.932639 0.028125 0.134722
0 0.139844 0.738889 0.267188 0.522222
0 0.160938 0.504167 0.320312 0.727778
0 0.210547 0.244444 0.296094 0.486111
0 0.839453 0.259722 0.319531 0.516667
0 0.848437 0.542361 0.303125 0.687500
0 0.889844 0.755556 0.220312 0.488889
