2 0.789062 0.810417 0.350000 0.379167
2 0.187891 0.921528 0.292969 0.156944
2 0.642578 0.292361 0.180469 0.473611
1 0.357422 0.965972 0.096094 0.068056
1 0.364844 0.734028 0.151562 0.498611
1 0.419922 0.454861 0.183594 0.509722
1 0.401172 0.123611 0.094531 0.244444
1 0.414062 0.044444 0.093750 0.086111
1 0.588281 0.091667 0.062500 0.180556
1 0.653125 0.556250 0.164062 0.206944
1 0.671094 0.686111 0.100000 0.355556
1 0.605859 0.937500 0.046094 0.113889
0 0.131250 0.738889 0.256250 0.522222
0 0.150781 0.496528 0.300000 0.729167
0 0.190234 0.236806 0.302344 0.470833
0 0.806250 0.243056 0.284375 0.483333
0 0.847656 0.475694 0.304688 0.726389
0 0.877734 0.764583 0.244531 0.470833
