2 0.675391 0.827083 0.192969 0.345833
2 0.592578 0.380556 0.189844 0.444444
1 0.306641 0.791667 0.155469 0.416667
1 0.378906 0.551389 0.192188 0.508333
1 0.349219 0.191667 0.090625 0.327778
1 0.366016 0.097917 0.061719 0.193056
1 0.533203 0.079167 0.089844 0.155556
1 0.530078 0.170139 0.086719 0.276389
1 0.601172 0.665278 0.144531 0.233333
1 0.622266 0.761111 0.092969 0.325000
0 0.110547 0.803472 0.214844 0.393056
0 0.128516 0.597222 0.255469 0.686111
0 0.146484 0.309722 0.291406 0.505556
0 0.292187 0.100000 0.071875 0.197222
0 0.602344 0.090278 0.062500 0.177778
0 0.747266 0.302778 0.291406 0.500000
0 0.819141 0.593750 0.361719 0.637500
0 0.871094 0.793750 0.257812 0.412500
0 0.920703 0.174306 0.158594 0.251389
