2 0.673438 0.788889 0.204687 0.422222
2 0.546094 0.441667 0.257812 0.669444
2 0.408203 0.357639 0.160156 0.415278
1 0.319922 0.959722 0.125781 0.080556
1 0.365234 0.753472 0.138281 0.468056
1 0.417187 0.557639 0.151562 0.376389
1 0.447266 0.106944 0.074219 0.211111
1 0.456641 0.052083 0.091406 0.101389
1 0.631641 0.060417 0.074219 0.118056
1 0.644531 0.172222 0.123438 0.316667
1 0.563281 0.504861 0.195312 0.476389
1 0.528516 0.942361 0.080469 0.115278
0 0.136719 0.742361 0.271875 0.515278
0 0.162109 0.490972 0.322656 0.706944
0 0.221875 0.241667 0.281250 0.472222
0 0.054297 0.092361 0.102344 0.156944
0 0.386719 0.060417 0.053125 0.118056
0 0.691406 0.083333 0.054688 0.163889
0 0.824609 0.300694 0.280469 0.562500
0 0.857812 0.595833 0.284375 0.700000
0 0.882812 0.805556 0.234375 0.388889
