2 0.667969 0.775000 0.340625 0.450000
2 0.544531 0.301389 0.182812 0.455556
1 0.279297 0.741667 0.163281 0.491667
1 0.322656 0.469444 0.195312 0.519444
1 0.276562 0.140278 0.120313 0.277778
1 0.289844 0.052083 0.084375 0.101389
1 0.482031 0.105556 0.054688 0.208333
1 0.552344 0.540972 0.160938 0.237500
1 0.589844 0.522222 0.064062 0.105556
0 0.111719 0.534722 0.221875 0.727778
0 0.122656 0.262500 0.243750 0.522222
0 0.689063 0.205556 0.295312 0.408333
0 0.775000 0.440278 0.337500 0.691667
0 0.839063 0.713194 0.321875 0.573611
0 0.921875 0.125694 0.156250 0.215278
1 0.958594 0.054167 0.082812 0.105556
2 0.127344 0.952083 0.220312 0.095833
