2 0.533594 0.700694 0.378125 0.595833
2 0.205859 0.886806 0.272656 0.226389
2 0.689844 0.265278 0.189062 0.466667
1 0.737891 0.700694 0.116406 0.429167
1 0.708984 0.890278 0.085156 0.211111
1 0.371094 0.672917 0.134375 0.431944
1 0.467578 0.411806 0.185156 0.484722
1 0.440234 0.118056 0.074219 0.233333
1 0.460156 0.061111 0.071875 0.119444
1 0.632422 0.081944 0.075781 0.150000
0 0.148828 0.704861 0.282031 0.590278
0 0.173437 0.452083 0.345313 0.673611
0 0.224609 0.214583 0.324219 0.426389
0 0.859375 0.256944 0.281250 0.483333
0 0.873047 0.504861 0.253906 0.684722
0 0.892188 0.754167 0.215625 0.491667
