2 0.380859 0.216667 0.188281 0.413889
2 0.256641 0.877778 0.292969 0.244444
2 0.704297 0.227778 0.157031 0.433333
1 0.407422 0.915278 0.111719 0.169444
1 0.412891 0.650000 0.155469 0.505556
1 0.450781 0.381944 0.114062 0.441667
1 0.464844 0.079167 0.089063 0.155556
1 0.695703 0.437500 0.147656 0.288889
1 0.725391 0.688889 0.160156 0.513889
1 0.758594 0.890278 0.075000 0.219444
0 0.163672 0.694444 0.324219 0.611111
0 0.190234 0.422917 0.374219 0.690278
0 0.268750 0.199306 0.279687 0.395833
0 0.867578 0.193056 0.264844 0.383333
0 0.891016 0.420833 0.217969 0.661111
0 0.900391 0.738194 0.199219 0.523611
