2 0.151172 0.622917 0.067969 0.212500
2 0.370703 0.868750 0.180469 0.262500
1 0.085938 0.888194 0.100000 0.198611
1 0.126562 0.832639 0.085938 0.273611
1 0.153125 0.738194 0.054688 0.193056
1 0.167578 0.689583 0.035156 0.156944
0 0.667188 0.882639 0.381250 0.234722
0 0.558594 0.831944 0.282813 0.336111
0 0.905078 0.696528 0.157031 0.154167
0 0.821875 0.692361 0.142187 0.201389
0 0.751563 0.611111 0.079687 0.063889
0 0.702734 0.615278 0.119531 0.088889
0 0.679297 0.608333 0.135156 0.086111
0 0.624609 0.593750 0.102344 0.081944
0 0.435156 0.693750 0.150000 0.173611
0 0.413281 0.681250 0.175000 0.148611
0 0.407031 0.629861 0.134375 0.101389
0 0.037500 0.729167 0.062500 0.294444
0 0.065625 0.677083 0.073438 0.265278
0 0.084766 0.629861 0.072656 0.209722
0 0.112500 0.596528 0.070312 0.201389
0 0.124219 0.560417 0.032813 0.137500
0 0.382031 0.565972 0.085938 0.081944
