2 0.656641 0.797222 0.369531 0.405556
2 0.182422 0.929861 0.227344 0.140278
2 0.662500 0.328472 0.176563 0.468056
1 0.708984 0.711111 0.138281 0.341667
1 0.642188 0.549306 0.098437 0.159722
1 0.601172 0.107639 0.049219 0.209722
1 0.371094 0.768056 0.153125 0.463889
1 0.436719 0.510417 0.175000 0.526389
1 0.401953 0.146528 0.074219 0.290278
1 0.430859 0.069444 0.088281 0.136111
0 0.139453 0.768750 0.277344 0.462500
0 0.157031 0.545833 0.312500 0.655556
0 0.207422 0.252778 0.291406 0.502778
0 0.829297 0.254861 0.292969 0.506944
0 0.865234 0.515278 0.269531 0.680556
0 0.887500 0.770139 0.225000 0.459722
