2 0.496484 0.720139 0.480469 0.559722
2 0.175781 0.915278 0.279687 0.169444
2 0.624609 0.275694 0.211719 0.431944
1 0.357031 0.961806 0.096875 0.076389
1 0.335156 0.729861 0.128125 0.454167
1 0.400781 0.458333 0.189062 0.511111
1 0.370312 0.142361 0.100000 0.281944
1 0.386719 0.058333 0.084375 0.113889
1 0.558594 0.090278 0.068750 0.177778
1 0.640234 0.539583 0.169531 0.240278
1 0.699609 0.699306 0.146094 0.398611
1 0.483203 0.934722 0.080469 0.130556
0 0.133594 0.768056 0.256250 0.463889
0 0.144922 0.528472 0.288281 0.648611
0 0.165625 0.243750 0.315625 0.484722
0 0.804688 0.222917 0.290625 0.423611
0 0.837891 0.465278 0.324219 0.705556
0 0.878906 0.742361 0.242188 0.515278
