2 0.250781 0.629167 0.500000 0.725000
2 0.179688 0.502778 0.315625 0.463889
2 0.435156 0.111111 0.168750 0.219444
2 0.751172 0.172222 0.289844 0.341667
1 0.729688 0.869444 0.104688 0.261111
1 0.692187 0.594444 0.217188 0.572222
1 0.341406 0.797917 0.095312 0.404167
1 0.376953 0.410417 0.180469 0.565278
1 0.463672 0.222917 0.125781 0.443056
1 0.678906 0.334028 0.145313 0.370833
1 0.700781 0.605556 0.196875 0.575000
0 0.132422 0.259028 0.263281 0.515278
0 0.181641 0.228472 0.361719 0.454167
0 0.888672 0.206250 0.211719 0.409722
0 0.901563 0.402083 0.196875 0.781944
0 0.913672 0.720139 0.172656 0.559722
