2 0.733203 0.859028 0.361719 0.281944
2 0.668359 0.325000 0.197656 0.466667
2 0.188281 0.928472 0.221875 0.143056
1 0.391016 0.745139 0.144531 0.473611
1 0.452734 0.500000 0.185156 0.516667
1 0.407422 0.136806 0.116406 0.270833
1 0.438672 0.063194 0.089844 0.123611
1 0.607031 0.125694 0.065625 0.215278
1 0.660547 0.590278 0.107031 0.261111
1 0.704297 0.625000 0.075781 0.211111
1 0.562500 0.904861 0.087500 0.190278
0 0.154297 0.765972 0.300781 0.468056
0 0.161719 0.543750 0.321875 0.673611
0 0.210547 0.252083 0.319531 0.501389
0 0.838281 0.248611 0.285938 0.475000
0 0.865234 0.517361 0.269531 0.695833
0 0.892578 0.765972 0.214844 0.468056
