2 0.787500 0.875694 0.335938 0.248611
2 0.654297 0.315972 0.189844 0.465278
2 0.243359 0.943056 0.238281 0.113889
1 0.384766 0.965278 0.057031 0.041667
1 0.368750 0.721528 0.181250 0.404167
1 0.437500 0.495833 0.195312 0.491667
1 0.408984 0.145139 0.111719 0.287500
1 0.418750 0.056944 0.071875 0.111111
1 0.607031 0.126389 0.085938 0.216667
1 0.652734 0.578472 0.149219 0.259722
1 0.698047 0.685417 0.133594 0.356944
1 0.604688 0.923611 0.079687 0.152778
0 0.147656 0.768750 0.282813 0.462500
0 0.159375 0.531250 0.317188 0.698611
0 0.199609 0.262500 0.307031 0.522222
0 0.829297 0.245833 0.297656 0.472222
0 0.859375 0.510417 0.281250 0.673611
0 0.898047 0.764583 0.203906 0.470833
