2 0.233594 0.932639 0.234375 0.134722
2 0.670312 0.890278 0.653125 0.219444
2 0.377344 0.328472 0.184375 0.448611
2 0.684375 0.305556 0.196875 0.497222
1 0.400000 0.670139 0.129688 0.331944
1 0.435156 0.513194 0.135937 0.490278
1 0.429688 0.138889 0.114062 0.275000
1 0.612109 0.120139 0.080469 0.237500
1 0.698438 0.527083 0.173437 0.340278
1 0.739453 0.736806 0.183594 0.498611
1 0.795312 0.926389 0.073438 0.147222
0 0.157422 0.778472 0.299219 0.443056
0 0.183594 0.550000 0.354687 0.680556
0 0.229687 0.250694 0.329688 0.481944
0 0.857031 0.237500 0.285938 0.472222
0 0.871875 0.476389 0.256250 0.677778
0 0.916016 0.754167 0.167969 0.491667
