2 0.191797 0.844444 0.375781 0.311111
2 0.288281 0.848611 0.314063 0.302778
2 0.561328 0.228472 0.172656 0.454167
2 0.844141 0.202083 0.222656 0.384722
1 0.466406 0.909722 0.110937 0.180556
1 0.483984 0.673611 0.175781 0.616667
1 0.607422 0.401389 0.163281 0.572222
1 0.838281 0.473611 0.182812 0.361111
1 0.871875 0.665972 0.237500 0.526389
1 0.929688 0.913194 0.125000 0.173611
0 0.175391 0.612500 0.333594 0.763889
0 0.212891 0.365278 0.424219 0.727778
0 0.350000 0.177083 0.281250 0.351389
0 0.940625 0.184722 0.118750 0.366667
0 0.952344 0.493056 0.095312 0.863889
