2 0.660937 0.810417 0.340625 0.379167
2 0.191797 0.929861 0.249219 0.140278
2 0.689063 0.398611 0.206250 0.455556
1 0.384766 0.763194 0.160156 0.470833
1 0.442578 0.504167 0.182031 0.500000
1 0.420703 0.147222 0.107031 0.291667
1 0.441406 0.075694 0.093750 0.148611
1 0.618750 0.137500 0.090625 0.252778
1 0.647266 0.556944 0.114844 0.177778
1 0.721484 0.704861 0.116406 0.312500
1 0.698047 0.875694 0.082031 0.156944
0 0.147656 0.770833 0.293750 0.458333
0 0.164062 0.548611 0.326562 0.691667
0 0.211719 0.256944 0.293750 0.511111
0 0.057422 0.096528 0.099219 0.179167
0 0.850781 0.268750 0.298438 0.526389
0 0.867578 0.549306 0.264844 0.690278
0 0.898438 0.781250 0.203125 0.437500
