2 0.215234 0.618750 0.224219 0.434722
2 0.546484 0.563889 0.191406 0.491667
1 0.612891 0.877778 0.128906 0.244444
1 0.273047 0.904861 0.113281 0.190278
1 0.309375 0.771528 0.146875 0.412500
1 0.296875 0.441667 0.123438 0.338889
1 0.310156 0.273611 0.092188 0.197222
1 0.314453 0.181250 0.044531 0.140278
1 0.314453 0.110417 0.049219 0.079167
1 0.971484 0.261111 0.057031 0.188889
1 0.900391 0.130556 0.071094 0.094444
0 0.109375 0.751389 0.212500 0.497222
0 0.120703 0.586806 0.239844 0.565278
0 0.181641 0.252778 0.210156 0.338889
0 0.187891 0.136806 0.194531 0.229167
0 0.215234 0.059028 0.158594 0.115278
0 0.556641 0.118056 0.172656 0.205556
0 0.607031 0.202083 0.204687 0.315278
0 0.690234 0.437500 0.314844 0.500000
0 0.792969 0.675694 0.414062 0.629167
0 0.889062 0.265278 0.221875 0.247222
0 0.758984 0.109028 0.177344 0.190278
0 0.903125 0.043750 0.137500 0.084722
0 0.966797 0.091667 0.066406 0.180556
