2 0.958203 0.790972 0.083594 0.418056
1 0.822656 0.848611 0.212500 0.302778
1 0.805859 0.647222 0.114844 0.222222
1 0.860156 0.582639 0.067187 0.220833
1 0.860547 0.519444 0.047656 0.166667
1 0.863672 0.465278 0.063281 0.150000
1 0.892578 0.415972 0.063281 0.112500
2 0.869531 0.326389 0.057813 0.144444
0 0.239063 0.818750 0.475000 0.362500
0 0.402344 0.755556 0.465625 0.488889
0 0.560937 0.633333 0.332813 0.452778
0 0.683984 0.511806 0.186719 0.304167
0 0.742969 0.452778 0.145313 0.277778
0 0.770312 0.404861 0.135937 0.256944
0 0.807422 0.347917 0.102344 0.168056
0 0.835547 0.322917 0.091406 0.143056
0 0.069922 0.584028 0.099219 0.206944
0 0.219922 0.460417 0.221094 0.184722
0 0.326172 0.425000 0.130469 0.094444
0 0.530469 0.340972 0.059375 0.048611
0 0.564453 0.331944 0.050781 0.063889
0 0.593750 0.297222 0.040625 0.033333
0 0.582422 0.358333 0.063281 0.038889
0 0.053516 0.676389 0.099219 0.155556
0 0.193750 0.598611 0.253125 0.172222
0 0.092578 0.407639 0.071094 0.045833
0 0.229297 0.368056 0.064844 0.033333
0 0.028906 0.400000 0.023438 0.022222
0 0.428516 0.355556 0.063281 0.061111
