2 0.826172 0.893056 0.224219 0.213889
2 0.623828 0.365278 0.189844 0.450000
2 0.146094 0.954167 0.225000 0.091667
1 0.347266 0.781944 0.144531 0.416667
1 0.403516 0.542361 0.199219 0.518056
1 0.361328 0.193750 0.103906 0.326389
1 0.380078 0.094444 0.089844 0.186111
1 0.551172 0.158333 0.092969 0.261111
1 0.620703 0.595139 0.132031 0.301389
1 0.669531 0.741667 0.134375 0.341667
1 0.662891 0.926389 0.139844 0.147222
0 0.117578 0.802083 0.227344 0.395833
0 0.142578 0.585417 0.283594 0.670833
0 0.165625 0.288194 0.295312 0.512500
0 0.777734 0.274306 0.283594 0.509722
0 0.836328 0.548611 0.327344 0.638889
0 0.876563 0.779167 0.246875 0.441667
0 0.935156 0.122222 0.129688 0.200000
