2 0.226172 0.870833 0.246094 0.258333
2 0.119531 0.863194 0.146875 0.173611
2 0.680859 0.276389 0.185156 0.463889
1 0.384375 0.936806 0.067187 0.126389
1 0.382031 0.698611 0.131250 0.500000
1 0.450781 0.438889 0.176563 0.505556
1 0.433594 0.117361 0.101562 0.231944
1 0.620703 0.098611 0.061719 0.194444
1 0.683594 0.511111 0.164062 0.327778
1 0.711328 0.713194 0.169531 0.412500
1 0.674219 0.896528 0.126562 0.206944
0 0.147266 0.705556 0.278906 0.572222
0 0.175781 0.463194 0.350000 0.701389
0 0.229687 0.220833 0.290625 0.438889
0 0.847266 0.252083 0.285156 0.501389
0 0.871094 0.525694 0.257812 0.687500
0 0.896094 0.765972 0.207813 0.468056
