2 0.790625 0.858333 0.309375 0.283333
2 0.612891 0.281250 0.186719 0.468056
2 0.177734 0.932639 0.286719 0.134722
1 0.369141 0.965972 0.074219 0.068056
1 0.338281 0.731944 0.176563 0.491667
1 0.393750 0.463194 0.209375 0.509722
1 0.357422 0.111111 0.092969 0.219444
1 0.377734 0.042361 0.080469 0.081944
1 0.545312 0.091667 0.065625 0.172222
1 0.618750 0.543056 0.162500 0.230556
1 0.654297 0.658333 0.114844 0.380556
1 0.639453 0.940972 0.044531 0.118056
0 0.121875 0.768750 0.240625 0.462500
0 0.139063 0.503472 0.276562 0.665278
0 0.151172 0.243056 0.299219 0.483333
0 0.787891 0.225000 0.277344 0.447222
0 0.828516 0.471528 0.342969 0.659722
0 0.876953 0.729861 0.246094 0.540278
