2 0.831250 0.841667 0.312500 0.316667
2 0.654297 0.322222 0.189844 0.452778
2 0.191016 0.917361 0.282031 0.165278
1 0.389062 0.974306 0.067187 0.051389
1 0.369141 0.743750 0.149219 0.479167
1 0.440625 0.473611 0.189062 0.502778
1 0.408594 0.120139 0.092188 0.237500
1 0.423828 0.050000 0.077344 0.097222
1 0.603125 0.036111 0.064062 0.069444
1 0.598047 0.105556 0.047656 0.197222
1 0.656250 0.575694 0.137500 0.231944
1 0.694531 0.696528 0.109375 0.359722
0 0.133203 0.756250 0.264844 0.487500
0 0.156641 0.495833 0.300781 0.627778
0 0.206641 0.244444 0.288281 0.458333
0 0.671094 0.054167 0.051562 0.105556
0 0.832031 0.243750 0.293750 0.465278
0 0.859375 0.497917 0.281250 0.648611
0 0.891406 0.772917 0.217188 0.454167
