2 0.249609 0.755556 0.453906 0.488889
2 0.289453 0.659722 0.297656 0.383333
2 0.446094 0.083333 0.123438 0.163889
2 0.727344 0.109722 0.165625 0.216667
1 0.791406 0.747222 0.170313 0.469444
1 0.731250 0.445139 0.162500 0.534722
1 0.419141 0.754167 0.130469 0.366667
1 0.432031 0.391667 0.146875 0.525000
1 0.473047 0.195833 0.105469 0.388889
1 0.707422 0.225694 0.128906 0.345833
0 0.159766 0.538889 0.297656 0.738889
0 0.187500 0.267361 0.373437 0.531944
0 0.886328 0.261111 0.222656 0.519444
0 0.921484 0.584722 0.157031 0.830556
