2 0.693359 0.840278 0.613281 0.319444
2 0.278906 0.755556 0.281250 0.488889
2 0.420312 0.104167 0.114062 0.205556
2 0.724609 0.113889 0.149219 0.225000
1 0.414453 0.702083 0.135156 0.198611
1 0.429688 0.426389 0.132812 0.513889
1 0.441406 0.210417 0.156250 0.418056
1 0.710938 0.214583 0.156250 0.373611
1 0.759766 0.446528 0.191406 0.568056
1 0.794141 0.715972 0.171094 0.331944
0 0.167969 0.591667 0.318750 0.816667
0 0.189844 0.273611 0.378125 0.544444
0 0.885156 0.258333 0.229687 0.513889
0 0.925000 0.562500 0.150000 0.716667
