2 0.787109 0.825000 0.317969 0.350000
2 0.606250 0.282639 0.178125 0.451389
2 0.155469 0.936111 0.253125 0.127778
1 0.345703 0.975000 0.097656 0.050000
1 0.331641 0.736806 0.167969 0.465278
1 0.386719 0.469444 0.175000 0.494444
1 0.351953 0.132639 0.089844 0.262500
1 0.367188 0.071528 0.082812 0.140278
1 0.541797 0.100000 0.053906 0.197222
1 0.610938 0.549306 0.160938 0.243056
1 0.655469 0.679167 0.131250 0.405556
1 0.635156 0.948611 0.043750 0.102778
0 0.114453 0.761806 0.227344 0.440278
0 0.133594 0.514583 0.265625 0.656944
0 0.153516 0.244444 0.291406 0.486111
0 0.302734 0.052778 0.074219 0.102778
0 0.606250 0.042361 0.035937 0.081944
0 0.761328 0.229167 0.269531 0.430556
0 0.825781 0.477083 0.348438 0.640278
0 0.875391 0.740972 0.249219 0.518056
0 0.944531 0.082639 0.110937 0.159722
