2 0.770312 0.825694 0.378125 0.348611
2 0.617578 0.277778 0.197656 0.469444
2 0.174219 0.927778 0.279687 0.144444
1 0.361328 0.970139 0.089844 0.059722
1 0.351953 0.732639 0.144531 0.481944
1 0.411719 0.473611 0.204687 0.527778
1 0.372266 0.119444 0.099219 0.236111
1 0.384375 0.063194 0.079687 0.123611
1 0.552734 0.075000 0.047656 0.147222
1 0.636328 0.557639 0.158594 0.187500
1 0.657422 0.647917 0.102344 0.373611
1 0.587109 0.918750 0.096094 0.159722
0 0.132031 0.763889 0.262500 0.469444
0 0.149609 0.520833 0.297656 0.686111
0 0.168750 0.243056 0.303125 0.483333
0 0.785156 0.224306 0.271875 0.445833
0 0.840234 0.437500 0.319531 0.661111
0 0.883594 0.715972 0.232813 0.568056
