2 0.351172 0.867361 0.236719 0.265278
2 0.450391 0.852083 0.203906 0.287500
2 0.543359 0.193750 0.147656 0.384722
2 0.873828 0.227083 0.186719 0.451389
1 0.067578 0.256250 0.080469 0.173611
1 0.142578 0.040278 0.047656 0.075000
1 0.547266 0.913889 0.089844 0.172222
1 0.545703 0.643750 0.127344 0.534722
1 0.587500 0.385417 0.123438 0.470833
1 0.613672 0.088194 0.057031 0.156944
1 0.861719 0.440278 0.192188 0.319444
1 0.891016 0.695833 0.202344 0.538889
1 0.919531 0.899306 0.056250 0.201389
0 0.225781 0.681944 0.445312 0.636111
0 0.326953 0.394444 0.364844 0.702778
0 0.409766 0.184722 0.296094 0.366667
0 0.117188 0.234028 0.198437 0.329167
