2 0.648828 0.238889 0.200781 0.450000
2 0.235937 0.907639 0.262500 0.184722
2 0.327734 0.265972 0.194531 0.404167
1 0.386328 0.913194 0.113281 0.173611
1 0.378125 0.697917 0.182812 0.509722
1 0.403516 0.429167 0.150781 0.486111
1 0.396875 0.120139 0.106250 0.226389
1 0.575391 0.063194 0.097656 0.123611
1 0.655859 0.443056 0.177344 0.319444
1 0.700000 0.692361 0.178125 0.520833
1 0.750391 0.881250 0.100781 0.237500
0 0.150000 0.743750 0.282813 0.512500
0 0.169141 0.468750 0.336719 0.665278
0 0.197266 0.221528 0.297656 0.437500
0 0.816016 0.195833 0.319531 0.388889
0 0.857031 0.393056 0.285938 0.683333
0 0.886719 0.690972 0.226562 0.618056
