2 0.620313 0.430556 0.178125 0.455556
1 0.625000 0.943056 0.139063 0.113889
1 0.655078 0.807639 0.149219 0.356944
1 0.597656 0.638889 0.137500 0.308333
1 0.320703 0.785417 0.138281 0.362500
1 0.397656 0.575000 0.185938 0.522222
1 0.373437 0.208333 0.106250 0.294444
1 0.391406 0.069444 0.056250 0.136111
1 0.565234 0.066667 0.082031 0.130556
1 0.563281 0.184722 0.082812 0.247222
0 0.117188 0.797222 0.223438 0.405556
0 0.136719 0.579167 0.271875 0.725000
0 0.169141 0.309028 0.278906 0.570833
0 0.320312 0.098611 0.062500 0.194444
0 0.630469 0.115972 0.060937 0.229167
0 0.781250 0.339583 0.304688 0.512500
0 0.832031 0.631250 0.335938 0.668056
0 0.939453 0.256250 0.121094 0.315278
