2 0.592578 0.656250 0.336719 0.687500
2 0.733984 0.346528 0.196094 0.479167
2 0.240625 0.897222 0.281250 0.205556
1 0.438672 0.951389 0.080469 0.097222
1 0.411328 0.720833 0.116406 0.425000
1 0.787891 0.766667 0.144531 0.400000
1 0.785156 0.959722 0.040625 0.080556
1 0.745313 0.621528 0.134375 0.243056
1 0.506250 0.412500 0.190625 0.341667
1 0.032422 0.079861 0.063281 0.156944
1 0.480469 0.128472 0.082812 0.254167
1 0.516016 0.070833 0.097656 0.138889
1 0.692187 0.106250 0.053125 0.201389
1 0.706250 0.047917 0.081250 0.093056
0 0.174219 0.715278 0.321875 0.569444
0 0.205859 0.485417 0.347656 0.706944
0 0.293750 0.231250 0.307812 0.459722
0 0.103906 0.088194 0.171875 0.173611
0 0.882812 0.292361 0.234375 0.545833
0 0.894922 0.590972 0.210156 0.690278
0 0.444922 0.056250 0.072656 0.109722
