2 0.256641 0.817361 0.297656 0.365278
2 0.374219 0.163889 0.125000 0.325000
2 0.671484 0.165278 0.177344 0.327778
1 0.406250 0.865278 0.123438 0.269444
1 0.397656 0.576389 0.167187 0.511111
1 0.425391 0.297222 0.121094 0.480556
1 0.680078 0.327778 0.183594 0.383333
1 0.714844 0.573611 0.173437 0.530556
1 0.737500 0.827083 0.132812 0.345833
0 0.157031 0.663194 0.307812 0.673611
0 0.178125 0.340278 0.354687 0.677778
0 0.836719 0.136111 0.278125 0.269444
0 0.865234 0.325694 0.269531 0.631944
0 0.897266 0.669444 0.205469 0.661111
