2 0.792969 0.814583 0.385937 0.370833
2 0.656641 0.322222 0.194531 0.463889
2 0.223438 0.923611 0.231250 0.152778
1 0.393750 0.987500 0.028125 0.025000
1 0.374609 0.755556 0.160156 0.455556
1 0.442578 0.506250 0.200781 0.534722
1 0.410547 0.151389 0.085156 0.300000
1 0.437109 0.068750 0.075781 0.134722
1 0.610156 0.119444 0.068750 0.236111
1 0.669141 0.592361 0.177344 0.223611
1 0.698047 0.596528 0.035156 0.143056
1 0.594141 0.925694 0.069531 0.148611
0 0.142969 0.772222 0.278125 0.455556
0 0.168750 0.557639 0.326562 0.715278
0 0.217578 0.262500 0.296094 0.522222
0 0.833984 0.259722 0.316406 0.497222
0 0.867578 0.527778 0.264844 0.672222
0 0.902734 0.774306 0.194531 0.451389
