2 0.379297 0.301389 0.189844 0.413889
2 0.684375 0.301389 0.210938 0.461111
2 0.240234 0.915972 0.255469 0.168056
1 0.398438 0.958333 0.103125 0.083333
1 0.412891 0.729167 0.171094 0.513889
1 0.449609 0.479861 0.135156 0.473611
1 0.439844 0.140278 0.101562 0.277778
1 0.632422 0.100000 0.089844 0.197222
1 0.688281 0.527778 0.167187 0.327778
1 0.730078 0.718750 0.166406 0.412500
1 0.773828 0.938194 0.069531 0.123611
0 0.157422 0.755556 0.313281 0.488889
0 0.186328 0.529861 0.366406 0.659722
0 0.246875 0.256250 0.317188 0.509722
0 0.859375 0.243056 0.281250 0.483333
0 0.868359 0.515278 0.263281 0.672222
0 0.900391 0.755556 0.199219 0.488889
