2 0.759766 0.795139 0.358594 0.409722
2 0.183594 0.924306 0.289062 0.151389
2 0.605859 0.267361 0.188281 0.462500
1 0.355469 0.964583 0.114062 0.070833
1 0.341797 0.727778 0.157031 0.491667
1 0.398438 0.461806 0.200000 0.526389
1 0.366797 0.125694 0.097656 0.248611
1 0.363281 0.054861 0.084375 0.106944
1 0.559375 0.092361 0.060937 0.181944
1 0.629687 0.529861 0.145313 0.256944
1 0.658984 0.542361 0.055469 0.148611
1 0.565234 0.918056 0.092969 0.163889
0 0.131250 0.761806 0.246875 0.476389
0 0.141797 0.509028 0.282031 0.687500
0 0.164844 0.240278 0.298438 0.475000
0 0.781641 0.218056 0.300781 0.433333
0 0.841406 0.456250 0.317188 0.656944
0 0.875391 0.732639 0.249219 0.534722
