2 0.745703 0.793750 0.386719 0.412500
2 0.624609 0.262500 0.202344 0.463889
2 0.180859 0.927778 0.303906 0.144444
1 0.355078 0.968056 0.125781 0.063889
1 0.347656 0.725694 0.178125 0.520833
1 0.400391 0.450000 0.191406 0.516667
1 0.366406 0.134028 0.092188 0.265278
1 0.374609 0.073611 0.075781 0.144444
1 0.557813 0.085417 0.050000 0.168056
1 0.624219 0.522222 0.151562 0.238889
1 0.656641 0.540278 0.069531 0.158333
1 0.557031 0.921528 0.067187 0.156944
0 0.136328 0.759722 0.269531 0.480556
0 0.139453 0.522917 0.277344 0.690278
0 0.151172 0.245833 0.289844 0.488889
0 0.783203 0.222222 0.275781 0.425000
0 0.842578 0.447222 0.314844 0.630556
0 0.874609 0.725694 0.250781 0.548611
