2 0.601172 0.197917 0.177344 0.393056
2 0.270703 0.202778 0.216406 0.391667
2 0.224219 0.871528 0.315625 0.256944
1 0.366797 0.894444 0.139844 0.208333
1 0.350000 0.614583 0.181250 0.490278
1 0.364453 0.351389 0.139844 0.469444
1 0.336328 0.079861 0.139844 0.106944
1 0.623828 0.371528 0.141406 0.290278
1 0.679297 0.597222 0.191406 0.533333
1 0.736328 0.833333 0.153906 0.333333
0 0.142969 0.722222 0.268750 0.555556
0 0.153516 0.420139 0.305469 0.668056
0 0.146484 0.209722 0.291406 0.416667
0 0.758984 0.140278 0.286719 0.277778
0 0.826172 0.311111 0.347656 0.594444
0 0.871875 0.637500 0.256250 0.725000
