2 0.115625 0.875000 0.220312 0.250000
2 0.259766 0.879861 0.296094 0.240278
2 0.410547 0.279861 0.164844 0.445833
2 0.728906 0.293056 0.173437 0.488889
1 0.409766 0.936111 0.102344 0.127778
1 0.417187 0.723611 0.142187 0.533333
1 0.456641 0.479167 0.092969 0.475000
1 0.478906 0.118056 0.084375 0.213889
1 0.485547 0.046528 0.066406 0.090278
1 0.678516 0.111806 0.089844 0.220833
1 0.711328 0.532639 0.164844 0.337500
1 0.738672 0.740972 0.177344 0.459722
1 0.767578 0.938889 0.042969 0.122222
0 0.162500 0.688194 0.312500 0.623611
0 0.191016 0.459028 0.366406 0.720833
0 0.283984 0.220139 0.305469 0.437500
0 0.870703 0.263194 0.258594 0.523611
0 0.887500 0.516667 0.225000 0.677778
0 0.910156 0.782639 0.179688 0.434722
