2 0.591797 0.815278 0.221094 0.369444
2 0.205469 0.879861 0.295312 0.240278
2 0.661328 0.238194 0.175781 0.462500
1 0.360547 0.927778 0.122656 0.144444
1 0.368359 0.697222 0.153906 0.513889
1 0.441016 0.406250 0.185156 0.529167
1 0.410547 0.104861 0.089844 0.206944
1 0.604297 0.073611 0.080469 0.144444
1 0.640234 0.481944 0.117969 0.322222
1 0.723047 0.697917 0.142969 0.451389
1 0.698047 0.862500 0.053906 0.216667
0 0.138672 0.704861 0.264844 0.590278
0 0.165625 0.422222 0.314063 0.686111
0 0.210156 0.195833 0.309375 0.388889
0 0.836719 0.230556 0.293750 0.458333
0 0.862500 0.454861 0.275000 0.687500
0 0.881250 0.736111 0.237500 0.527778
