2 0.751172 0.793750 0.346094 0.412500
2 0.617969 0.271528 0.206250 0.481944
2 0.188672 0.913889 0.244531 0.172222
1 0.357422 0.964583 0.100781 0.070833
1 0.341016 0.734028 0.153906 0.495833
1 0.408984 0.455556 0.200781 0.522222
1 0.364453 0.118056 0.092969 0.230556
1 0.385547 0.070833 0.078906 0.138889
1 0.549219 0.094444 0.054688 0.186111
1 0.627734 0.529167 0.149219 0.227778
1 0.657813 0.541667 0.068750 0.163889
1 0.564063 0.922222 0.067187 0.155556
0 0.128906 0.765972 0.256250 0.468056
0 0.144141 0.508333 0.286719 0.677778
0 0.164844 0.250694 0.317188 0.495833
0 0.781641 0.226389 0.264844 0.450000
0 0.844922 0.451389 0.310156 0.661111
0 0.871875 0.729861 0.256250 0.540278
