2 0.256641 0.882639 0.378906 0.234722
2 0.282031 0.862500 0.179688 0.208333
2 0.503906 0.357639 0.148438 0.451389
2 0.799219 0.488194 0.193750 0.501389
1 0.772266 0.850000 0.132031 0.300000
1 0.758594 0.659722 0.179688 0.261111
1 0.768359 0.217361 0.127344 0.304167
1 0.787891 0.098611 0.078906 0.127778
1 0.580859 0.176389 0.085156 0.305556
1 0.605469 0.084028 0.064062 0.165278
1 0.472266 0.726389 0.146094 0.369444
1 0.536719 0.581944 0.134375 0.458333
1 0.122656 0.050000 0.087500 0.097222
0 0.194922 0.696528 0.372656 0.606944
0 0.280078 0.465278 0.327344 0.722222
0 0.381250 0.256944 0.267188 0.511111
0 0.094531 0.218750 0.157812 0.315278
0 0.933984 0.427083 0.132031 0.573611
0 0.925391 0.690278 0.149219 0.608333
