2 0.566797 0.763889 0.302344 0.444444
2 0.192969 0.938889 0.232813 0.122222
2 0.629687 0.299306 0.187500 0.493056
1 0.354297 0.968056 0.094531 0.063889
1 0.355469 0.718056 0.151562 0.430556
1 0.410938 0.443750 0.189062 0.506944
1 0.358984 0.138194 0.094531 0.273611
1 0.387891 0.052778 0.064844 0.102778
1 0.554688 0.094444 0.067187 0.186111
1 0.608203 0.558333 0.128906 0.202778
1 0.700391 0.709028 0.142969 0.465278
1 0.476953 0.915972 0.061719 0.168056
0 0.128125 0.761806 0.248438 0.476389
0 0.138281 0.516667 0.275000 0.711111
0 0.171484 0.243056 0.299219 0.483333
0 0.792578 0.222222 0.319531 0.441667
0 0.839063 0.465972 0.321875 0.681944
0 0.876953 0.740972 0.246094 0.518056
