2 0.754297 0.817361 0.347656 0.365278
2 0.622266 0.298611 0.192969 0.466667
2 0.212500 0.923611 0.239063 0.152778
1 0.362500 0.970833 0.064062 0.058333
1 0.350000 0.738889 0.148438 0.502778
1 0.409375 0.473611 0.201563 0.519444
1 0.366797 0.140278 0.107031 0.277778
1 0.382812 0.071528 0.078125 0.140278
1 0.568359 0.108333 0.071094 0.180556
1 0.628516 0.560417 0.157031 0.240278
1 0.681641 0.669444 0.124219 0.341667
1 0.581250 0.926389 0.056250 0.147222
0 0.121484 0.766667 0.232031 0.466667
0 0.146094 0.515278 0.290625 0.672222
0 0.171875 0.247917 0.293750 0.493056
0 0.786328 0.231250 0.274219 0.459722
0 0.844531 0.459722 0.310937 0.669444
0 0.887500 0.738194 0.225000 0.523611
