2 0.659766 0.837500 0.214844 0.325000
2 0.660937 0.292361 0.165625 0.495833
2 0.190234 0.913194 0.274219 0.173611
1 0.373828 0.949306 0.124219 0.101389
1 0.365625 0.725694 0.160938 0.495833
1 0.442188 0.456250 0.190625 0.537500
1 0.410156 0.122222 0.089063 0.241667
1 0.429688 0.036111 0.079687 0.069444
1 0.604688 0.094444 0.060937 0.186111
1 0.657813 0.497222 0.154688 0.316667
1 0.706641 0.643056 0.099219 0.294444
0 0.148438 0.736111 0.290625 0.527778
0 0.157031 0.483333 0.312500 0.677778
0 0.211328 0.237500 0.294531 0.472222
0 0.836328 0.236806 0.297656 0.470833
0 0.861719 0.495833 0.276562 0.669444
0 0.890234 0.753472 0.219531 0.493056
