2 0.654297 0.888889 0.197656 0.222222
2 0.235937 0.923611 0.243750 0.152778
2 0.716406 0.357639 0.189062 0.440278
1 0.409766 0.745833 0.163281 0.441667
1 0.476953 0.498611 0.180469 0.511111
1 0.450781 0.140278 0.089063 0.277778
1 0.485547 0.068750 0.075781 0.134722
1 0.657813 0.143056 0.078125 0.258333
1 0.710938 0.609722 0.156250 0.222222
1 0.760156 0.755556 0.137500 0.402778
0 0.166016 0.751389 0.319531 0.497222
0 0.191406 0.527778 0.360938 0.683333
0 0.260937 0.243750 0.303125 0.473611
0 0.077734 0.111806 0.153906 0.220833
0 0.417578 0.058333 0.046094 0.113889
0 0.725000 0.068750 0.070312 0.134722
0 0.860547 0.270833 0.278906 0.513889
0 0.883594 0.571528 0.232813 0.706944
0 0.917969 0.784722 0.164062 0.430556
