2 0.366406 0.269444 0.187500 0.397222
2 0.247266 0.904861 0.294531 0.190278
2 0.898438 0.907639 0.203125 0.184722
2 0.684766 0.255556 0.185156 0.450000
1 0.414062 0.723611 0.157812 0.494444
1 0.444531 0.471528 0.143750 0.498611
1 0.435156 0.128472 0.110937 0.254167
1 0.621094 0.090278 0.057813 0.177778
1 0.686328 0.486111 0.153906 0.311111
1 0.728906 0.730556 0.167187 0.480556
1 0.772656 0.931944 0.067187 0.136111
0 0.163281 0.750000 0.309375 0.500000
0 0.175000 0.492361 0.343750 0.668056
0 0.239063 0.229167 0.290625 0.455556
0 0.864062 0.243056 0.271875 0.483333
0 0.866406 0.460417 0.267188 0.665278
0 0.906250 0.734722 0.187500 0.530556
