2 0.634375 0.730556 0.456250 0.538889
2 0.287109 0.799306 0.307031 0.368056
2 0.385937 0.140278 0.120313 0.277778
2 0.714063 0.104167 0.160938 0.205556
1 0.453516 0.740972 0.117969 0.123611
1 0.432812 0.478472 0.176563 0.495833
1 0.443750 0.245833 0.160938 0.405556
1 0.691016 0.220833 0.128906 0.363889
1 0.769531 0.416667 0.192188 0.486111
1 0.837109 0.752083 0.172656 0.479167
0 0.178516 0.647917 0.346094 0.651389
0 0.192969 0.309028 0.384375 0.615278
0 0.883594 0.236111 0.232813 0.458333
1 0.914844 0.572222 0.170313 0.855556
