2 0.724219 0.328472 0.192188 0.448611
2 0.245703 0.900694 0.216406 0.156944
2 0.418750 0.315278 0.157812 0.400000
1 0.416797 0.732639 0.167969 0.459722
1 0.456250 0.531944 0.150000 0.411111
1 0.472656 0.149306 0.101562 0.295833
1 0.492578 0.039583 0.066406 0.076389
1 0.670312 0.027083 0.078125 0.051389
1 0.660547 0.125694 0.063281 0.223611
1 0.719141 0.561806 0.186719 0.343056
1 0.760547 0.756250 0.189844 0.429167
1 0.788672 0.957639 0.094531 0.084722
0 0.172266 0.740972 0.319531 0.518056
0 0.199609 0.515278 0.350781 0.666667
0 0.271875 0.241667 0.323437 0.480556
0 0.092969 0.098611 0.146875 0.194444
0 0.873047 0.248611 0.253906 0.494444
0 0.900391 0.533333 0.199219 0.661111
0 0.930078 0.785417 0.139844 0.429167
