2 0.669922 0.363889 0.186719 0.469444
2 0.342578 0.349306 0.200781 0.434722
2 0.212109 0.936111 0.241406 0.127778
1 0.371484 0.756250 0.158594 0.470833
2 0.413281 0.525694 0.100000 0.518056
2 0.423828 0.157639 0.111719 0.312500
2 0.441797 0.069444 0.061719 0.136111
2 0.620313 0.125694 0.087500 0.248611
2 0.652734 0.572222 0.163281 0.325000
2 0.683594 0.771528 0.143750 0.429167
1 0.732422 0.960417 0.032031 0.079167
0 0.162109 0.765972 0.322656 0.456944
0 0.166797 0.538194 0.332031 0.659722
0 0.219531 0.275000 0.290625 0.547222
0 0.811328 0.265278 0.324219 0.500000
0 0.854688 0.552083 0.290625 0.668056
0 0.880469 0.797222 0.239063 0.405556
