2 0.533594 0.907639 0.181250 0.184722
2 0.608203 0.418056 0.174219 0.416667
1 0.319141 0.797222 0.153906 0.394444
1 0.390625 0.574306 0.182812 0.523611
1 0.367188 0.210417 0.092188 0.298611
1 0.394141 0.104167 0.071094 0.205556
1 0.554688 0.092361 0.053125 0.170833
1 0.552734 0.183333 0.047656 0.216667
1 0.608594 0.700000 0.146875 0.169444
1 0.662500 0.802083 0.112500 0.334722
1 0.645312 0.957639 0.087500 0.084722
2 0.484766 0.044444 0.083594 0.086111
0 0.112109 0.805556 0.211719 0.388889
0 0.137891 0.616667 0.274219 0.683333
0 0.165234 0.329167 0.296094 0.530556
0 0.298438 0.109028 0.096875 0.215278
0 0.629297 0.113889 0.069531 0.225000
0 0.774609 0.345139 0.269531 0.498611
0 0.833984 0.607639 0.332031 0.673611
0 0.876563 0.816667 0.246875 0.366667
0 0.938672 0.223611 0.122656 0.255556
