2 0.636328 0.879167 0.242969 0.241667
2 0.198828 0.931944 0.225781 0.136111
2 0.668750 0.320139 0.184375 0.481944
1 0.385156 0.751389 0.143750 0.463889
1 0.445312 0.505556 0.192188 0.516667
1 0.414062 0.140972 0.110937 0.279167
1 0.432031 0.067361 0.071875 0.131944
1 0.606250 0.117361 0.064062 0.231944
1 0.666406 0.590972 0.156250 0.245833
1 0.714063 0.667361 0.106250 0.279167
1 0.588672 0.895833 0.135156 0.130556
0 0.154688 0.772222 0.296875 0.455556
0 0.162109 0.539583 0.308594 0.690278
0 0.216016 0.262500 0.311719 0.522222
0 0.361328 0.063194 0.052344 0.123611
0 0.669531 0.061111 0.048438 0.119444
0 0.829297 0.259028 0.297656 0.504167
0 0.862500 0.530556 0.275000 0.641667
0 0.898047 0.765972 0.203906 0.468056
