2 0.485156 0.603472 0.187500 0.554167
2 0.799609 0.686806 0.244531 0.526389
2 0.601172 0.153472 0.041406 0.187500
1 0.421875 0.890278 0.104688 0.219444
1 0.486719 0.835417 0.118750 0.284722
1 0.544531 0.410417 0.068750 0.229167
1 0.577344 0.267361 0.026562 0.143056
1 0.612891 0.256944 0.017969 0.122222
1 0.715625 0.416667 0.042188 0.238889
1 0.722266 0.462500 0.039844 0.172222
1 0.776172 0.882639 0.116406 0.226389
1 0.814063 0.957639 0.073438 0.084722
0 0.189062 0.635417 0.375000 0.729167
0 0.306250 0.488194 0.278125 0.618056
0 0.427344 0.286806 0.137500 0.248611
0 0.457813 0.246528 0.176563 0.209722
0 0.475391 0.202778 0.121094 0.188889
0 0.525000 0.129861 0.087500 0.120833
0 0.535547 0.104167 0.085156 0.113889
0 0.542969 0.086111 0.067187 0.091667
0 0.037500 0.131944 0.073438 0.211111
0 0.077734 0.089583 0.153906 0.176389
0 0.169141 0.090278 0.132031 0.177778
0 0.250391 0.056944 0.100781 0.111111
0 0.308984 0.054861 0.061719 0.081944
0 0.095312 0.259028 0.175000 0.193056
0 0.238672 0.147222 0.183594 0.094444
0 0.307031 0.115972 0.101562 0.076389
0 0.355469 0.106250 0.087500 0.054167
0 0.423828 0.061111 0.067969 0.052778
0 0.426953 0.052083 0.061719 0.034722
0 0.449609 0.040972 0.058594 0.029167
0 0.834766 0.294444 0.125781 0.208333
0 0.882031 0.414583 0.157812 0.293056
0 0.906641 0.652778 0.186719 0.594444
0 0.801953 0.153472 0.088281 0.098611
0 0.839844 0.269444 0.134375 0.180556
0 0.867969 0.107639 0.035937 0.059722
0 0.887500 0.147917 0.054688 0.020833
0 0.920703 0.154861 0.067969 0.037500
0 0.954688 0.206250 0.051562 0.029167
0 0.977344 0.247222 0.045312 0.058333
