2 0.242578 0.812500 0.483594 0.341667
2 0.383594 0.209722 0.243750 0.416667
2 0.663281 0.252778 0.390625 0.486111
1 0.333984 0.607639 0.241406 0.531944
1 0.414844 0.486111 0.146875 0.502778
1 0.631250 0.047917 0.031250 0.093056
1 0.721484 0.501389 0.238281 0.441667
1 0.777344 0.672222 0.251563 0.572222
1 0.864453 0.896528 0.103906 0.206944
0 0.115234 0.572917 0.214844 0.854167
0 0.158203 0.379861 0.314844 0.756944
0 0.252734 0.173611 0.210156 0.344444
0 0.874219 0.204167 0.251563 0.405556
0 0.889844 0.387500 0.220312 0.761111
