2 0.796875 0.813194 0.303125 0.373611
2 0.603516 0.273611 0.196094 0.452778
2 0.160547 0.936111 0.261719 0.127778
1 0.338281 0.960417 0.101562 0.079167
1 0.329297 0.726389 0.158594 0.480556
1 0.392188 0.462500 0.201563 0.525000
1 0.347266 0.125694 0.111719 0.248611
1 0.373437 0.056944 0.073438 0.111111
1 0.540625 0.083333 0.053125 0.163889
1 0.615625 0.546528 0.129688 0.223611
1 0.652344 0.677083 0.132812 0.401389
1 0.642188 0.945139 0.053125 0.109722
0 0.123438 0.762500 0.234375 0.475000
0 0.133594 0.522917 0.265625 0.681944
0 0.151953 0.239583 0.302344 0.476389
0 0.767188 0.215972 0.276562 0.429167
0 0.832031 0.459028 0.335938 0.645833
0 0.877734 0.736111 0.244531 0.527778
