2 0.187891 0.876389 0.280469 0.227778
2 0.261328 0.212500 0.211719 0.413889
2 0.608203 0.208333 0.177344 0.413889
2 0.942969 0.915972 0.112500 0.168056
1 0.317969 0.909722 0.132812 0.180556
1 0.317188 0.640972 0.168750 0.512500
1 0.341016 0.349306 0.153906 0.451389
1 0.339453 0.072917 0.114844 0.143056
1 0.603906 0.390972 0.175000 0.298611
1 0.651563 0.643750 0.179688 0.518056
1 0.688672 0.871528 0.102344 0.256944
0 0.118359 0.717361 0.224219 0.565278
0 0.134375 0.395139 0.267188 0.676389
0 0.146094 0.182639 0.290625 0.362500
0 0.761719 0.167361 0.290625 0.331944
0 0.831641 0.360417 0.336719 0.656944
0 0.862500 0.703472 0.275000 0.593056
