2 0.785547 0.262500 0.361719 0.497222
2 0.500781 0.201389 0.156250 0.400000
2 0.194922 0.601389 0.367969 0.508333
2 0.231641 0.695139 0.455469 0.609722
1 0.406250 0.816667 0.132812 0.275000
1 0.426172 0.584028 0.167969 0.665278
1 0.499219 0.381250 0.131250 0.490278
1 0.825781 0.697917 0.243750 0.576389
1 0.908203 0.923611 0.103906 0.152778
0 0.150781 0.384722 0.300000 0.766667
0 0.235547 0.271528 0.469531 0.540278
0 0.393750 0.121528 0.146875 0.240278
0 0.939844 0.229167 0.120313 0.455556
0 0.942969 0.513889 0.114062 0.711111
