0 0.167187 0.542361 0.329688 0.643056
0 0.157812 0.786806 0.312500 0.426389
0 0.884375 0.556944 0.228125 0.675000
0 0.912109 0.777778 0.175781 0.444444
0 0.859375 0.261111 0.268750 0.516667
0 0.313281 0.057639 0.206250 0.112500
0 0.242188 0.252083 0.265625 0.493056
0 0.091797 0.247222 0.182031 0.491667
0 0.806641 0.061111 0.258594 0.119444
1 0.655469 0.125694 0.070312 0.237500
1 0.737891 0.778472 0.158594 0.443056
1 0.408594 0.770833 0.146875 0.450000
1 0.428125 0.473611 0.109375 0.338889
1 0.455859 0.161111 0.097656 0.313889
1 0.789453 0.963194 0.077344 0.073611
2 0.698828 0.336111 0.152344 0.416667
2 0.249219 0.940972 0.212500 0.118056
