2 0.300000 0.367361 0.168750 0.454167
2 0.610547 0.385417 0.153906 0.420833
2 0.131250 0.952083 0.195312 0.095833
1 0.313281 0.758333 0.165625 0.475000
1 0.357422 0.530556 0.135156 0.491667
1 0.384766 0.163889 0.089844 0.325000
1 0.406641 0.064583 0.072656 0.126389
1 0.570703 0.058333 0.063281 0.113889
1 0.571094 0.148611 0.081250 0.277778
1 0.603125 0.597917 0.143750 0.306944
1 0.621484 0.784722 0.171094 0.402778
0 0.100391 0.779861 0.199219 0.437500
0 0.144141 0.552778 0.286719 0.697222
0 0.167578 0.262500 0.300781 0.522222
0 0.642188 0.086111 0.037500 0.169444
0 0.765625 0.315278 0.279687 0.494444
0 0.823438 0.640972 0.353125 0.648611
0 0.844531 0.829861 0.310937 0.340278
0 0.939844 0.220833 0.120313 0.302778
