2 0.222656 0.816667 0.300000 0.366667
2 0.391016 0.177083 0.117969 0.351389
2 0.701953 0.218056 0.169531 0.433333
1 0.374219 0.872917 0.106250 0.254167
1 0.380859 0.543750 0.153906 0.501389
1 0.433984 0.316667 0.152344 0.466667
1 0.673047 0.385417 0.160156 0.304167
1 0.691797 0.633333 0.160156 0.494444
1 0.712891 0.877083 0.099219 0.245833
0 0.153906 0.631944 0.306250 0.702778
0 0.179688 0.334722 0.356250 0.666667
0 0.857812 0.202083 0.284375 0.401389
0 0.872266 0.425694 0.255469 0.695833
0 0.885938 0.725694 0.228125 0.548611
