2 0.688672 0.398611 0.188281 0.433333
2 0.445703 0.304861 0.147656 0.606944
1 0.414453 0.781944 0.149219 0.400000
1 0.436328 0.582639 0.161719 0.454167
1 0.636328 0.134722 0.074219 0.266667
1 0.639844 0.054167 0.060937 0.105556
1 0.687500 0.609722 0.165625 0.288889
1 0.732812 0.793056 0.175000 0.394444
0 0.167969 0.799306 0.328125 0.401389
0 0.178516 0.593750 0.346094 0.659722
0 0.236328 0.303472 0.310156 0.493056
0 0.063672 0.152778 0.125781 0.227778
0 0.846094 0.281944 0.296875 0.527778
0 0.875781 0.576389 0.248438 0.652778
0 0.913281 0.795139 0.173437 0.409722
