2 0.309766 0.388194 0.182031 0.395833
2 0.161719 0.950694 0.207813 0.098611
2 0.628906 0.397917 0.160938 0.456944
1 0.335938 0.783333 0.153125 0.425000
1 0.371484 0.557639 0.128906 0.454167
1 0.391406 0.177778 0.093750 0.336111
1 0.416016 0.084028 0.086719 0.165278
1 0.572266 0.177083 0.053906 0.265278
1 0.584375 0.058333 0.073438 0.113889
1 0.611328 0.602778 0.122656 0.311111
1 0.648828 0.790972 0.153906 0.365278
0 0.121484 0.797917 0.241406 0.395833
0 0.148438 0.574306 0.295312 0.673611
0 0.197266 0.279861 0.307031 0.515278
0 0.334766 0.070833 0.066406 0.138889
0 0.653125 0.092361 0.073438 0.181944
0 0.780859 0.321528 0.305469 0.523611
0 0.844531 0.629167 0.310937 0.647222
0 0.863672 0.827083 0.272656 0.345833
