2 0.486328 0.295139 0.160156 0.484722
2 0.281250 0.869444 0.309375 0.261111
2 0.760156 0.319444 0.209375 0.500000
1 0.438672 0.938194 0.103906 0.123611
1 0.439453 0.697222 0.139844 0.505556
1 0.540625 0.489583 0.126562 0.437500
1 0.531250 0.095833 0.062500 0.188889
1 0.715625 0.075000 0.060937 0.147222
1 0.036328 0.040278 0.071094 0.077778
1 0.747656 0.547222 0.154688 0.297222
1 0.773828 0.765972 0.186719 0.468056
1 0.797266 0.942361 0.044531 0.115278
0 0.176953 0.699306 0.347656 0.601389
0 0.232813 0.444444 0.379688 0.688889
0 0.305469 0.209722 0.276562 0.416667
0 0.892188 0.256250 0.215625 0.509722
0 0.908984 0.578472 0.182031 0.715278
0 0.932813 0.777778 0.134375 0.391667
