2 0.628906 0.345139 0.179688 0.434722
2 0.320703 0.345139 0.178906 0.459722
2 0.149219 0.928472 0.215625 0.143056
1 0.325781 0.968750 0.106250 0.062500
1 0.340234 0.751389 0.149219 0.463889
1 0.379297 0.521528 0.146094 0.465278
1 0.396094 0.155556 0.075000 0.305556
1 0.405078 0.058333 0.061719 0.113889
1 0.576953 0.050694 0.053906 0.095833
1 0.585938 0.121528 0.051562 0.231944
1 0.627344 0.570139 0.164062 0.309722
1 0.664062 0.754861 0.170313 0.395833
1 0.698047 0.951389 0.064844 0.097222
0 0.126172 0.763194 0.246094 0.454167
0 0.151953 0.529167 0.302344 0.702778
0 0.185547 0.240972 0.308594 0.454167
0 0.333984 0.063194 0.049219 0.123611
0 0.648047 0.068750 0.058594 0.134722
0 0.783203 0.275000 0.275781 0.497222
0 0.949219 0.113889 0.101562 0.222222
0 0.848437 0.561806 0.303125 0.615278
0 0.875391 0.795139 0.249219 0.409722
