2 0.648047 0.369444 0.191406 0.491667
2 0.331641 0.315972 0.167969 0.451389
2 0.166406 0.922222 0.273438 0.155556
1 0.336719 0.974306 0.085938 0.051389
1 0.344922 0.737500 0.139844 0.483333
1 0.380859 0.498611 0.119531 0.469444
1 0.392578 0.125694 0.077344 0.248611
1 0.419141 0.050694 0.072656 0.098611
1 0.595313 0.044444 0.057813 0.086111
1 0.586328 0.121528 0.053906 0.240278
1 0.641406 0.557639 0.164062 0.329167
1 0.658984 0.768056 0.160156 0.455556
1 0.690234 0.960417 0.047656 0.079167
0 0.125391 0.725694 0.249219 0.529167
0 0.147266 0.494444 0.292969 0.725000
0 0.202734 0.245833 0.310156 0.488889
0 0.800000 0.279861 0.259375 0.512500
0 0.843750 0.581944 0.312500 0.661111
0 0.871094 0.806250 0.257812 0.387500
