2 0.408594 0.176389 0.118750 0.350000
2 0.239844 0.793750 0.293750 0.412500
2 0.714844 0.195139 0.154688 0.387500
1 0.394922 0.870833 0.100781 0.258333
1 0.402344 0.561806 0.145313 0.481944
1 0.448047 0.290278 0.132031 0.458333
1 0.690625 0.375000 0.159375 0.313889
1 0.700391 0.622222 0.169531 0.491667
1 0.723437 0.869444 0.092188 0.261111
0 0.151953 0.629861 0.302344 0.706944
0 0.191406 0.315972 0.362500 0.629167
0 0.858203 0.176389 0.283594 0.350000
0 0.878125 0.405556 0.243750 0.675000
0 0.891406 0.721528 0.217188 0.556944
