2 0.382812 0.177083 0.143750 0.351389
2 0.696875 0.195139 0.175000 0.387500
2 0.207031 0.799306 0.279687 0.401389
1 0.364844 0.859028 0.110937 0.281944
1 0.372656 0.541667 0.135937 0.497222
1 0.419141 0.297222 0.125781 0.480556
1 0.660156 0.390278 0.140625 0.319444
1 0.670703 0.618750 0.161719 0.451389
1 0.689453 0.882639 0.122656 0.234722
0 0.148438 0.622222 0.295312 0.752778
0 0.180469 0.321528 0.359375 0.640278
0 0.846094 0.186806 0.307812 0.370833
0 0.853125 0.434028 0.293750 0.701389
0 0.873047 0.734028 0.253906 0.531944
