2 0.615234 0.325694 0.178906 0.462500
2 0.303906 0.310417 0.156250 0.437500
2 0.145703 0.922222 0.260156 0.155556
1 0.310547 0.964583 0.113281 0.070833
1 0.323047 0.734722 0.160156 0.513889
1 0.351562 0.477778 0.151562 0.461111
1 0.361719 0.138889 0.082812 0.255556
1 0.386719 0.037500 0.075000 0.072222
1 0.549219 0.117361 0.068750 0.231944
1 0.606641 0.518056 0.150781 0.300000
1 0.636719 0.753472 0.168750 0.493056
1 0.688672 0.936806 0.077344 0.126389
0 0.123828 0.735417 0.246094 0.495833
0 0.137891 0.481944 0.274219 0.680556
0 0.161719 0.226389 0.321875 0.450000
0 0.780859 0.261111 0.282031 0.500000
0 0.837500 0.536806 0.325000 0.629167
0 0.858984 0.775000 0.282031 0.450000
