2 0.189844 0.917361 0.265625 0.165278
2 0.327344 0.325000 0.165625 0.466667
2 0.649609 0.330556 0.160156 0.477778
1 0.346875 0.965972 0.095312 0.068056
1 0.353516 0.721528 0.132031 0.470833
1 0.386719 0.473611 0.146875 0.455556
1 0.404297 0.141667 0.067969 0.261111
1 0.433203 0.063194 0.069531 0.123611
1 0.595313 0.107639 0.093750 0.212500
1 0.634766 0.518056 0.153906 0.305556
1 0.658984 0.759722 0.161719 0.461111
1 0.694141 0.938194 0.061719 0.123611
0 0.142969 0.747222 0.284375 0.494444
0 0.160938 0.490278 0.320312 0.697222
0 0.204297 0.243750 0.289844 0.481944
0 0.806641 0.246528 0.291406 0.490278
0 0.860547 0.561806 0.278906 0.670833
0 0.871875 0.788889 0.256250 0.422222
