2 0.348828 0.237500 0.188281 0.419444
2 0.205469 0.873611 0.292187 0.252778
2 0.662891 0.259722 0.172656 0.408333
1 0.352734 0.931944 0.083594 0.136111
1 0.365625 0.667361 0.142187 0.490278
1 0.413281 0.411806 0.123438 0.451389
1 0.430078 0.097917 0.094531 0.193056
1 0.435156 0.037500 0.082812 0.072222
1 0.630859 0.081944 0.108594 0.161111
1 0.658984 0.478472 0.164844 0.295833
1 0.664453 0.720833 0.158594 0.488889
1 0.696875 0.923611 0.079687 0.152778
0 0.144141 0.707639 0.286719 0.581944
0 0.171094 0.425694 0.340625 0.695833
0 0.237109 0.189583 0.283594 0.376389
0 0.819531 0.225000 0.298438 0.447222
0 0.850781 0.502083 0.298438 0.656944
0 0.866406 0.768056 0.267188 0.463889
