2 0.642578 0.340972 0.185156 0.476389
2 0.333203 0.299306 0.186719 0.448611
2 0.187891 0.913889 0.303906 0.172222
1 0.330078 0.958333 0.114844 0.083333
1 0.342969 0.717361 0.162500 0.498611
1 0.389062 0.461806 0.123438 0.445833
1 0.400000 0.136806 0.106250 0.270833
1 0.411328 0.050694 0.072656 0.098611
1 0.596484 0.054861 0.053906 0.087500
1 0.599609 0.106944 0.061719 0.211111
1 0.623437 0.536806 0.160938 0.309722
1 0.643359 0.758333 0.182031 0.483333
1 0.706641 0.950694 0.057031 0.098611
0 0.136328 0.723611 0.266406 0.552778
0 0.146094 0.474306 0.290625 0.740278
0 0.202734 0.232639 0.319531 0.462500
0 0.810156 0.265278 0.307812 0.519444
0 0.838672 0.561806 0.322656 0.631944
0 0.867578 0.783333 0.264844 0.433333
