2 0.331250 0.305556 0.185938 0.438889
2 0.194141 0.929861 0.277344 0.140278
2 0.652734 0.326389 0.188281 0.502778
1 0.346875 0.960417 0.095312 0.079167
1 0.353516 0.743056 0.136719 0.494444
1 0.390234 0.488194 0.128906 0.456944
1 0.413281 0.134722 0.104688 0.266667
1 0.415234 0.052083 0.085156 0.101389
1 0.603516 0.117361 0.082031 0.231944
1 0.635547 0.541667 0.141406 0.294444
1 0.658594 0.764583 0.165625 0.454167
1 0.706250 0.957639 0.056250 0.084722
0 0.144922 0.756250 0.288281 0.487500
0 0.168750 0.515278 0.335938 0.666667
0 0.217969 0.237500 0.307812 0.472222
0 0.792969 0.266667 0.304688 0.530556
0 0.852344 0.563889 0.295312 0.652778
0 0.871094 0.803472 0.257812 0.393056
