2 0.410547 0.258333 0.166406 0.427778
2 0.265234 0.892361 0.286719 0.215278
2 0.732422 0.305556 0.169531 0.463889
1 0.405859 0.936111 0.110156 0.127778
1 0.419922 0.705556 0.142969 0.480556
1 0.465234 0.445833 0.113281 0.466667
1 0.483203 0.117361 0.071094 0.231944
1 0.496484 0.043750 0.074219 0.084722
1 0.673828 0.092361 0.094531 0.181944
1 0.710547 0.512500 0.153906 0.302778
1 0.723047 0.744444 0.141406 0.483333
1 0.763672 0.946528 0.033594 0.106944
0 0.158984 0.711111 0.314844 0.577778
0 0.191406 0.459028 0.367188 0.712500
0 0.261719 0.195833 0.298438 0.388889
0 0.871875 0.250000 0.256250 0.497222
0 0.883984 0.545139 0.232031 0.654167
0 0.903906 0.793056 0.192188 0.413889
