2 0.352734 0.379861 0.153906 0.412500
2 0.200781 0.952083 0.234375 0.095833
2 0.651563 0.370139 0.165625 0.451389
1 0.370703 0.774306 0.149219 0.440278
1 0.401172 0.545833 0.122656 0.480556
1 0.425391 0.167361 0.092969 0.331944
1 0.438281 0.066667 0.082812 0.130556
1 0.601953 0.062500 0.075781 0.122222
1 0.595703 0.161111 0.061719 0.269444
1 0.661328 0.597917 0.161719 0.281944
1 0.688672 0.790278 0.158594 0.400000
1 0.735938 0.980556 0.045312 0.038889
0 0.146484 0.783333 0.291406 0.416667
0 0.166797 0.575000 0.325781 0.663889
0 0.216016 0.275000 0.307031 0.547222
0 0.066797 0.102083 0.132031 0.201389
0 0.660547 0.077083 0.067969 0.151389
0 0.812500 0.302083 0.265625 0.518056
0 0.959375 0.148611 0.081250 0.194444
0 0.858984 0.604167 0.282031 0.655556
0 0.874609 0.817361 0.250781 0.365278
