2 0.380078 0.322222 0.180469 0.444444
2 0.648828 0.275000 0.191406 0.430556
2 0.200781 0.894444 0.281250 0.211111
1 0.361719 0.945139 0.082812 0.101389
1 0.362891 0.702778 0.122656 0.486111
1 0.439063 0.479861 0.160938 0.448611
1 0.411328 0.122222 0.096094 0.241667
1 0.442578 0.033333 0.041406 0.063889
1 0.611719 0.100000 0.095312 0.197222
1 0.644922 0.513889 0.146094 0.297222
1 0.688281 0.732639 0.167187 0.448611
1 0.732812 0.928472 0.078125 0.143056
0 0.147266 0.724306 0.292969 0.534722
0 0.159766 0.459722 0.317969 0.686111
0 0.206250 0.211806 0.321875 0.420833
0 0.826953 0.247917 0.294531 0.493056
0 0.858203 0.529861 0.283594 0.659722
0 0.882422 0.765972 0.235156 0.468056
