2 0.373437 0.330556 0.145313 0.477778
2 0.215625 0.917361 0.257812 0.165278
2 0.683594 0.355556 0.143750 0.438889
1 0.383203 0.972222 0.058594 0.055556
1 0.389844 0.747222 0.134375 0.461111
1 0.428125 0.497222 0.134375 0.475000
1 0.448828 0.147222 0.075781 0.291667
1 0.484375 0.043750 0.073438 0.084722
1 0.635547 0.124306 0.080469 0.245833
1 0.678906 0.575694 0.150000 0.323611
1 0.700391 0.774306 0.169531 0.415278
1 0.731641 0.961111 0.035156 0.066667
0 0.159375 0.743056 0.317188 0.513889
0 0.172656 0.495139 0.337500 0.681944
0 0.258984 0.245833 0.313281 0.488889
0 0.850000 0.302778 0.290625 0.552778
0 0.864844 0.604167 0.270313 0.641667
0 0.889062 0.809722 0.221875 0.380556
