2 0.671875 0.288194 0.164062 0.429167
2 0.362500 0.274306 0.179688 0.451389
2 0.216797 0.882639 0.288281 0.234722
1 0.358984 0.936806 0.125781 0.126389
1 0.369922 0.694444 0.157031 0.502778
1 0.421094 0.450000 0.129688 0.466667
1 0.453125 0.111111 0.090625 0.219444
1 0.457813 0.052778 0.075000 0.102778
1 0.632422 0.092361 0.085156 0.181944
1 0.666406 0.513194 0.156250 0.290278
1 0.678906 0.745833 0.157812 0.466667
1 0.713281 0.938194 0.057813 0.123611
0 0.151562 0.711111 0.300000 0.577778
0 0.167969 0.444444 0.334375 0.708333
0 0.248438 0.209722 0.295312 0.416667
0 0.846484 0.258333 0.297656 0.513889
0 0.862500 0.537500 0.275000 0.694444
0 0.884766 0.795833 0.230469 0.408333
