2 0.644922 0.382639 0.169531 0.465278
2 0.328516 0.376389 0.186719 0.455556
2 0.162109 0.934722 0.208594 0.130556
1 0.340625 0.765972 0.157812 0.456944
1 0.391016 0.525000 0.127344 0.458333
1 0.408203 0.161806 0.099219 0.320833
1 0.435156 0.060417 0.068750 0.118056
1 0.608203 0.067361 0.074219 0.131944
1 0.584766 0.153472 0.063281 0.295833
1 0.630859 0.595833 0.150781 0.336111
1 0.653516 0.778472 0.167969 0.415278
1 0.696094 0.979167 0.026562 0.041667
0 0.131250 0.772222 0.260937 0.455556
0 0.153906 0.553472 0.306250 0.718056
0 0.206641 0.273611 0.278906 0.544444
0 0.798438 0.294444 0.289062 0.527778
0 0.851953 0.602778 0.296094 0.636111
0 0.864062 0.818750 0.271875 0.362500
