2 0.368359 0.247222 0.149219 0.416667
2 0.675391 0.281250 0.192969 0.476389
2 0.209375 0.886111 0.303125 0.227778
1 0.354687 0.928472 0.135937 0.143056
1 0.382812 0.692361 0.148438 0.506944
1 0.425781 0.439583 0.117188 0.465278
1 0.442969 0.097917 0.087500 0.193056
1 0.473828 0.050694 0.033594 0.095833
1 0.635156 0.093750 0.079687 0.184722
1 0.667188 0.513194 0.148438 0.331944
1 0.686719 0.750000 0.165625 0.483333
1 0.724219 0.925694 0.050000 0.148611
0 0.140625 0.707639 0.279687 0.584722
0 0.176953 0.434028 0.352344 0.701389
0 0.251563 0.218056 0.298438 0.433333
0 0.839844 0.241667 0.320312 0.480556
0 0.861328 0.544444 0.277344 0.680556
0 0.885938 0.783333 0.228125 0.433333
