2 0.388281 0.394444 0.168750 0.425000
2 0.701562 0.441667 0.171875 0.500000
1 0.397656 0.778472 0.150000 0.423611
1 0.439063 0.558333 0.123438 0.455556
1 0.460938 0.178472 0.106250 0.334722
1 0.479687 0.088194 0.073438 0.173611
1 0.653125 0.079167 0.048438 0.155556
1 0.652734 0.183333 0.102344 0.319444
1 0.685156 0.625694 0.151562 0.320833
1 0.710156 0.799306 0.185938 0.373611
0 0.159375 0.781250 0.307812 0.437500
0 0.188672 0.557639 0.347656 0.687500
0 0.257812 0.299306 0.295312 0.559722
0 0.414062 0.087500 0.062500 0.172222
0 0.713281 0.102083 0.057813 0.201389
0 0.852344 0.351389 0.295312 0.530556
0 0.874609 0.660417 0.250781 0.670833
