2 0.614453 0.294444 0.180469 0.450000
2 0.308594 0.275694 0.167187 0.423611
2 0.176953 0.913194 0.296094 0.173611
1 0.320312 0.963889 0.128125 0.072222
1 0.311328 0.713194 0.155469 0.504167
1 0.363281 0.459028 0.132812 0.456944
1 0.377344 0.124306 0.071875 0.237500
1 0.393359 0.050694 0.066406 0.098611
1 0.572656 0.097917 0.082812 0.193056
1 0.610156 0.517361 0.148438 0.290278
1 0.635547 0.742361 0.157031 0.487500
1 0.682422 0.924306 0.057031 0.151389
0 0.130859 0.730556 0.260156 0.530556
0 0.149609 0.477083 0.297656 0.698611
0 0.161328 0.231250 0.296094 0.459722
0 0.777734 0.252083 0.222656 0.501389
0 0.941406 0.100000 0.100000 0.197222
0 0.832812 0.517361 0.334375 0.620833
0 0.867578 0.765972 0.264844 0.468056
