0 0.166406 0.863194 0.331250 0.273611
0 0.216406 0.760417 0.260937 0.479167
0 0.023828 0.313889 0.046094 0.213889
0 0.098437 0.195833 0.115625 0.161111
0 0.136328 0.159028 0.099219 0.143056
0 0.166797 0.130556 0.097656 0.127778
0 0.318359 0.471528 0.161719 0.301389
0 0.850000 0.754167 0.300000 0.475000
0 0.722656 0.472222 0.146875 0.311111
0 0.693359 0.380556 0.124219 0.258333
0 0.676562 0.305556 0.120313 0.213889
0 0.399609 0.188194 0.085156 0.151389
0 0.349609 0.386111 0.141406 0.250000
0 0.369141 0.307639 0.122656 0.215278
0 0.256641 0.261111 0.110156 0.125000
0 0.217578 0.336806 0.122656 0.151389
0 0.175781 0.423611 0.178125 0.183333
0 0.312109 0.151389 0.072656 0.083333
0 0.331641 0.110417 0.053906 0.051389
0 0.344922 0.077778 0.052344 0.036111
0 0.421875 0.084722 0.060937 0.038889
0 0.414844 0.131250 0.075000 0.079167
0 0.661328 0.156250 0.088281 0.084722
0 0.651172 0.110417 0.064844 0.040278
0 0.645703 0.076389 0.055469 0.030556
0 0.709375 0.068750 0.056250 0.034722
0 0.733203 0.100694 0.071094 0.048611
0 0.756250 0.151389 0.087500 0.080556
0 0.907422 0.134722 0.107031 0.144444
0 0.942187 0.172917 0.098437 0.151389
0 0.966016 0.211111 0.067969 0.166667
0 0.897266 0.409722 0.188281 0.197222
0 0.800000 0.246528 0.131250 0.120833
0 0.842578 0.317361 0.161719 0.143056
1 0.388672 0.900694 0.066406 0.198611
1 0.427734 0.659722 0.072656 0.294444
1 0.439844 0.467361 0.045312 0.215278
1 0.448047 0.300000 0.030469 0.175000
1 0.472266 0.245139 0.027344 0.143056
1 0.035547 0.438889 0.067969 0.172222
1 0.144141 0.281250 0.046094 0.090278
1 0.185156 0.237500 0.039062 0.063889
1 0.203125 0.202083 0.034375 0.056944
1 0.615625 0.614583 0.046875 0.218056
1 0.623047 0.477778 0.042969 0.144444
1 0.608984 0.419444 0.041406 0.130556
1 0.852344 0.208333 0.021875 0.069444
1 0.883594 0.262500 0.031250 0.086111
1 0.935156 0.320139 0.070312 0.156944
2 0.674609 0.811806 0.157031 0.376389
2 0.469922 0.166667 0.046094 0.108333
