2 0.360938 0.351389 0.203125 0.488889
2 0.185547 0.950694 0.211719 0.098611
2 0.655859 0.370139 0.163281 0.459722
1 0.380859 0.764583 0.133594 0.395833
1 0.436328 0.577083 0.150781 0.468056
1 0.410547 0.156944 0.075781 0.244444
1 0.427344 0.048611 0.067187 0.094444
1 0.584375 0.145139 0.053125 0.279167
1 0.657422 0.595139 0.158594 0.301389
1 0.696875 0.786111 0.171875 0.408333
1 0.762109 0.972917 0.082031 0.054167
0 0.139453 0.797917 0.267969 0.404167
0 0.162891 0.568750 0.324219 0.651389
0 0.204687 0.291667 0.317188 0.497222
0 0.049219 0.117361 0.096875 0.206944
0 0.672266 0.081944 0.097656 0.161111
0 0.825391 0.300694 0.296094 0.523611
0 0.855859 0.572222 0.288281 0.650000
0 0.906641 0.793750 0.186719 0.412500
