2 0.366016 0.277778 0.163281 0.441667
2 0.209766 0.902778 0.286719 0.194444
2 0.670312 0.313889 0.151562 0.486111
1 0.354687 0.940972 0.110937 0.118056
1 0.366797 0.709722 0.125781 0.480556
1 0.410156 0.453472 0.123438 0.479167
1 0.439844 0.111806 0.073438 0.220833
1 0.448437 0.054167 0.056250 0.105556
1 0.627734 0.090278 0.066406 0.177778
1 0.657031 0.520833 0.170313 0.311111
1 0.677734 0.775000 0.169531 0.450000
1 0.708203 0.944444 0.047656 0.111111
0 0.137891 0.715972 0.264844 0.568056
0 0.168359 0.452083 0.328906 0.706944
0 0.220312 0.201389 0.295312 0.400000
0 0.826953 0.271528 0.275781 0.540278
0 0.858984 0.560417 0.282031 0.695833
0 0.864062 0.811806 0.271875 0.376389
