2 0.346484 0.222222 0.183594 0.433333
2 0.197266 0.859028 0.289844 0.281944
2 0.662500 0.256944 0.195312 0.450000
1 0.354687 0.915278 0.120313 0.169444
1 0.364063 0.652778 0.139063 0.511111
1 0.410547 0.400000 0.113281 0.475000
1 0.421875 0.098611 0.085938 0.194444
1 0.637500 0.081250 0.095312 0.159722
1 0.653125 0.468750 0.143750 0.320833
1 0.667188 0.703472 0.182812 0.509722
1 0.698047 0.915278 0.069531 0.169444
0 0.144141 0.684722 0.286719 0.622222
0 0.165625 0.412500 0.329688 0.711111
0 0.224609 0.195139 0.325781 0.387500
0 0.842187 0.218750 0.315625 0.434722
0 0.863672 0.490278 0.272656 0.697222
0 0.882422 0.757639 0.235156 0.484722
