2 0.358984 0.265278 0.191406 0.425000
2 0.214453 0.886806 0.291406 0.226389
2 0.668750 0.284028 0.175000 0.454167
1 0.360547 0.940278 0.117969 0.119444
1 0.375391 0.702778 0.153906 0.511111
1 0.412891 0.431944 0.132031 0.447222
1 0.439453 0.106944 0.080469 0.211111
1 0.463281 0.040278 0.082812 0.077778
1 0.635156 0.081944 0.085938 0.161111
1 0.665625 0.519444 0.156250 0.294444
1 0.681641 0.744444 0.182031 0.475000
1 0.713672 0.936806 0.047656 0.126389
0 0.142969 0.711806 0.282813 0.576389
0 0.170703 0.440972 0.338281 0.681944
0 0.238672 0.215972 0.310156 0.429167
0 0.840234 0.238889 0.319531 0.475000
0 0.858203 0.552083 0.283594 0.704167
0 0.878906 0.787500 0.242188 0.425000
