2 0.639062 0.395139 0.178125 0.448611
2 0.330859 0.399306 0.163281 0.451389
2 0.165234 0.949306 0.211719 0.101389
1 0.341016 0.781944 0.158594 0.416667
1 0.367969 0.556944 0.160938 0.472222
1 0.403125 0.174306 0.093750 0.329167
1 0.418359 0.084028 0.067969 0.165278
1 0.575781 0.172222 0.085938 0.255556
1 0.596875 0.056944 0.040625 0.111111
1 0.635547 0.607639 0.185156 0.304167
1 0.671094 0.806250 0.151562 0.387500
0 0.148438 0.779861 0.295312 0.404167
0 0.164062 0.563889 0.326562 0.644444
0 0.211719 0.296528 0.317188 0.565278
0 0.640234 0.100000 0.080469 0.197222
0 0.358203 0.085417 0.052344 0.143056
0 0.795703 0.336111 0.314844 0.536111
0 0.844922 0.629861 0.310156 0.640278
0 0.886719 0.833333 0.226562 0.333333
0 0.954688 0.184028 0.090625 0.193056
