2 0.335938 0.322222 0.187500 0.422222
2 0.180469 0.931944 0.245312 0.136111
2 0.653125 0.367361 0.157812 0.437500
1 0.352734 0.759722 0.130469 0.472222
1 0.391016 0.511806 0.122656 0.462500
1 0.407422 0.140972 0.094531 0.279167
1 0.428906 0.054167 0.087500 0.088889
1 0.599219 0.043750 0.054688 0.084722
1 0.600391 0.141667 0.080469 0.244444
1 0.640234 0.550000 0.141406 0.302778
1 0.663281 0.763889 0.170313 0.430556
1 0.705469 0.959722 0.059375 0.080556
0 0.139063 0.753472 0.276562 0.448611
0 0.162109 0.526389 0.322656 0.694444
0 0.215234 0.250000 0.305469 0.497222
0 0.805859 0.305556 0.260156 0.538889
0 0.842578 0.575694 0.314844 0.673611
0 0.865234 0.800000 0.269531 0.400000
