2 0.345703 0.311806 0.172656 0.434722
2 0.195312 0.907639 0.275000 0.184722
2 0.677734 0.324306 0.183594 0.456944
1 0.361328 0.942361 0.071094 0.115278
1 0.364844 0.722917 0.146875 0.484722
1 0.401172 0.472917 0.122656 0.479167
1 0.411719 0.136806 0.092188 0.270833
1 0.603125 0.100694 0.054688 0.198611
1 0.650781 0.530556 0.139063 0.333333
1 0.682813 0.733333 0.200000 0.475000
1 0.732422 0.949306 0.061719 0.101389
0 0.137109 0.725694 0.272656 0.495833
0 0.171094 0.490972 0.340625 0.715278
0 0.211328 0.231250 0.325781 0.459722
0 0.377344 0.041667 0.037500 0.080556
0 0.683594 0.045833 0.050000 0.088889
0 0.825000 0.260417 0.293750 0.518056
0 0.855469 0.538194 0.289062 0.668056
0 0.887891 0.777083 0.224219 0.445833
