0 0.147656 0.656250 0.293750 0.687500
0 0.189844 0.347222 0.364063 0.688889
0 0.272266 0.168056 0.274219 0.333333
0 0.892188 0.759028 0.215625 0.468056
0 0.877344 0.497917 0.245312 0.712500
0 0.873828 0.240972 0.252344 0.479167
1 0.434766 0.290278 0.111719 0.325000
1 0.392969 0.612500 0.143750 0.463889
1 0.376172 0.902778 0.080469 0.194444
1 0.735938 0.911111 0.075000 0.177778
1 0.707812 0.702778 0.160938 0.491667
1 0.686328 0.424306 0.146094 0.404167
1 0.454297 0.073611 0.111719 0.144444
2 0.232422 0.855556 0.278906 0.288889
2 0.725391 0.245139 0.174219 0.468056
