2 0.257422 0.429861 0.196094 0.418056
2 0.584375 0.403472 0.187500 0.468056
1 0.309375 0.799306 0.151562 0.376389
1 0.328906 0.602778 0.157812 0.466667
1 0.331250 0.218750 0.107813 0.323611
1 0.328516 0.067361 0.058594 0.131944
1 0.514844 0.190972 0.037500 0.320833
1 0.512891 0.067361 0.039844 0.131944
1 0.583594 0.604167 0.156250 0.269444
1 0.630078 0.804167 0.167969 0.391667
1 0.128906 0.645139 0.256250 0.640278
1 0.144922 0.354167 0.288281 0.533333
1 0.723828 0.306944 0.267969 0.527778
1 0.787891 0.566667 0.382031 0.672222
1 0.849609 0.815278 0.300781 0.369444
