2 0.362500 0.243750 0.175000 0.443056
2 0.214453 0.860417 0.300781 0.279167
2 0.688281 0.238194 0.154688 0.445833
1 0.358594 0.903472 0.109375 0.176389
1 0.375000 0.645833 0.146875 0.488889
1 0.416406 0.384722 0.131250 0.477778
1 0.441797 0.089583 0.099219 0.176389
1 0.455469 0.026389 0.065625 0.050000
1 0.648438 0.063194 0.120313 0.123611
1 0.658594 0.462500 0.146875 0.305556
1 0.676953 0.711806 0.172656 0.501389
1 0.711328 0.915278 0.089844 0.169444
0 0.147266 0.684028 0.292969 0.631944
0 0.173828 0.398611 0.335156 0.686111
0 0.236719 0.190972 0.300000 0.379167
0 0.850000 0.237500 0.285938 0.472222
0 0.860156 0.507639 0.279687 0.690278
0 0.874609 0.761806 0.250781 0.476389
