2 0.683203 0.386806 0.188281 0.459722
2 0.201172 0.952083 0.282031 0.095833
2 0.364453 0.378472 0.186719 0.440278
1 0.370703 0.771528 0.163281 0.445833
1 0.412891 0.545139 0.136719 0.473611
1 0.441406 0.165972 0.089063 0.329167
1 0.465234 0.071528 0.066406 0.140278
1 0.633203 0.059028 0.075781 0.115278
1 0.639844 0.163889 0.100000 0.238889
1 0.661719 0.611806 0.165625 0.329167
1 0.686719 0.800000 0.165625 0.400000
0 0.144141 0.755556 0.280469 0.488889
0 0.169922 0.540972 0.338281 0.715278
0 0.244922 0.281250 0.297656 0.559722
0 0.840234 0.326389 0.280469 0.555556
0 0.855469 0.639583 0.289062 0.659722
