0 0.173437 0.403472 0.340625 0.690278
0 0.141797 0.700000 0.282031 0.600000
0 0.241406 0.197917 0.306250 0.393056
0 0.892188 0.761111 0.215625 0.472222
0 0.867188 0.512500 0.265625 0.688889
0 0.862500 0.241667 0.275000 0.480556
1 0.417187 0.363889 0.101562 0.352778
1 0.385156 0.668056 0.145313 0.452778
1 0.372656 0.938889 0.090625 0.122222
1 0.697266 0.741667 0.158594 0.516667
1 0.742188 0.931250 0.060937 0.137500
1 0.684375 0.459028 0.164062 0.354167
1 0.657813 0.086111 0.092188 0.166667
1 0.444531 0.097222 0.104688 0.191667
2 0.216406 0.882639 0.273438 0.234722
2 0.692187 0.283333 0.171875 0.427778
