2 0.373828 0.311806 0.183594 0.415278
2 0.693750 0.333333 0.173437 0.508333
2 0.227344 0.899306 0.281250 0.201389
1 0.391016 0.963889 0.153906 0.072222
1 0.413281 0.736111 0.160938 0.502778
1 0.439063 0.477778 0.107813 0.497222
1 0.462109 0.144444 0.075781 0.286111
1 0.488281 0.059028 0.081250 0.115278
1 0.652734 0.120833 0.067969 0.219444
1 0.645703 0.028472 0.077344 0.054167
1 0.690625 0.557639 0.178125 0.293056
1 0.713281 0.750000 0.198437 0.441667
1 0.744922 0.952083 0.071094 0.095833
0 0.158594 0.736111 0.309375 0.527778
0 0.199609 0.507639 0.397656 0.740278
0 0.267969 0.238889 0.326562 0.475000
0 0.846094 0.261111 0.284375 0.519444
0 0.864844 0.547917 0.270313 0.676389
0 0.896094 0.799306 0.207813 0.401389
