2 0.678125 0.390972 0.165625 0.451389
2 0.375781 0.356944 0.164062 0.458333
2 0.186719 0.936111 0.239063 0.127778
1 0.380859 0.768056 0.149219 0.455556
1 0.424609 0.533333 0.150781 0.458333
1 0.451172 0.167361 0.089844 0.331944
1 0.480078 0.059028 0.078906 0.115278
1 0.658984 0.052083 0.066406 0.101389
1 0.642188 0.156944 0.085938 0.261111
1 0.678516 0.624306 0.153906 0.304167
1 0.681250 0.806250 0.164062 0.387500
0 0.151562 0.747222 0.300000 0.505556
0 0.178516 0.540972 0.355469 0.698611
0 0.264062 0.271528 0.293750 0.540278
0 0.075781 0.104861 0.150000 0.206944
0 0.422266 0.058333 0.036719 0.113889
0 0.717969 0.092361 0.060937 0.181944
0 0.850391 0.329861 0.278906 0.551389
0 0.857031 0.641667 0.285938 0.675000
