2 0.331250 0.288889 0.162500 0.413889
2 0.171875 0.923611 0.257812 0.152778
2 0.643359 0.342361 0.163281 0.479167
1 0.315234 0.970139 0.127344 0.059722
1 0.348438 0.731944 0.128125 0.500000
1 0.382812 0.481250 0.120313 0.462500
1 0.417578 0.136111 0.061719 0.244444
1 0.432031 0.073611 0.067187 0.144444
1 0.595313 0.111806 0.075000 0.218056
1 0.633203 0.547222 0.164844 0.316667
1 0.648828 0.747222 0.163281 0.427778
1 0.689453 0.952083 0.061719 0.095833
0 0.136719 0.738194 0.271875 0.523611
0 0.159766 0.496528 0.317969 0.701389
0 0.205859 0.238889 0.286719 0.475000
0 0.805859 0.279861 0.322656 0.556944
0 0.838672 0.584722 0.322656 0.669444
0 0.862500 0.806250 0.275000 0.387500
