2 0.321094 0.402778 0.179688 0.391667
2 0.625391 0.404167 0.180469 0.450000
1 0.345313 0.782639 0.134375 0.423611
1 0.376563 0.563889 0.120313 0.458333
1 0.393750 0.170139 0.103125 0.326389
1 0.423438 0.085417 0.067187 0.168056
1 0.572656 0.174306 0.067187 0.301389
1 0.576172 0.056250 0.069531 0.109722
1 0.627734 0.627083 0.163281 0.309722
1 0.652734 0.804861 0.153906 0.387500
0 0.125000 0.803472 0.248438 0.393056
0 0.151953 0.598611 0.302344 0.677778
0 0.196094 0.308333 0.306250 0.547222
0 0.353906 0.084028 0.076563 0.165278
0 0.643359 0.105556 0.063281 0.208333
0 0.783203 0.344444 0.266406 0.491667
0 0.836719 0.647917 0.326562 0.626389
0 0.870703 0.835417 0.258594 0.329167
