2 0.664453 0.301389 0.163281 0.422222
2 0.364063 0.297222 0.178125 0.430556
1 0.366797 0.949306 0.130469 0.101389
2 0.192578 0.895139 0.260156 0.209722
1 0.357031 0.716667 0.148438 0.505556
1 0.418359 0.477778 0.149219 0.497222
1 0.419531 0.132639 0.085938 0.262500
1 0.426953 0.060417 0.080469 0.118056
1 0.602734 0.106944 0.047656 0.211111
1 0.651953 0.518750 0.166406 0.315278
1 0.685156 0.752778 0.181250 0.466667
1 0.709766 0.936806 0.058594 0.126389
0 0.142969 0.719444 0.284375 0.558333
0 0.162109 0.469444 0.322656 0.672222
0 0.219531 0.227083 0.318750 0.451389
0 0.837891 0.270833 0.291406 0.538889
0 0.851953 0.542361 0.296094 0.676389
0 0.886719 0.778472 0.226562 0.443056
