2 0.426172 0.328472 0.210156 0.654167
2 0.637891 0.425000 0.208594 0.477778
1 0.695312 0.813194 0.156250 0.373611
1 0.654687 0.659028 0.156250 0.284722
1 0.591406 0.190278 0.082812 0.222222
1 0.577344 0.088194 0.040625 0.173611
1 0.423438 0.638194 0.214062 0.445833
1 0.359375 0.807639 0.168750 0.384722
0 0.160547 0.647917 0.319531 0.676389
0 0.196484 0.350000 0.296094 0.466667
0 0.641016 0.102083 0.064844 0.201389
0 0.798828 0.336111 0.325781 0.500000
0 0.844922 0.633333 0.310156 0.650000
0 0.939844 0.179167 0.120313 0.236111
