2 0.385937 0.222917 0.164062 0.443056
2 0.700000 0.261111 0.178125 0.483333
2 0.226562 0.854861 0.312500 0.290278
1 0.399609 0.909722 0.110156 0.180556
1 0.394141 0.663194 0.152344 0.506944
1 0.433984 0.402083 0.127344 0.462500
1 0.457813 0.093750 0.093750 0.184722
1 0.478516 0.038194 0.061719 0.073611
1 0.651172 0.084028 0.097656 0.165278
1 0.685937 0.476389 0.164062 0.341667
1 0.700391 0.736111 0.183594 0.508333
1 0.735938 0.921528 0.064062 0.156944
0 0.154297 0.688194 0.305469 0.623611
0 0.176563 0.404861 0.350000 0.729167
0 0.260547 0.212500 0.310156 0.422222
0 0.864844 0.231250 0.270313 0.423611
0 0.876563 0.519444 0.246875 0.697222
0 0.893359 0.770833 0.213281 0.458333
