2 0.343750 0.310417 0.165625 0.370833
2 0.204687 0.909722 0.240625 0.180556
2 0.660156 0.345833 0.150000 0.466667
1 0.365625 0.951389 0.075000 0.097222
1 0.359375 0.725694 0.153125 0.454167
1 0.399609 0.481250 0.139844 0.470833
1 0.423438 0.132639 0.098437 0.262500
1 0.436719 0.058333 0.056250 0.113889
1 0.615625 0.109722 0.073438 0.213889
1 0.642969 0.535417 0.160938 0.315278
1 0.668359 0.738889 0.169531 0.377778
1 0.709375 0.953472 0.082812 0.093056
0 0.135547 0.742361 0.269531 0.515278
0 0.172266 0.497222 0.342969 0.686111
0 0.229297 0.238889 0.314844 0.475000
0 0.837109 0.268056 0.305469 0.522222
0 0.854297 0.581250 0.291406 0.654167
0 0.875391 0.809722 0.249219 0.380556
