2 0.381250 0.288889 0.159375 0.436111
2 0.678125 0.317361 0.179688 0.420833
2 0.224609 0.907639 0.280469 0.184722
1 0.359766 0.964583 0.107031 0.070833
1 0.373437 0.677083 0.143750 0.443056
1 0.418750 0.484028 0.126562 0.481944
1 0.444141 0.134028 0.071094 0.265278
1 0.452734 0.048611 0.080469 0.094444
1 0.633594 0.107639 0.092188 0.212500
1 0.651172 0.022917 0.071094 0.043056
1 0.656641 0.532639 0.164844 0.320833
1 0.688672 0.755556 0.177344 0.405556
1 0.716797 0.948611 0.069531 0.102778
0 0.147656 0.732639 0.284375 0.534722
0 0.171094 0.488194 0.340625 0.712500
0 0.241797 0.231250 0.310156 0.459722
0 0.841406 0.281250 0.317188 0.559722
0 0.868750 0.565972 0.262500 0.665278
0 0.881641 0.810417 0.236719 0.379167
