2 0.365234 0.350694 0.180469 0.420833
2 0.186719 0.930556 0.250000 0.138889
2 0.681250 0.379167 0.178125 0.466667
1 0.372266 0.752778 0.161719 0.441667
1 0.419531 0.520139 0.128125 0.470833
1 0.455859 0.143056 0.099219 0.283333
1 0.483203 0.064583 0.075781 0.126389
1 0.650781 0.050694 0.062500 0.098611
1 0.648438 0.140972 0.082812 0.243056
1 0.663672 0.600694 0.146094 0.315278
1 0.689453 0.803472 0.136719 0.393056
0 0.146484 0.747222 0.289844 0.505556
0 0.169922 0.517361 0.333594 0.684722
0 0.250391 0.254861 0.328906 0.506944
0 0.840625 0.319444 0.290625 0.550000
0 0.864844 0.631250 0.270313 0.668056
