2 0.637891 0.412500 0.180469 0.444444
2 0.328906 0.388194 0.171875 0.445833
2 0.150781 0.956250 0.220312 0.087500
1 0.338672 0.779167 0.158594 0.425000
1 0.387891 0.563194 0.110156 0.459722
1 0.401562 0.179861 0.096875 0.345833
1 0.428125 0.073611 0.050000 0.144444
1 0.591797 0.165972 0.077344 0.262500
1 0.590625 0.072222 0.056250 0.138889
1 0.629297 0.608333 0.139844 0.311111
1 0.649609 0.810417 0.160156 0.379167
0 0.127734 0.797222 0.242969 0.405556
0 0.152734 0.572917 0.303906 0.679167
0 0.196094 0.286806 0.273438 0.534722
0 0.789453 0.346528 0.255469 0.520833
0 0.835547 0.638889 0.328906 0.636111
