2 0.652734 0.302083 0.163281 0.437500
2 0.339453 0.297222 0.188281 0.422222
2 0.194141 0.906944 0.291406 0.186111
1 0.358594 0.952083 0.114062 0.095833
1 0.358984 0.711806 0.153906 0.501389
1 0.399219 0.455556 0.128125 0.458333
1 0.420312 0.129861 0.078125 0.256944
1 0.428906 0.050694 0.082812 0.098611
1 0.621875 0.095833 0.078125 0.188889
1 0.638281 0.515972 0.128125 0.262500
1 0.664844 0.756250 0.157812 0.487500
1 0.711719 0.931944 0.040625 0.136111
0 0.151172 0.738889 0.300781 0.522222
0 0.165234 0.469444 0.328906 0.700000
0 0.219531 0.226389 0.301563 0.450000
0 0.816406 0.250694 0.301563 0.498611
0 0.845703 0.538889 0.308594 0.633333
0 0.873047 0.797222 0.253906 0.405556
