2 0.619531 0.376389 0.148438 0.472222
2 0.315234 0.370139 0.177344 0.434722
2 0.155469 0.952083 0.192188 0.095833
1 0.322656 0.763194 0.151562 0.462500
1 0.367969 0.541667 0.132812 0.463889
1 0.385937 0.163194 0.082812 0.323611
1 0.394531 0.075694 0.078125 0.148611
1 0.576562 0.056944 0.078125 0.111111
1 0.566406 0.143056 0.071875 0.283333
1 0.604688 0.587500 0.142187 0.302778
1 0.639844 0.777778 0.156250 0.400000
1 0.676953 0.968750 0.036719 0.062500
0 0.138281 0.781944 0.275000 0.408333
0 0.153516 0.586806 0.305469 0.715278
0 0.180078 0.267361 0.300781 0.520833
0 0.766406 0.291667 0.253125 0.522222
0 0.832812 0.593750 0.329688 0.637500
0 0.860547 0.814583 0.278906 0.370833
0 0.939844 0.166667 0.120313 0.236111
