0 0.176563 0.809028 0.350000 0.381944
0 0.248828 0.675694 0.266406 0.509722
0 0.352734 0.387500 0.158594 0.322222
0 0.378125 0.288194 0.143750 0.259722
0 0.399219 0.220139 0.126562 0.226389
0 0.433203 0.092361 0.083594 0.159722
0 0.451172 0.047917 0.074219 0.093056
0 0.106641 0.618750 0.211719 0.404167
0 0.201953 0.326389 0.167969 0.200000
0 0.255078 0.237500 0.147656 0.152778
0 0.283984 0.159028 0.103906 0.112500
0 0.344141 0.059722 0.085156 0.088889
0 0.139453 0.082639 0.117969 0.151389
0 0.046484 0.209722 0.091406 0.213889
0 0.039844 0.068056 0.075000 0.133333
0 0.173828 0.052083 0.100781 0.101389
0 0.214062 0.038194 0.090625 0.073611
0 0.877734 0.831944 0.227344 0.336111
0 0.862500 0.707639 0.275000 0.512500
0 0.769531 0.411111 0.181250 0.325000
0 0.742188 0.306944 0.153125 0.250000
0 0.721094 0.231944 0.137500 0.230556
0 0.700000 0.070139 0.084375 0.090278
0 0.693359 0.020139 0.064844 0.031944
0 0.769531 0.022222 0.057813 0.041667
0 0.799219 0.076389 0.093750 0.094444
0 0.848047 0.173611 0.124219 0.127778
0 0.923047 0.298611 0.127344 0.097222
0 0.941797 0.064583 0.055469 0.126389
0 0.969141 0.101389 0.061719 0.150000
0 0.986328 0.142361 0.027344 0.148611
1 0.065625 0.342361 0.073438 0.148611
1 0.189844 0.187500 0.035937 0.094444
1 0.221094 0.136806 0.040625 0.059722
1 0.237891 0.106944 0.032031 0.075000
1 0.404297 0.862500 0.080469 0.275000
1 0.454688 0.563889 0.078125 0.297222
1 0.472656 0.364583 0.046875 0.173611
1 0.485547 0.212500 0.027344 0.130556
1 0.500781 0.157639 0.054688 0.145833
1 0.641797 0.336806 0.041406 0.134722
1 0.660937 0.411806 0.048438 0.134722
1 0.662109 0.517361 0.067969 0.162500
1 0.897656 0.145139 0.028125 0.076389
1 0.929688 0.200694 0.035937 0.090278
1 0.977344 0.256250 0.045312 0.140278
2 0.702734 0.783333 0.178906 0.433333
2 0.509375 0.093750 0.050000 0.137500
