2 0.302734 0.360417 0.160156 0.462500
2 0.598047 0.345139 0.167969 0.440278
1 0.317188 0.763194 0.148438 0.462500
1 0.351562 0.520833 0.128125 0.466667
1 0.360547 0.152778 0.075781 0.302778
1 0.398828 0.063889 0.057031 0.122222
1 0.545312 0.046528 0.067187 0.090278
1 0.552344 0.117361 0.062500 0.231944
1 0.591797 0.547222 0.149219 0.316667
1 0.636328 0.765972 0.172656 0.415278
1 0.679297 0.954167 0.063281 0.091667
0 0.121875 0.781944 0.242188 0.425000
0 0.137891 0.569444 0.274219 0.655556
0 0.162500 0.275694 0.303125 0.548611
0 0.612500 0.063194 0.050000 0.123611
0 0.741797 0.256944 0.260156 0.511111
0 0.817969 0.574306 0.345313 0.629167
0 0.852344 0.804167 0.295312 0.391667
0 0.925391 0.141667 0.144531 0.261111
