0 0.160156 0.531944 0.307812 0.633333
0 0.142578 0.780556 0.272656 0.438889
0 0.074609 0.226389 0.136719 0.450000
0 0.212891 0.256250 0.292969 0.487500
0 0.816406 0.250000 0.265625 0.477778
0 0.850391 0.533333 0.299219 0.638889
0 0.881641 0.777778 0.233594 0.444444
1 0.681641 0.763889 0.149219 0.472222
1 0.725000 0.943750 0.045312 0.112500
1 0.379297 0.765972 0.158594 0.468056
1 0.388672 0.376389 0.111719 0.252778
1 0.413672 0.129167 0.092969 0.236111
2 0.642188 0.313889 0.140625 0.447222
1 0.612109 0.086806 0.074219 0.143056
2 0.216016 0.938889 0.255469 0.122222
2 0.297656 0.604861 0.226562 0.468056
