0 0.151172 0.325694 0.296094 0.631944
0 0.130859 0.675000 0.249219 0.650000
0 0.851953 0.432639 0.296094 0.665278
0 0.873437 0.729167 0.245312 0.541667
0 0.813281 0.189583 0.270313 0.376389
0 0.188672 0.147917 0.333594 0.293056
2 0.284766 0.417361 0.196094 0.493056
2 0.199219 0.843056 0.276562 0.313889
2 0.649219 0.177778 0.162500 0.341667
1 0.358594 0.612500 0.167187 0.480556
1 0.354687 0.900000 0.059375 0.200000
1 0.680859 0.881250 0.085156 0.237500
1 0.659375 0.661111 0.175000 0.491667
1 0.635938 0.349306 0.146875 0.426389
1 0.384766 0.261806 0.116406 0.326389
