0 0.164062 0.250694 0.279687 0.476389
0 0.155469 0.561806 0.295312 0.595833
0 0.143359 0.815972 0.278906 0.368056
0 0.881641 0.740278 0.224219 0.519444
0 0.844531 0.440278 0.310937 0.605556
0 0.786719 0.213194 0.290625 0.415278
1 0.362500 0.401389 0.103125 0.247222
1 0.369922 0.756944 0.175781 0.455556
1 0.365625 0.961111 0.153125 0.077778
1 0.721094 0.912500 0.073438 0.175000
1 0.681641 0.726389 0.177344 0.488889
1 0.626563 0.471528 0.156250 0.354167
1 0.578516 0.117361 0.107031 0.198611
1 0.383984 0.141667 0.113281 0.263889
2 0.285547 0.644444 0.241406 0.433333
2 0.617188 0.289583 0.167187 0.443056
