0 0.271484 0.253472 0.267969 0.495833
0 0.196094 0.540972 0.364063 0.626389
0 0.165234 0.778472 0.328906 0.443056
0 0.122266 0.223611 0.236719 0.427778
0 0.864844 0.297222 0.270313 0.513889
0 0.878125 0.597917 0.243750 0.648611
0 0.912500 0.809722 0.167187 0.380556
1 0.729688 0.793056 0.150000 0.405556
1 0.693359 0.550000 0.152344 0.358333
1 0.672266 0.138889 0.113281 0.269444
1 0.459766 0.169444 0.117969 0.305556
1 0.447656 0.450694 0.112500 0.331944
1 0.425391 0.766667 0.161719 0.447222
2 0.362109 0.679861 0.238281 0.568056
2 0.696875 0.374306 0.150000 0.431944
2 0.242188 0.949306 0.212500 0.101389
