0 0.141406 0.420833 0.271875 0.661111
0 0.122656 0.729861 0.240625 0.540278
0 0.160156 0.195833 0.298438 0.383333
0 0.775781 0.214583 0.268750 0.409722
0 0.833203 0.444444 0.328906 0.636111
0 0.860938 0.733333 0.278125 0.527778
2 0.301172 0.518056 0.205469 0.516667
2 0.186328 0.894444 0.294531 0.211111
2 0.619922 0.220833 0.182031 0.422222
1 0.339062 0.699306 0.170313 0.412500
1 0.355078 0.934722 0.069531 0.130556
1 0.678516 0.895833 0.069531 0.208333
1 0.651172 0.702083 0.178906 0.504167
1 0.615625 0.411806 0.187500 0.370833
1 0.357031 0.248611 0.104688 0.186111
