0 0.154297 0.449306 0.292969 0.668056
0 0.118750 0.737500 0.221875 0.525000
0 0.159766 0.206250 0.308594 0.404167
0 0.828125 0.471528 0.337500 0.648611
0 0.860938 0.745139 0.278125 0.504167
0 0.795312 0.228472 0.314063 0.431944
1 0.652734 0.727083 0.166406 0.531944
1 0.678906 0.911806 0.054688 0.176389
1 0.372656 0.713889 0.195312 0.405556
1 0.351562 0.947222 0.079687 0.105556
1 0.336719 0.394444 0.089063 0.386111
1 0.565625 0.073611 0.060937 0.138889
1 0.605469 0.470833 0.135937 0.336111
2 0.621875 0.246528 0.165625 0.443056
2 0.402734 0.368056 0.199219 0.716667
2 0.179297 0.897222 0.263281 0.205556
