0 0.157422 0.351389 0.303906 0.669444
0 0.136328 0.697222 0.257031 0.605556
0 0.223047 0.166667 0.317969 0.330556
0 0.833594 0.236806 0.287500 0.443056
0 0.864062 0.490278 0.271875 0.683333
0 0.878125 0.750000 0.237500 0.500000
1 0.373828 0.918056 0.053906 0.163889
1 0.375781 0.647917 0.171875 0.468056
1 0.389453 0.290972 0.121094 0.293056
1 0.643750 0.404861 0.125000 0.390278
1 0.667578 0.720139 0.164844 0.504167
1 0.721484 0.911806 0.053906 0.176389
2 0.288672 0.472917 0.211719 0.481944
2 0.202344 0.857639 0.278125 0.284722
2 0.680859 0.236111 0.185156 0.430556
