0 0.153906 0.665972 0.304688 0.668056
0 0.225391 0.375694 0.294531 0.498611
0 0.827344 0.463194 0.254688 0.504167
0 0.858594 0.710417 0.281250 0.579167
0 0.328906 0.134028 0.187500 0.265278
0 0.744531 0.131944 0.196875 0.261111
0 0.093750 0.290972 0.162500 0.359722
2 0.280078 0.766667 0.203906 0.466667
2 0.658984 0.534028 0.161719 0.470833
1 0.691797 0.874306 0.113281 0.251389
1 0.382031 0.850694 0.100000 0.298611
1 0.388281 0.577083 0.103125 0.281944
1 0.425781 0.308333 0.082812 0.302778
1 0.455078 0.092361 0.050781 0.168056
1 0.611719 0.070833 0.035937 0.119444
1 0.619531 0.156944 0.040625 0.125000
1 0.622266 0.300000 0.063281 0.236111
