0 0.132422 0.486806 0.258594 0.637500
0 0.115234 0.769444 0.222656 0.461111
0 0.145703 0.240278 0.288281 0.477778
0 0.759766 0.223611 0.286719 0.441667
0 0.808984 0.477083 0.347656 0.623611
0 0.851953 0.746528 0.291406 0.506944
1 0.329688 0.376389 0.095312 0.272222
1 0.317578 0.718750 0.174219 0.390278
1 0.310937 0.955556 0.081250 0.088889
1 0.602734 0.472222 0.178906 0.316667
1 0.621094 0.745139 0.170313 0.509722
1 0.345313 0.131944 0.129688 0.241667
1 0.542578 0.102083 0.082031 0.168056
2 0.584766 0.300000 0.157031 0.447222
2 0.231250 0.579861 0.240625 0.470833
2 0.157031 0.918750 0.243750 0.162500
