0 0.167187 0.333333 0.329688 0.661111
0 0.144922 0.666667 0.286719 0.666667
0 0.216016 0.152778 0.302344 0.302778
0 0.853125 0.198611 0.284375 0.394444
0 0.852734 0.418750 0.294531 0.676389
0 0.872656 0.720139 0.254688 0.556944
1 0.396094 0.294444 0.095312 0.361111
1 0.380469 0.598611 0.123438 0.466667
1 0.375391 0.892361 0.075781 0.215278
1 0.722656 0.884722 0.079687 0.230556
1 0.683203 0.655556 0.155469 0.527778
1 0.669922 0.368750 0.163281 0.370833
2 0.673438 0.183333 0.167187 0.363889
2 0.226562 0.845833 0.293750 0.308333
