0 0.140234 0.190278 0.278906 0.363889
0 0.150000 0.445833 0.290625 0.622222
0 0.131250 0.752083 0.253125 0.495833
0 0.740625 0.159722 0.253125 0.308333
0 0.824219 0.362500 0.328125 0.622222
0 0.862891 0.696528 0.274219 0.595833
1 0.345313 0.650000 0.154688 0.475000
1 0.356641 0.926389 0.082031 0.147222
1 0.685937 0.860417 0.092188 0.279167
1 0.652344 0.640278 0.164062 0.491667
1 0.589453 0.386111 0.144531 0.322222
1 0.327734 0.274306 0.117969 0.270833
2 0.591016 0.190972 0.160156 0.376389
2 0.249219 0.500000 0.262500 0.422222
2 0.196875 0.890972 0.289062 0.218056
