0 0.180469 0.407639 0.351562 0.606944
0 0.162109 0.730556 0.317969 0.538889
0 0.902734 0.718056 0.182031 0.563889
0 0.876563 0.420139 0.246875 0.673611
0 0.857812 0.195139 0.279687 0.384722
0 0.242578 0.175000 0.308594 0.347222
2 0.344141 0.492361 0.203906 0.451389
2 0.271484 0.881944 0.278906 0.236111
2 0.692969 0.213889 0.143750 0.419444
1 0.723437 0.676389 0.167187 0.513889
1 0.762109 0.889583 0.057031 0.220833
1 0.442578 0.912500 0.060156 0.175000
1 0.426563 0.648611 0.160938 0.483333
1 0.426563 0.279167 0.090625 0.311111
