0 0.060937 0.259722 0.115625 0.516667
0 0.201953 0.253472 0.278906 0.484722
0 0.155859 0.558333 0.305469 0.616667
0 0.148828 0.802083 0.288281 0.395833
0 0.803125 0.229167 0.265625 0.455556
0 0.707031 0.188889 0.001563 0.005556
0 0.859766 0.506944 0.280469 0.622222
0 0.900781 0.771528 0.195312 0.456944
2 0.302734 0.645833 0.217969 0.458333
2 0.648047 0.327083 0.171094 0.454167
1 0.685937 0.745833 0.184375 0.477778
1 0.717187 0.934722 0.087500 0.130556
1 0.378906 0.962500 0.164062 0.075000
1 0.382812 0.747917 0.168750 0.420833
1 0.387109 0.423611 0.107031 0.300000
1 0.663672 0.518056 0.163281 0.327778
1 0.406641 0.150000 0.097656 0.288889
1 0.600391 0.121528 0.103906 0.215278
