0 0.161328 0.436111 0.311719 0.644444
0 0.139063 0.742361 0.262500 0.515278
0 0.199219 0.206250 0.334375 0.409722
0 0.825000 0.234028 0.268750 0.456944
0 0.862500 0.502083 0.275000 0.668056
0 0.889453 0.761111 0.217969 0.477778
2 0.298047 0.537500 0.211719 0.466667
2 0.221484 0.897917 0.264844 0.204167
2 0.667188 0.275694 0.170313 0.459722
1 0.681641 0.750000 0.161719 0.500000
1 0.369922 0.705556 0.150781 0.502778
1 0.392578 0.331250 0.091406 0.268056
1 0.605078 0.078472 0.064844 0.154167
1 0.657422 0.483333 0.167969 0.375000
1 0.720703 0.925000 0.086719 0.150000
1 0.392969 0.951389 0.051562 0.097222
