0 0.127344 0.458333 0.251563 0.652778
0 0.114453 0.747222 0.213281 0.505556
0 0.151953 0.219444 0.302344 0.430556
0 0.782813 0.224306 0.295312 0.429167
0 0.827734 0.474306 0.330469 0.643056
0 0.860156 0.738889 0.279687 0.519444
1 0.321875 0.725694 0.165625 0.495833
1 0.323437 0.953472 0.053125 0.093056
1 0.637500 0.733333 0.185938 0.505556
1 0.686719 0.913889 0.053125 0.172222
1 0.600391 0.456250 0.133594 0.404167
1 0.566016 0.088194 0.083594 0.154167
2 0.410156 0.386111 0.140625 0.747222
2 0.169141 0.902083 0.283594 0.195833
2 0.608984 0.280556 0.163281 0.480556
