0 0.147266 0.388194 0.282031 0.670833
0 0.137891 0.712500 0.263281 0.575000
0 0.181641 0.165278 0.317969 0.327778
0 0.807422 0.213194 0.289844 0.395833
0 0.846875 0.440972 0.306250 0.665278
0 0.873437 0.721528 0.253125 0.543056
2 0.272266 0.481944 0.217969 0.452778
2 0.206250 0.870139 0.293750 0.259722
2 0.647656 0.218750 0.153125 0.409722
1 0.356250 0.641667 0.165625 0.461111
1 0.363672 0.267361 0.111719 0.276389
1 0.619141 0.413889 0.153906 0.333333
1 0.652344 0.681944 0.160938 0.508333
1 0.699609 0.892361 0.077344 0.215278
1 0.368750 0.916667 0.082812 0.166667
