0 0.178516 0.238194 0.349219 0.470833
0 0.155078 0.527778 0.300781 0.663889
0 0.124219 0.779167 0.235937 0.438889
0 0.783203 0.248611 0.267969 0.486111
0 0.833984 0.543750 0.332031 0.634722
0 0.866797 0.770833 0.266406 0.438889
1 0.360938 0.422222 0.106250 0.313889
1 0.335547 0.748611 0.164844 0.394444
1 0.615625 0.523611 0.142187 0.305556
1 0.663281 0.772917 0.153125 0.448611
1 0.585547 0.109028 0.094531 0.198611
1 0.369922 0.131250 0.127344 0.259722
2 0.258984 0.618056 0.232031 0.500000
2 0.191406 0.932639 0.262500 0.134722
2 0.635547 0.332639 0.199219 0.429167
