0 0.166406 0.422222 0.321875 0.694444
0 0.133984 0.711806 0.258594 0.576389
0 0.219531 0.212500 0.325000 0.422222
0 0.862109 0.300694 0.275781 0.565278
0 0.850781 0.583333 0.298438 0.666667
0 0.868359 0.801389 0.250781 0.397222
1 0.414453 0.380556 0.088281 0.288889
1 0.373828 0.713194 0.150781 0.434722
1 0.364063 0.958333 0.062500 0.083333
1 0.676562 0.775000 0.148438 0.450000
1 0.661328 0.531944 0.146094 0.333333
1 0.653906 0.118750 0.084375 0.218056
1 0.430859 0.121528 0.096094 0.240278
2 0.297266 0.557639 0.242969 0.506944
2 0.199609 0.894444 0.261719 0.211111
2 0.670703 0.342361 0.192969 0.437500
