0 0.241406 0.215278 0.296875 0.416667
0 0.172266 0.444444 0.335156 0.686111
0 0.136719 0.717361 0.257812 0.565278
0 0.888672 0.816667 0.203906 0.366667
0 0.869141 0.604861 0.261719 0.684722
0 0.864453 0.308333 0.271094 0.569444
1 0.689063 0.793056 0.168750 0.413889
1 0.663281 0.126389 0.081250 0.225000
1 0.460938 0.142361 0.084375 0.276389
1 0.426172 0.397222 0.096094 0.272222
1 0.378906 0.765972 0.143750 0.468056
1 0.670703 0.540972 0.135156 0.356944
2 0.691797 0.347917 0.172656 0.415278
2 0.318359 0.561806 0.260156 0.501389
2 0.207813 0.908333 0.257812 0.183333
