0 0.161328 0.176389 0.313281 0.344444
0 0.146484 0.386806 0.286719 0.620833
0 0.137109 0.721528 0.260156 0.556944
0 0.786719 0.168056 0.300000 0.327778
0 0.839844 0.361806 0.320312 0.618056
0 0.867188 0.693750 0.262500 0.612500
1 0.350000 0.635417 0.157812 0.473611
1 0.367969 0.902778 0.070312 0.194444
1 0.362109 0.272222 0.117969 0.319444
1 0.605078 0.344444 0.141406 0.358333
1 0.659766 0.627083 0.169531 0.515278
1 0.704688 0.862500 0.142187 0.275000
2 0.211328 0.866667 0.283594 0.266667
2 0.262500 0.468750 0.242188 0.456944
2 0.619531 0.202083 0.179688 0.384722
