0 0.160938 0.230556 0.315625 0.441667
0 0.139063 0.515278 0.276562 0.644444
0 0.125781 0.770833 0.239063 0.444444
0 0.782813 0.243056 0.285938 0.483333
0 0.837500 0.511111 0.325000 0.638889
0 0.865625 0.763194 0.268750 0.456944
1 0.347656 0.405556 0.117188 0.302778
1 0.377344 0.143750 0.096875 0.276389
1 0.336719 0.769444 0.176563 0.461111
1 0.648047 0.756944 0.155469 0.475000
1 0.614844 0.498611 0.175000 0.347222
1 0.567969 0.104861 0.092188 0.198611
2 0.259766 0.602083 0.236719 0.476389
2 0.622266 0.321528 0.177344 0.445833
2 0.160547 0.932639 0.228906 0.134722
