0 0.155469 0.488194 0.303125 0.662500
0 0.121875 0.748611 0.234375 0.502778
0 0.853906 0.674306 0.292187 0.640278
0 0.845313 0.380556 0.293750 0.536111
0 0.216797 0.243056 0.296094 0.477778
2 0.272266 0.620139 0.217969 0.473611
2 0.144141 0.930556 0.217969 0.138889
2 0.663281 0.426389 0.173437 0.461111
1 0.343359 0.781250 0.161719 0.390278
1 0.659766 0.822917 0.135156 0.354167
1 0.647656 0.611111 0.168750 0.383333
1 0.430859 0.184722 0.089844 0.316667
1 0.628125 0.179861 0.078125 0.215278
1 0.639844 0.056944 0.053125 0.091667
1 0.403516 0.468056 0.099219 0.291667
