0 0.142578 0.483333 0.283594 0.647222
0 0.129297 0.764583 0.241406 0.470833
0 0.162500 0.229861 0.307812 0.456944
0 0.775000 0.236806 0.301563 0.470833
0 0.828906 0.494444 0.342187 0.638889
0 0.865234 0.760417 0.266406 0.479167
2 0.282422 0.576389 0.197656 0.472222
2 0.176953 0.920139 0.296094 0.159722
2 0.618359 0.284028 0.171094 0.420833
1 0.648828 0.745139 0.175781 0.481944
1 0.691406 0.927778 0.042188 0.144444
1 0.345313 0.789583 0.173437 0.384722
1 0.348828 0.358333 0.102344 0.288889
1 0.366016 0.120139 0.105469 0.212500
1 0.605859 0.453472 0.155469 0.409722
1 0.567578 0.094444 0.086719 0.175000
