0 0.171094 0.220833 0.335938 0.427778
0 0.156250 0.481944 0.304688 0.666667
0 0.128906 0.750694 0.246875 0.498611
0 0.823828 0.260417 0.280469 0.493056
0 0.844141 0.536111 0.311719 0.672222
0 0.869922 0.770139 0.258594 0.459722
1 0.370312 0.382639 0.107813 0.281944
1 0.340625 0.716667 0.175000 0.433333
1 0.662109 0.760417 0.153906 0.479167
1 0.633984 0.468750 0.122656 0.373611
1 0.403516 0.142361 0.105469 0.245833
1 0.595313 0.113889 0.090625 0.208333
2 0.270313 0.588889 0.259375 0.519444
2 0.188281 0.917361 0.289062 0.165278
2 0.636328 0.299306 0.160156 0.468056
