0 0.145703 0.359028 0.286719 0.634722
0 0.135547 0.696528 0.264844 0.606944
0 0.839844 0.347917 0.320312 0.645833
0 0.857031 0.687500 0.273438 0.625000
0 0.807422 0.156944 0.316406 0.297222
0 0.156641 0.154167 0.311719 0.302778
2 0.311719 0.472222 0.192188 0.447222
2 0.211719 0.858333 0.321875 0.283333
2 0.622656 0.195139 0.176563 0.381944
1 0.666797 0.606250 0.167969 0.501389
1 0.691797 0.849306 0.124219 0.301389
1 0.376563 0.884028 0.073438 0.231944
1 0.365234 0.629861 0.146094 0.406944
1 0.361719 0.192361 0.098437 0.209722
1 0.637891 0.359722 0.150781 0.358333
