0 0.141016 0.452083 0.277344 0.651389
0 0.131641 0.752778 0.253906 0.494444
0 0.171875 0.207639 0.310937 0.412500
0 0.789844 0.208333 0.245312 0.411111
0 0.834375 0.463889 0.331250 0.638889
0 0.869531 0.740972 0.260937 0.504167
1 0.666406 0.714583 0.162500 0.493056
1 0.707031 0.918056 0.056250 0.163889
1 0.621484 0.420833 0.142969 0.377778
1 0.366797 0.299306 0.102344 0.234722
1 0.354297 0.724306 0.164844 0.487500
1 0.377734 0.929861 0.057031 0.140278
2 0.192969 0.902778 0.298438 0.194444
2 0.313672 0.525694 0.199219 0.506944
2 0.621484 0.247222 0.150781 0.433333
