0 0.149219 0.203472 0.296875 0.401389
0 0.133984 0.449306 0.266406 0.631944
0 0.121094 0.745139 0.234375 0.509722
0 0.766406 0.206250 0.289062 0.398611
0 0.817969 0.443750 0.342187 0.629167
0 0.852734 0.739583 0.292969 0.520833
1 0.668359 0.896528 0.061719 0.206944
1 0.631641 0.703472 0.172656 0.512500
1 0.591406 0.423611 0.165625 0.358333
1 0.339844 0.931944 0.073438 0.136111
1 0.342578 0.698611 0.147656 0.511111
1 0.340625 0.331250 0.103125 0.326389
2 0.233984 0.529861 0.238281 0.506944
2 0.170313 0.898611 0.296875 0.202778
2 0.583203 0.227083 0.153906 0.406944
