0 0.277734 0.322222 0.292969 0.480556
0 0.182422 0.612500 0.347656 0.683333
0 0.866406 0.718750 0.251563 0.562500
0 0.867969 0.472222 0.264062 0.541667
0 0.805078 0.135417 0.194531 0.251389
0 0.395703 0.119444 0.150781 0.236111
0 0.117578 0.261111 0.219531 0.416667
2 0.327344 0.721528 0.210938 0.465278
2 0.700781 0.520139 0.164062 0.445833
1 0.434766 0.834722 0.091406 0.330556
1 0.694531 0.864583 0.075000 0.270833
1 0.687109 0.691667 0.152344 0.391667
1 0.432812 0.562500 0.098437 0.302778
1 0.474609 0.284722 0.074219 0.325000
1 0.502734 0.090278 0.055469 0.147222
1 0.666797 0.256944 0.074219 0.191667
1 0.679297 0.121528 0.044531 0.140278
