0 0.157031 0.331944 0.306250 0.652778
0 0.120313 0.643056 0.218750 0.713889
0 0.218359 0.162500 0.297656 0.322222
0 0.833594 0.270139 0.298438 0.520833
0 0.843359 0.560417 0.311719 0.681944
0 0.851172 0.777778 0.297656 0.444444
2 0.151562 0.829167 0.282813 0.341667
2 0.270703 0.431250 0.221094 0.501389
2 0.671484 0.275694 0.163281 0.476389
1 0.630859 0.752083 0.160156 0.493056
1 0.313281 0.911806 0.060937 0.176389
1 0.313672 0.637500 0.177344 0.477778
1 0.383594 0.297222 0.107813 0.305556
1 0.623828 0.461806 0.141406 0.376389
1 0.664453 0.940278 0.060156 0.119444
