0 0.179688 0.355556 0.351562 0.658333
0 0.157812 0.695139 0.301563 0.609722
0 0.257031 0.168750 0.307812 0.334722
0 0.863281 0.196528 0.257812 0.390278
0 0.872266 0.442361 0.255469 0.668056
0 0.900781 0.727083 0.198437 0.518056
1 0.749219 0.903472 0.051562 0.193056
1 0.722656 0.693056 0.165625 0.505556
1 0.691016 0.397917 0.160156 0.359722
1 0.412891 0.625694 0.182031 0.476389
1 0.419922 0.909028 0.069531 0.181944
1 0.432422 0.252778 0.113281 0.283333
2 0.354687 0.441667 0.223438 0.469444
2 0.252344 0.868056 0.285938 0.263889
2 0.707812 0.217361 0.167187 0.412500
