0 0.149609 0.256250 0.297656 0.506944
0 0.146875 0.563889 0.290625 0.636111
0 0.115625 0.795833 0.223438 0.408333
0 0.760938 0.247917 0.290625 0.493056
0 0.833203 0.527083 0.333594 0.626389
0 0.867969 0.763889 0.264062 0.452778
1 0.335547 0.446528 0.114844 0.306944
1 0.325781 0.785417 0.159375 0.429167
1 0.642969 0.766667 0.142187 0.466667
1 0.601172 0.527083 0.166406 0.365278
1 0.358203 0.154861 0.119531 0.293056
1 0.546875 0.120139 0.089063 0.226389
2 0.604688 0.336111 0.156250 0.450000
2 0.241016 0.645833 0.263281 0.452778
2 0.145703 0.947222 0.222656 0.105556
