0 0.155078 0.294444 0.308594 0.572222
0 0.122266 0.618750 0.241406 0.759722
0 0.215625 0.111111 0.315625 0.216667
0 0.835938 0.190972 0.314063 0.373611
0 0.839844 0.379167 0.320312 0.663889
0 0.855078 0.710417 0.280469 0.579167
1 0.384375 0.194444 0.096875 0.316667
1 0.355078 0.556944 0.164844 0.463889
1 0.326172 0.869444 0.099219 0.261111
1 0.655469 0.862500 0.098437 0.275000
1 0.645703 0.624306 0.167969 0.526389
1 0.637891 0.322222 0.155469 0.388889
2 0.269531 0.344444 0.218750 0.488889
2 0.185547 0.794444 0.275781 0.411111
2 0.658594 0.183333 0.193750 0.358333
