0 0.179688 0.177778 0.335938 0.338889
0 0.154688 0.357639 0.303125 0.670833
0 0.138281 0.695139 0.257812 0.601389
0 0.864844 0.731250 0.265625 0.537500
0 0.846875 0.444444 0.306250 0.663889
0 0.821484 0.205556 0.299219 0.408333
1 0.380078 0.265278 0.064844 0.250000
1 0.355078 0.627778 0.149219 0.480556
1 0.359766 0.912500 0.060156 0.175000
1 0.696875 0.895833 0.078125 0.208333
1 0.664844 0.676389 0.159375 0.486111
1 0.629687 0.389583 0.154688 0.356944
2 0.325000 0.438194 0.242188 0.512500
2 0.186719 0.852083 0.309375 0.295833
2 0.648828 0.209722 0.180469 0.408333
