0 0.133594 0.403472 0.256250 0.668056
0 0.112109 0.714583 0.216406 0.570833
0 0.831641 0.435417 0.314844 0.662500
0 0.863672 0.722222 0.271094 0.555556
0 0.776172 0.206250 0.291406 0.393056
0 0.157812 0.184028 0.310937 0.365278
1 0.341797 0.287500 0.094531 0.255556
1 0.318750 0.661806 0.167187 0.490278
1 0.320703 0.932639 0.072656 0.134722
1 0.666016 0.893750 0.064844 0.212500
1 0.637500 0.697917 0.159375 0.520833
1 0.601953 0.417361 0.163281 0.401389
2 0.613672 0.208333 0.169531 0.408333
2 0.248047 0.486806 0.249219 0.506944
2 0.166406 0.877083 0.267188 0.245833
