0 0.133203 0.429167 0.264844 0.644444
0 0.119922 0.738889 0.233594 0.522222
0 0.154297 0.203472 0.307031 0.404167
0 0.783594 0.210417 0.298438 0.415278
0 0.832812 0.452778 0.325000 0.647222
0 0.864844 0.740972 0.260937 0.518056
1 0.330078 0.718750 0.166406 0.431944
1 0.350781 0.936806 0.062500 0.126389
1 0.357812 0.286111 0.084375 0.213889
1 0.611719 0.409028 0.150000 0.423611
1 0.648438 0.715278 0.160938 0.516667
1 0.688672 0.899306 0.072656 0.201389
2 0.617578 0.230556 0.160156 0.380556
2 0.297266 0.516667 0.208594 0.483333
2 0.178125 0.888194 0.315625 0.223611
