0 0.143359 0.416667 0.282031 0.672222
0 0.119922 0.722917 0.224219 0.554167
0 0.164844 0.202083 0.328125 0.398611
0 0.785937 0.225694 0.287500 0.440278
0 0.835547 0.465278 0.328906 0.647222
0 0.860547 0.745139 0.277344 0.509722
1 0.428125 0.731250 0.151562 0.368056
1 0.344531 0.934722 0.065625 0.130556
1 0.685156 0.911806 0.064062 0.176389
1 0.647656 0.725000 0.159375 0.522222
1 0.614453 0.434028 0.158594 0.323611
1 0.371484 0.314583 0.100781 0.265278
2 0.343750 0.572917 0.225000 0.543056
2 0.176953 0.885417 0.289844 0.229167
2 0.625000 0.254167 0.170313 0.475000
