0 0.148438 0.492361 0.295312 0.656944
0 0.128125 0.763194 0.250000 0.473611
0 0.794141 0.240972 0.269531 0.473611
0 0.845313 0.504167 0.309375 0.650000
0 0.868750 0.754167 0.260937 0.491667
0 0.186719 0.228472 0.282813 0.448611
1 0.361328 0.416667 0.086719 0.336111
1 0.351562 0.699306 0.143750 0.412500
1 0.368750 0.965972 0.051562 0.068056
1 0.663672 0.748611 0.163281 0.502778
1 0.716406 0.930556 0.056250 0.138889
1 0.587891 0.089583 0.074219 0.168056
1 0.632031 0.486111 0.146875 0.313889
2 0.644141 0.309028 0.167969 0.473611
2 0.426953 0.306250 0.182031 0.601389
2 0.213672 0.922917 0.278906 0.154167
