0 0.139063 0.438194 0.276562 0.668056
0 0.127734 0.737500 0.246094 0.525000
0 0.157812 0.206250 0.314063 0.409722
0 0.773047 0.214583 0.277344 0.415278
0 0.834375 0.443056 0.331250 0.627778
0 0.858203 0.737500 0.283594 0.513889
1 0.339453 0.697222 0.186719 0.469444
1 0.355078 0.938889 0.074219 0.122222
1 0.686328 0.897222 0.078906 0.205556
1 0.645703 0.705556 0.166406 0.522222
1 0.613281 0.423611 0.162500 0.366667
1 0.350781 0.285417 0.103125 0.243056
2 0.302344 0.531944 0.204687 0.455556
2 0.173047 0.902778 0.285156 0.194444
2 0.614062 0.226389 0.182812 0.408333
