0 0.144922 0.434028 0.278906 0.651389
0 0.121875 0.744444 0.240625 0.511111
0 0.155078 0.200000 0.303906 0.388889
0 0.768359 0.198611 0.291406 0.375000
0 0.831250 0.404861 0.337500 0.620833
0 0.862500 0.724306 0.260937 0.551389
1 0.649219 0.678472 0.160938 0.487500
1 0.697656 0.886111 0.076563 0.227778
1 0.358203 0.924306 0.061719 0.151389
1 0.348438 0.696528 0.165625 0.443056
1 0.341016 0.263194 0.092969 0.226389
1 0.610938 0.413889 0.154688 0.372222
2 0.301172 0.506250 0.197656 0.504167
2 0.190234 0.900000 0.313281 0.200000
2 0.597656 0.215972 0.148438 0.420833
