0 0.126172 0.346528 0.247656 0.690278
0 0.111719 0.684722 0.220312 0.630556
0 0.153906 0.159028 0.306250 0.315278
0 0.765625 0.192361 0.276562 0.376389
0 0.821094 0.411806 0.357812 0.654167
0 0.839453 0.717361 0.321094 0.562500
1 0.616797 0.656944 0.164844 0.486111
1 0.657813 0.879167 0.092188 0.241667
1 0.596875 0.368750 0.156250 0.390278
1 0.326562 0.281250 0.128125 0.334722
1 0.312500 0.606250 0.148438 0.448611
1 0.308984 0.900694 0.092969 0.198611
2 0.158594 0.848611 0.282813 0.302778
2 0.590625 0.195139 0.179688 0.376389
