0 0.154297 0.418750 0.292969 0.670833
0 0.136328 0.728472 0.257031 0.543056
0 0.208203 0.193056 0.292969 0.383333
0 0.824219 0.222222 0.293750 0.436111
0 0.847656 0.479167 0.304688 0.663889
0 0.875000 0.747222 0.250000 0.488889
2 0.314844 0.506944 0.195312 0.472222
2 0.207031 0.892361 0.279687 0.215278
2 0.643750 0.259028 0.156250 0.451389
1 0.673438 0.727083 0.178125 0.506944
1 0.704688 0.910417 0.056250 0.179167
1 0.374609 0.929861 0.050781 0.140278
1 0.362891 0.702778 0.172656 0.452778
1 0.391406 0.309722 0.098437 0.294444
1 0.634375 0.445139 0.167187 0.348611
