0 0.160156 0.515278 0.309375 0.622222
0 0.141797 0.780556 0.267969 0.438889
0 0.178906 0.225694 0.353125 0.445833
0 0.851562 0.523611 0.296875 0.622222
0 0.883594 0.778472 0.232813 0.429167
0 0.830469 0.252778 0.281250 0.480556
2 0.660547 0.318056 0.155469 0.419444
2 0.311328 0.622222 0.235156 0.475000
1 0.398828 0.400000 0.089844 0.277778
1 0.371484 0.750694 0.174219 0.437500
1 0.688672 0.768750 0.155469 0.462500
1 0.655859 0.504861 0.163281 0.351389
1 0.419141 0.157639 0.108594 0.254167
1 0.608594 0.117361 0.093750 0.209722
