0 0.149219 0.425000 0.290625 0.683333
0 0.119922 0.719444 0.230469 0.561111
0 0.165234 0.195833 0.321094 0.380556
0 0.787500 0.222917 0.292187 0.443056
0 0.833203 0.463889 0.333594 0.661111
0 0.857031 0.744444 0.276562 0.511111
1 0.374219 0.704167 0.181250 0.380556
1 0.339844 0.935417 0.079687 0.129167
1 0.688281 0.916667 0.078125 0.166667
1 0.650000 0.713194 0.160938 0.487500
1 0.617578 0.445139 0.146094 0.362500
1 0.354687 0.354861 0.125000 0.309722
2 0.296094 0.579167 0.296875 0.561111
2 0.620703 0.256944 0.183594 0.466667
2 0.167969 0.888889 0.290625 0.222222
