0 0.160156 0.536806 0.318750 0.662500
0 0.145313 0.775694 0.285938 0.448611
0 0.216797 0.253472 0.289844 0.498611
0 0.860938 0.559028 0.278125 0.637500
0 0.885547 0.786806 0.228906 0.426389
0 0.839844 0.264583 0.298438 0.518056
1 0.704688 0.781250 0.164062 0.418056
1 0.739453 0.963889 0.041406 0.072222
1 0.375781 0.768750 0.137500 0.462500
1 0.393359 0.449306 0.102344 0.334722
1 0.616016 0.122222 0.074219 0.227778
2 0.435547 0.255556 0.166406 0.508333
2 0.660156 0.347917 0.146875 0.443056
2 0.221875 0.946528 0.204687 0.106944
