0 0.194141 0.426389 0.344531 0.619444
0 0.174219 0.734028 0.346875 0.531944
0 0.913672 0.753472 0.169531 0.493056
0 0.890625 0.468750 0.218750 0.670833
0 0.872656 0.223611 0.254688 0.425000
0 0.271875 0.197222 0.292187 0.391667
0 0.108984 0.177083 0.216406 0.331944
2 0.355469 0.515278 0.201563 0.427778
2 0.271094 0.903472 0.284375 0.193056
2 0.716016 0.243056 0.152344 0.444444
1 0.444922 0.675694 0.155469 0.454167
1 0.446484 0.929167 0.060156 0.141667
1 0.785937 0.915972 0.053125 0.168056
1 0.750000 0.722917 0.175000 0.504167
1 0.711719 0.432639 0.192188 0.331944
1 0.455078 0.328472 0.096094 0.301389
