0 0.192578 0.246528 0.282031 0.462500
0 0.158203 0.550694 0.307031 0.604167
0 0.159766 0.807639 0.302344 0.384722
0 0.854297 0.429861 0.291406 0.648611
0 0.898438 0.717361 0.200000 0.565278
0 0.802734 0.202778 0.294531 0.402778
0 0.076563 0.255556 0.148438 0.508333
2 0.292578 0.613194 0.241406 0.437500
2 0.634766 0.252083 0.166406 0.431944
1 0.700391 0.719444 0.164844 0.516667
1 0.747656 0.897917 0.078125 0.204167
1 0.391406 0.947222 0.156250 0.105556
1 0.386328 0.729167 0.174219 0.475000
1 0.380469 0.390278 0.115625 0.305556
1 0.389062 0.126389 0.129688 0.241667
1 0.589453 0.096528 0.105469 0.168056
1 0.642578 0.456250 0.146094 0.329167
