0 0.180859 0.572222 0.352344 0.663889
0 0.153516 0.791667 0.291406 0.416667
0 0.277734 0.266667 0.274219 0.497222
0 0.098828 0.207639 0.188281 0.401389
0 0.863281 0.379861 0.273438 0.531944
0 0.871875 0.679167 0.251563 0.641667
1 0.436719 0.486806 0.081250 0.251389
1 0.403906 0.803472 0.150000 0.387500
1 0.694922 0.827083 0.124219 0.345833
1 0.690625 0.631944 0.157812 0.391667
2 0.698828 0.419444 0.196094 0.436111
2 0.338672 0.682639 0.208594 0.487500
1 0.451172 0.188889 0.100781 0.291667
1 0.659375 0.160417 0.085938 0.198611
