0 0.200781 0.243056 0.270313 0.469444
0 0.164062 0.540278 0.318750 0.591667
0 0.154688 0.804861 0.295312 0.390278
0 0.081641 0.250000 0.160156 0.477778
0 0.810937 0.215278 0.282813 0.408333
0 0.862500 0.438889 0.275000 0.630556
0 0.898047 0.732639 0.199219 0.534722
1 0.388281 0.405556 0.106250 0.308333
1 0.400391 0.742361 0.169531 0.468056
1 0.392188 0.950694 0.151562 0.098611
1 0.755469 0.912500 0.098437 0.175000
1 0.710547 0.727778 0.202344 0.505556
1 0.651172 0.439583 0.163281 0.390278
1 0.398047 0.134722 0.114844 0.252778
1 0.594531 0.095833 0.093750 0.175000
2 0.657031 0.277778 0.182812 0.436111
2 0.320312 0.620139 0.251563 0.495833
