0 0.180469 0.456944 0.350000 0.625000
0 0.166406 0.745833 0.328125 0.508333
0 0.257422 0.205556 0.286719 0.408333
0 0.094922 0.209028 0.185156 0.404167
0 0.858984 0.220833 0.280469 0.416667
0 0.871875 0.468750 0.256250 0.654167
0 0.902344 0.747222 0.190625 0.505556
1 0.774219 0.911806 0.053125 0.176389
1 0.732031 0.720139 0.164062 0.515278
1 0.695703 0.450694 0.163281 0.348611
1 0.435547 0.324306 0.105469 0.251389
1 0.419531 0.689583 0.182812 0.487500
1 0.437109 0.936111 0.047656 0.127778
2 0.268359 0.897222 0.300781 0.205556
2 0.354297 0.531250 0.224219 0.459722
2 0.694922 0.234028 0.167969 0.418056
