0 0.170313 0.533333 0.325000 0.633333
0 0.151562 0.788194 0.301563 0.423611
0 0.082422 0.236111 0.160156 0.466667
0 0.238281 0.268056 0.259375 0.500000
0 0.826562 0.252083 0.270313 0.470833
0 0.862109 0.528472 0.275781 0.629167
0 0.892969 0.779167 0.212500 0.441667
1 0.698828 0.761806 0.157031 0.470833
1 0.392188 0.760417 0.157812 0.479167
1 0.406250 0.400000 0.117188 0.288889
1 0.431641 0.136806 0.100781 0.256944
1 0.625781 0.109028 0.087500 0.190278
2 0.663281 0.318750 0.153125 0.431944
2 0.322656 0.632639 0.232813 0.484722
