0 0.139453 0.420833 0.277344 0.661111
0 0.121875 0.724306 0.237500 0.543056
0 0.159766 0.191667 0.317969 0.363889
0 0.793359 0.220833 0.313281 0.427778
0 0.827734 0.459722 0.330469 0.647222
0 0.861719 0.734722 0.276562 0.505556
1 0.639453 0.719444 0.139844 0.500000
1 0.681641 0.912500 0.061719 0.175000
1 0.608203 0.418750 0.133594 0.368056
1 0.347266 0.331250 0.113281 0.318056
1 0.336328 0.675694 0.146094 0.465278
1 0.334375 0.934722 0.064062 0.130556
2 0.175781 0.889583 0.273438 0.220833
2 0.252734 0.511806 0.217969 0.493056
2 0.615625 0.262500 0.151562 0.466667
