0 0.117188 0.332639 0.232813 0.651389
0 0.104297 0.676389 0.205469 0.647222
0 0.141016 0.156944 0.280469 0.272222
0 0.746484 0.149306 0.305469 0.295833
0 0.807422 0.340278 0.360156 0.644444
0 0.844922 0.674306 0.307031 0.651389
1 0.300000 0.559722 0.145313 0.480556
1 0.320312 0.886806 0.071875 0.226389
1 0.317188 0.237500 0.107813 0.352778
1 0.576953 0.339583 0.144531 0.337500
1 0.601953 0.598611 0.163281 0.488889
1 0.644922 0.838194 0.144531 0.323611
2 0.585547 0.151389 0.185156 0.294444
2 0.157031 0.833333 0.303125 0.333333
