0 0.209766 0.238194 0.275781 0.462500
0 0.161719 0.555556 0.317188 0.613889
0 0.154297 0.800694 0.294531 0.387500
0 0.077344 0.205556 0.148438 0.394444
0 0.812500 0.234722 0.262500 0.452778
0 0.866797 0.509028 0.266406 0.634722
0 0.891016 0.765972 0.211719 0.468056
2 0.306641 0.625000 0.219531 0.436111
2 0.642578 0.308333 0.161719 0.433333
1 0.408594 0.422222 0.109375 0.294444
1 0.398047 0.766667 0.163281 0.438889
1 0.409375 0.957639 0.121875 0.084722
1 0.695312 0.756944 0.173437 0.452778
1 0.742969 0.942361 0.067187 0.115278
1 0.653125 0.515972 0.148438 0.320833
1 0.414062 0.142361 0.120313 0.268056
1 0.605078 0.111111 0.100781 0.197222
