0 0.129688 0.470833 0.256250 0.666667
0 0.115234 0.753472 0.221094 0.493056
0 0.155078 0.222222 0.305469 0.436111
0 0.828125 0.481250 0.331250 0.656944
0 0.861719 0.743750 0.276562 0.512500
0 0.769531 0.228472 0.300000 0.443056
1 0.330078 0.727083 0.150781 0.498611
1 0.332813 0.952778 0.057813 0.094444
1 0.674219 0.918056 0.067187 0.163889
1 0.655859 0.737500 0.171094 0.519444
1 0.602734 0.434028 0.160156 0.376389
1 0.555078 0.080556 0.071094 0.150000
1 0.333594 0.430556 0.089063 0.227778
2 0.412891 0.381250 0.138281 0.740278
2 0.190234 0.900000 0.247656 0.200000
2 0.608203 0.272917 0.180469 0.437500
