0 0.140625 0.404861 0.279687 0.676389
0 0.117969 0.714583 0.232813 0.570833
0 0.170313 0.182639 0.303125 0.362500
0 0.779687 0.212500 0.284375 0.416667
0 0.837109 0.450000 0.325781 0.627778
0 0.853516 0.742361 0.291406 0.515278
1 0.637109 0.701389 0.166406 0.500000
1 0.678906 0.895833 0.065625 0.208333
1 0.605078 0.417361 0.146094 0.337500
1 0.360156 0.304861 0.106250 0.301389
1 0.332813 0.695139 0.157812 0.445833
1 0.350000 0.920139 0.064062 0.159722
2 0.177344 0.881944 0.301563 0.236111
2 0.283984 0.477778 0.185156 0.525000
2 0.613281 0.223611 0.154688 0.422222
