0 0.155078 0.221528 0.308594 0.431944
0 0.146484 0.495139 0.291406 0.606944
0 0.148047 0.772917 0.291406 0.454167
0 0.882422 0.645139 0.233594 0.709722
0 0.836328 0.331250 0.327344 0.631944
0 0.766797 0.159028 0.271094 0.315278
2 0.305469 0.540972 0.181250 0.479167
2 0.603125 0.174306 0.175000 0.331944
1 0.681641 0.618056 0.150781 0.500000
1 0.754297 0.845833 0.146094 0.308333
1 0.374219 0.910417 0.160938 0.179167
1 0.379297 0.661111 0.182031 0.452778
1 0.364063 0.322222 0.123438 0.322222
1 0.362500 0.093056 0.118750 0.183333
