0 0.226953 0.466667 0.355469 0.605556
0 0.192578 0.761806 0.377344 0.476389
0 0.296484 0.220139 0.282031 0.426389
0 0.116406 0.240972 0.223438 0.465278
0 0.891797 0.186806 0.216406 0.351389
0 0.909766 0.400000 0.177344 0.694444
0 0.942187 0.712500 0.114062 0.575000
2 0.846484 0.587500 0.261719 0.702778
2 0.747656 0.218750 0.176563 0.426389
2 0.336719 0.964583 0.265625 0.070833
1 0.475781 0.661806 0.131250 0.420833
1 0.482812 0.909722 0.146875 0.180556
1 0.494141 0.398611 0.113281 0.430556
1 0.503516 0.099306 0.114844 0.195833
1 0.782031 0.690278 0.223438 0.533333
1 0.864453 0.899306 0.111719 0.201389
