0 0.233203 0.473611 0.363281 0.627778
0 0.203906 0.757639 0.389062 0.484722
0 0.107813 0.243750 0.214062 0.476389
0 0.294922 0.231250 0.285156 0.456944
0 0.090625 0.491667 0.179688 0.630556
0 0.887891 0.187500 0.224219 0.369444
0 0.906641 0.397917 0.186719 0.679167
0 0.938281 0.710417 0.120313 0.579167
1 0.469141 0.671528 0.130469 0.437500
1 0.468359 0.908333 0.163281 0.172222
1 0.489844 0.390278 0.100000 0.422222
1 0.499609 0.100000 0.088281 0.197222
1 0.773828 0.690972 0.191406 0.518056
1 0.862109 0.904167 0.111719 0.191667
1 0.722656 0.357639 0.115625 0.293056
2 0.747266 0.205556 0.158594 0.405556
2 0.841406 0.522917 0.248438 0.540278
2 0.332422 0.967361 0.263281 0.065278
