0 0.167578 0.546528 0.332031 0.645833
0 0.145313 0.793750 0.284375 0.412500
0 0.216406 0.260417 0.300000 0.509722
0 0.853125 0.272222 0.290625 0.516667
0 0.866016 0.575694 0.267969 0.668056
0 0.891797 0.795139 0.216406 0.406944
2 0.463281 0.259028 0.150000 0.512500
2 0.667188 0.356250 0.150000 0.431944
1 0.393359 0.759722 0.113281 0.433333
1 0.697656 0.784028 0.153125 0.426389
1 0.672266 0.524306 0.155469 0.384722
1 0.416406 0.513889 0.096875 0.438889
1 0.635547 0.125694 0.094531 0.243056
1 0.376953 0.969444 0.139844 0.055556
1 0.734766 0.960417 0.058594 0.079167
0 0.094141 0.245833 0.186719 0.488889
