0 0.093359 0.252778 0.175781 0.480556
0 0.239453 0.261806 0.269531 0.506944
0 0.185547 0.550000 0.347656 0.602778
0 0.168750 0.798611 0.326562 0.402778
0 0.849609 0.243056 0.266406 0.461111
0 0.879687 0.493056 0.240625 0.658333
0 0.910937 0.760417 0.171875 0.479167
1 0.403516 0.951389 0.157031 0.097222
1 0.773828 0.928472 0.058594 0.143056
1 0.732812 0.754167 0.167187 0.469444
1 0.418750 0.757639 0.181250 0.484722
1 0.428516 0.428472 0.121094 0.326389
1 0.685156 0.479167 0.164062 0.366667
1 0.650000 0.125694 0.110937 0.229167
1 0.442578 0.143056 0.110156 0.283333
2 0.345313 0.619444 0.234375 0.425000
2 0.682031 0.290278 0.146875 0.411111
