0 0.085547 0.279861 0.161719 0.504167
0 0.232813 0.286111 0.262500 0.505556
0 0.168750 0.588194 0.315625 0.634722
0 0.152734 0.806250 0.299219 0.387500
0 0.848047 0.306250 0.285156 0.515278
0 0.870703 0.604167 0.258594 0.658333
0 0.896484 0.810417 0.207031 0.362500
1 0.442578 0.176389 0.097656 0.316667
1 0.417969 0.477083 0.109375 0.306944
1 0.398828 0.792361 0.146094 0.415278
1 0.708203 0.796528 0.163281 0.406944
1 0.673047 0.567361 0.158594 0.373611
1 0.636719 0.155556 0.103125 0.272222
2 0.326172 0.687500 0.224219 0.486111
2 0.672656 0.390972 0.157812 0.448611
