0 0.257031 0.456250 0.270313 0.468056
0 0.194922 0.723611 0.374219 0.552778
0 0.109766 0.468056 0.217969 0.486111
0 0.178906 0.131944 0.178125 0.247222
0 0.340625 0.163889 0.185938 0.308333
0 0.862500 0.409028 0.275000 0.506944
0 0.886719 0.688194 0.226562 0.615278
0 0.778906 0.142361 0.203125 0.273611
1 0.464453 0.336806 0.094531 0.304167
1 0.654297 0.286111 0.096094 0.263889
1 0.475781 0.163889 0.065625 0.166667
1 0.648047 0.136806 0.064844 0.176389
1 0.446094 0.600694 0.093750 0.284722
1 0.707031 0.701389 0.167187 0.386111
1 0.764453 0.863889 0.122656 0.272222
1 0.449219 0.865972 0.101562 0.268056
2 0.358203 0.800000 0.214844 0.400000
2 0.702344 0.502083 0.160938 0.406944
