0 0.176172 0.507639 0.342969 0.681944
0 0.150781 0.757639 0.290625 0.484722
0 0.260547 0.239583 0.266406 0.476389
0 0.101953 0.234722 0.202344 0.452778
0 0.878125 0.622222 0.243750 0.680556
0 0.864453 0.312500 0.271094 0.561111
0 0.894531 0.818056 0.210938 0.361111
1 0.702734 0.790278 0.149219 0.419444
1 0.361719 0.950694 0.153125 0.098611
1 0.404687 0.763889 0.160938 0.461111
1 0.430078 0.436806 0.107031 0.318056
1 0.689063 0.559722 0.154688 0.405556
1 0.469922 0.153472 0.097656 0.290278
1 0.669922 0.143056 0.097656 0.269444
2 0.695703 0.370833 0.172656 0.438889
2 0.344922 0.624306 0.202344 0.501389
