0 0.185547 0.227778 0.292969 0.447222
0 0.155469 0.480556 0.307812 0.611111
0 0.149609 0.772222 0.278906 0.455556
0 0.889844 0.679167 0.220312 0.636111
0 0.852734 0.363194 0.294531 0.673611
0 0.789062 0.169444 0.270313 0.336111
2 0.297656 0.575000 0.218750 0.502778
2 0.628125 0.212500 0.153125 0.408333
1 0.697266 0.668750 0.155469 0.506944
1 0.747266 0.874306 0.060156 0.251389
1 0.378906 0.913889 0.154688 0.172222
1 0.391797 0.677083 0.171094 0.484722
1 0.386328 0.397222 0.114844 0.433333
1 0.390625 0.104861 0.112500 0.206944
