0 0.241797 0.473611 0.371094 0.622222
0 0.200391 0.756944 0.386719 0.486111
0 0.093359 0.465972 0.180469 0.579167
0 0.108203 0.227083 0.211719 0.451389
0 0.301172 0.214583 0.275781 0.423611
0 0.890234 0.184028 0.219531 0.359722
0 0.919531 0.402778 0.157812 0.697222
0 0.945703 0.704861 0.105469 0.590278
2 0.347656 0.965972 0.273438 0.068056
2 0.851953 0.532639 0.236719 0.595833
2 0.746484 0.220139 0.158594 0.426389
1 0.475000 0.660417 0.131250 0.451389
1 0.471094 0.914583 0.151562 0.170833
1 0.858594 0.902778 0.125000 0.194444
1 0.782031 0.686111 0.226562 0.516667
1 0.492969 0.388889 0.117188 0.416667
1 0.507812 0.101389 0.112500 0.200000
1 0.729688 0.369444 0.140625 0.319444
