0 0.165625 0.311111 0.298438 0.516667
0 0.150781 0.627083 0.292187 0.604167
0 0.148438 0.819444 0.295312 0.344444
0 0.755078 0.181944 0.271094 0.355556
0 0.839063 0.399306 0.315625 0.673611
0 0.885156 0.687500 0.229687 0.613889
1 0.682422 0.717361 0.153906 0.512500
1 0.760547 0.897917 0.102344 0.204167
1 0.616016 0.459722 0.169531 0.363889
1 0.552734 0.093750 0.088281 0.176389
1 0.358594 0.141667 0.118750 0.280556
1 0.365234 0.440278 0.125781 0.325000
1 0.383203 0.773611 0.174219 0.452778
1 0.384375 0.965972 0.159375 0.068056
2 0.312109 0.679861 0.219531 0.506944
2 0.603125 0.265972 0.170313 0.423611
