0 0.153125 0.354861 0.303125 0.504167
0 0.156641 0.679167 0.305469 0.641667
0 0.826562 0.361806 0.346875 0.698611
0 0.882031 0.641667 0.235937 0.711111
0 0.734766 0.179861 0.308594 0.356944
0 0.168359 0.090278 0.253906 0.177778
1 0.342969 0.170139 0.118750 0.309722
1 0.361328 0.521528 0.130469 0.412500
1 0.382422 0.794444 0.132031 0.411111
1 0.693750 0.709028 0.160938 0.512500
1 0.785937 0.883333 0.109375 0.233333
1 0.610938 0.463889 0.171875 0.358333
1 0.526953 0.092361 0.105469 0.181944
2 0.585938 0.265278 0.193750 0.427778
