0 0.187891 0.438194 0.374219 0.626389
0 0.172266 0.738194 0.338281 0.523611
0 0.207422 0.207639 0.408594 0.409722
0 0.871875 0.221528 0.254688 0.423611
0 0.886719 0.459722 0.226562 0.672222
0 0.915234 0.745139 0.164844 0.509722
1 0.739844 0.723611 0.165625 0.511111
1 0.711719 0.431250 0.151562 0.384722
1 0.439453 0.696528 0.160156 0.487500
1 0.416406 0.914583 0.151562 0.170833
1 0.782031 0.910417 0.064062 0.179167
2 0.706641 0.250694 0.160156 0.462500
2 0.358594 0.539583 0.223438 0.459722
2 0.268359 0.957639 0.319531 0.084722
1 0.451172 0.336806 0.119531 0.301389
1 0.466797 0.105556 0.108594 0.208333
1 0.675391 0.075694 0.097656 0.143056
