0 0.160938 0.422917 0.306250 0.581944
0 0.151562 0.747917 0.292187 0.504167
0 0.886328 0.652083 0.227344 0.695833
0 0.851562 0.318750 0.296875 0.629167
0 0.792188 0.136111 0.281250 0.266667
0 0.164062 0.191667 0.326562 0.375000
2 0.330859 0.495139 0.189844 0.512500
2 0.247266 0.950694 0.299219 0.098611
1 0.759766 0.835417 0.160156 0.329167
1 0.693750 0.590972 0.160938 0.523611
1 0.641406 0.327083 0.168750 0.365278
2 0.613281 0.159722 0.176563 0.313889
1 0.411328 0.631250 0.178906 0.493056
1 0.402344 0.884028 0.148438 0.231944
1 0.366797 0.240278 0.089844 0.244444
1 0.378125 0.063194 0.110937 0.123611
