0 0.100000 0.459028 0.193750 0.587500
0 0.209375 0.750000 0.407813 0.500000
0 0.259375 0.441667 0.354687 0.636111
0 0.335547 0.201389 0.271094 0.400000
0 0.121484 0.215278 0.232031 0.427778
1 0.516016 0.369444 0.117969 0.422222
1 0.494531 0.644444 0.129688 0.422222
1 0.497266 0.901389 0.149219 0.197222
1 0.884375 0.900000 0.112500 0.200000
1 0.808594 0.682639 0.218750 0.501389
1 0.769141 0.346528 0.141406 0.306944
1 0.536719 0.089583 0.107813 0.176389
2 0.779687 0.207639 0.175000 0.398611
2 0.877344 0.545139 0.245312 0.604167
2 0.374219 0.943750 0.242188 0.112500
0 0.928516 0.405556 0.125781 0.691667
0 0.953125 0.712500 0.090625 0.575000
0 0.906641 0.163889 0.186719 0.311111
