0 0.213672 0.734722 0.414844 0.530556
0 0.269922 0.443056 0.339844 0.633333
0 0.094922 0.438889 0.183594 0.608333
0 0.115625 0.220139 0.214062 0.437500
0 0.344141 0.218056 0.289844 0.433333
1 0.522266 0.383333 0.103906 0.419444
1 0.500000 0.651389 0.125000 0.419444
1 0.497656 0.900694 0.140625 0.198611
1 0.797656 0.703472 0.217188 0.529167
1 0.887500 0.918750 0.112500 0.162500
1 0.778516 0.357639 0.139844 0.268056
2 0.783984 0.225694 0.164844 0.443056
2 0.873828 0.573611 0.252344 0.600000
2 0.361328 0.952778 0.233594 0.094444
1 0.544141 0.093750 0.124219 0.184722
