0 0.175000 0.440278 0.334375 0.647222
0 0.156250 0.736806 0.309375 0.526389
0 0.228516 0.204861 0.294531 0.406944
0 0.866797 0.480556 0.266406 0.675000
0 0.891797 0.756944 0.214844 0.486111
0 0.858203 0.220833 0.283594 0.438889
2 0.679297 0.260417 0.157031 0.443056
2 0.335156 0.553472 0.221875 0.501389
2 0.235547 0.954167 0.282031 0.091667
1 0.406641 0.683333 0.169531 0.463889
1 0.382422 0.916667 0.139844 0.166667
1 0.710547 0.721528 0.164844 0.518056
1 0.751563 0.919444 0.079687 0.161111
1 0.675000 0.437500 0.150000 0.363889
1 0.428906 0.343056 0.103125 0.319444
1 0.444141 0.099306 0.121094 0.195833
1 0.655859 0.079861 0.082031 0.154167
