0 0.150391 0.313889 0.292969 0.497222
0 0.146094 0.610417 0.278125 0.612500
0 0.132031 0.825694 0.253125 0.348611
0 0.866797 0.722917 0.266406 0.548611
0 0.829297 0.451389 0.341406 0.641667
0 0.754297 0.218750 0.288281 0.434722
1 0.345313 0.456250 0.115625 0.326389
1 0.359375 0.786806 0.164062 0.412500
1 0.655078 0.754167 0.157031 0.491667
1 0.700000 0.919444 0.064062 0.161111
1 0.600000 0.480556 0.168750 0.375000
2 0.587109 0.293056 0.157031 0.411111
2 0.283594 0.677083 0.221875 0.481944
1 0.540625 0.115972 0.090625 0.212500
1 0.340625 0.150000 0.114062 0.297222
