0 0.151172 0.495833 0.291406 0.608333
0 0.144531 0.779861 0.287500 0.440278
0 0.834766 0.326389 0.330469 0.636111
0 0.884375 0.647222 0.231250 0.677778
0 0.777344 0.161806 0.304688 0.320833
0 0.164062 0.235417 0.317188 0.468056
2 0.310937 0.544444 0.218750 0.486111
1 0.375781 0.911111 0.165625 0.177778
1 0.380469 0.670833 0.165625 0.455556
1 0.369141 0.338889 0.117969 0.347222
1 0.366797 0.095139 0.121094 0.179167
2 0.601172 0.200000 0.163281 0.383333
1 0.685937 0.625694 0.162500 0.506944
1 0.741016 0.854167 0.111719 0.291667
