0 0.249219 0.253472 0.301563 0.490278
0 0.186328 0.554861 0.371094 0.615278
0 0.178906 0.806944 0.351562 0.386111
0 0.094922 0.263194 0.180469 0.509722
0 0.887500 0.413889 0.225000 0.686111
0 0.926562 0.706944 0.146875 0.575000
0 0.858984 0.197917 0.263281 0.393056
2 0.694531 0.250000 0.167187 0.436111
1 0.764453 0.730556 0.163281 0.525000
1 0.808984 0.913889 0.047656 0.172222
1 0.444141 0.936806 0.155469 0.126389
1 0.448437 0.720139 0.117188 0.426389
1 0.454297 0.462500 0.117969 0.436111
1 0.710156 0.436806 0.164062 0.390278
1 0.457813 0.137500 0.114062 0.230556
