0 0.220312 0.253472 0.289062 0.487500
0 0.176172 0.554861 0.335156 0.618056
0 0.165234 0.795139 0.317969 0.409722
0 0.867969 0.538889 0.264062 0.652778
0 0.898047 0.780556 0.203906 0.430556
0 0.851953 0.256250 0.289844 0.493056
0 0.086328 0.256250 0.171094 0.498611
1 0.421484 0.435417 0.108594 0.326389
1 0.411719 0.773611 0.160938 0.450000
1 0.716406 0.768750 0.164062 0.462500
1 0.758984 0.944444 0.060156 0.111111
1 0.671484 0.511111 0.158594 0.352778
1 0.632812 0.131250 0.112500 0.229167
1 0.441406 0.147917 0.107813 0.287500
2 0.336328 0.638889 0.236719 0.461111
2 0.675781 0.328472 0.151562 0.434722
