0 0.243359 0.526389 0.352344 0.630556
0 0.198828 0.776389 0.385156 0.447222
0 0.108203 0.525000 0.207031 0.594444
0 0.130859 0.240278 0.249219 0.477778
0 0.319531 0.237500 0.284375 0.472222
0 0.901563 0.515972 0.195312 0.704167
0 0.901172 0.245833 0.196094 0.475000
0 0.945703 0.768750 0.108594 0.459722
2 0.794141 0.592361 0.325781 0.815278
2 0.769531 0.214583 0.164062 0.304167
1 0.484375 0.730556 0.118750 0.425000
1 0.476953 0.951389 0.144531 0.097222
1 0.514453 0.472222 0.102344 0.422222
1 0.535156 0.138194 0.100000 0.268056
1 0.739844 0.093750 0.078125 0.165278
1 0.690625 0.787500 0.118750 0.425000
