0 0.236719 0.218750 0.295312 0.429167
0 0.175391 0.477083 0.341406 0.606944
0 0.165625 0.759722 0.321875 0.480556
0 0.905469 0.740278 0.175000 0.519444
0 0.883594 0.456250 0.232813 0.676389
0 0.864453 0.210417 0.271094 0.401389
1 0.733984 0.713194 0.155469 0.506944
1 0.778516 0.910417 0.055469 0.179167
1 0.690234 0.424306 0.150781 0.387500
1 0.427344 0.711111 0.151562 0.466667
1 0.408203 0.925694 0.144531 0.148611
1 0.442188 0.351389 0.100000 0.327778
1 0.452344 0.103472 0.109375 0.195833
2 0.689453 0.231250 0.157031 0.423611
2 0.373437 0.566667 0.196875 0.500000
