0 0.259375 0.379167 0.345313 0.647222
0 0.200000 0.705556 0.390625 0.588889
0 0.127734 0.348611 0.244531 0.627778
0 0.954688 0.700000 0.085938 0.600000
0 0.930469 0.368750 0.134375 0.712500
0 0.913672 0.172917 0.172656 0.331944
1 0.826562 0.634722 0.168750 0.516667
1 0.879297 0.873611 0.119531 0.252778
1 0.483594 0.878472 0.153125 0.243056
1 0.497266 0.574306 0.124219 0.423611
1 0.519141 0.320139 0.097656 0.445833
1 0.790234 0.345833 0.158594 0.386111
2 0.357812 0.920139 0.271875 0.159722
2 0.794922 0.186806 0.172656 0.368056
