0 0.229687 0.536111 0.342187 0.630556
0 0.186328 0.779167 0.361719 0.441667
0 0.086328 0.534028 0.169531 0.601389
0 0.116797 0.245139 0.222656 0.476389
0 0.312109 0.243056 0.274219 0.475000
0 0.905859 0.526389 0.188281 0.697222
0 0.932031 0.769444 0.132812 0.461111
0 0.889062 0.244444 0.221875 0.483333
1 0.785156 0.760417 0.165625 0.462500
1 0.829688 0.944444 0.050000 0.111111
1 0.441797 0.949306 0.138281 0.101389
1 0.459375 0.715278 0.117188 0.422222
1 0.480078 0.484028 0.107031 0.429167
1 0.509375 0.148611 0.104688 0.269444
1 0.711719 0.102083 0.085938 0.195833
2 0.750391 0.310417 0.161719 0.456944
1 0.753125 0.502778 0.168750 0.386111
