0 0.115234 0.205556 0.228906 0.394444
0 0.093750 0.430556 0.171875 0.594444
0 0.202344 0.738889 0.401562 0.522222
0 0.244141 0.413889 0.358594 0.636111
0 0.320312 0.181944 0.287500 0.361111
1 0.500781 0.355556 0.115625 0.422222
1 0.487500 0.618750 0.129688 0.415278
1 0.489844 0.888194 0.148438 0.223611
1 0.879297 0.888194 0.111719 0.223611
1 0.785937 0.645139 0.221875 0.512500
1 0.746094 0.310417 0.112500 0.309722
1 0.521875 0.078472 0.106250 0.154167
2 0.375781 0.944444 0.250000 0.111111
2 0.876172 0.523611 0.247656 0.616667
2 0.770312 0.189583 0.178125 0.376389
0 0.928516 0.350694 0.142969 0.698611
0 0.947656 0.680556 0.104688 0.613889
