0 0.226172 0.354167 0.371094 0.650000
0 0.185938 0.693056 0.360938 0.613889
0 0.920703 0.724306 0.158594 0.545833
0 0.898438 0.413889 0.203125 0.688889
0 0.889844 0.203472 0.220312 0.393056
0 0.297266 0.175694 0.307031 0.348611
2 0.385156 0.454167 0.204687 0.477778
2 0.300781 0.913194 0.267188 0.173611
2 0.742969 0.190972 0.167187 0.373611
1 0.458984 0.609028 0.160156 0.456944
1 0.460547 0.883333 0.083594 0.233333
1 0.768359 0.661806 0.169531 0.509722
1 0.786719 0.888889 0.065625 0.222222
1 0.734375 0.368056 0.162500 0.375000
1 0.478125 0.266667 0.110937 0.308333
