0 0.178906 0.234722 0.290625 0.452778
0 0.155859 0.536111 0.297656 0.605556
0 0.154688 0.796528 0.298438 0.406944
0 0.787109 0.183333 0.271094 0.350000
0 0.851172 0.411806 0.297656 0.623611
0 0.892969 0.695833 0.214062 0.575000
1 0.372656 0.372917 0.104688 0.265278
1 0.387109 0.712500 0.171094 0.452778
1 0.385547 0.939583 0.158594 0.120833
1 0.744141 0.892361 0.066406 0.215278
1 0.694531 0.700694 0.179688 0.518056
1 0.649609 0.441667 0.161719 0.330556
1 0.588281 0.092361 0.120313 0.173611
1 0.384375 0.129167 0.134375 0.250000
2 0.296094 0.597222 0.239063 0.444444
2 0.627734 0.250000 0.164844 0.444444
