0 0.271875 0.417361 0.345313 0.626389
0 0.209375 0.721528 0.410938 0.556944
0 0.105859 0.415278 0.200781 0.613889
0 0.346875 0.195139 0.270313 0.387500
0 0.135937 0.209722 0.270313 0.408333
0 0.921094 0.211806 0.157812 0.401389
0 0.933594 0.443056 0.126562 0.705556
0 0.957812 0.740972 0.079687 0.518056
2 0.358594 0.940972 0.254688 0.118056
2 0.885547 0.610417 0.228906 0.668056
2 0.812109 0.215278 0.185156 0.416667
1 0.509766 0.638889 0.121094 0.416667
1 0.508984 0.904861 0.133594 0.190278
1 0.535937 0.384028 0.101562 0.445833
1 0.803125 0.703472 0.206250 0.526389
1 0.872266 0.919444 0.102344 0.161111
1 0.786719 0.377083 0.129688 0.273611
1 0.560937 0.093750 0.098437 0.184722
1 0.050391 0.315278 0.099219 0.238889
