0 0.228125 0.520833 0.351562 0.616667
0 0.194531 0.781944 0.379688 0.436111
0 0.086328 0.530556 0.164844 0.608333
0 0.114453 0.241667 0.222656 0.480556
0 0.301172 0.240278 0.260156 0.477778
0 0.905078 0.500000 0.189844 0.702778
0 0.935937 0.755556 0.126562 0.488889
0 0.892578 0.229167 0.214844 0.444444
2 0.733984 0.216667 0.132031 0.319444
2 0.725781 0.592361 0.318750 0.815278
1 0.447266 0.945139 0.146094 0.109722
1 0.471875 0.721528 0.121875 0.434722
1 0.491797 0.464583 0.100781 0.434722
1 0.507812 0.129861 0.103125 0.251389
1 0.716406 0.080556 0.090625 0.158333
