0 0.078906 0.236806 0.151562 0.468056
0 0.167578 0.518750 0.317969 0.631944
0 0.156641 0.777083 0.296094 0.443056
0 0.222656 0.241667 0.285938 0.475000
0 0.832422 0.240972 0.302344 0.459722
0 0.864844 0.498611 0.270313 0.650000
0 0.896875 0.759722 0.206250 0.472222
2 0.326172 0.615278 0.227344 0.477778
2 0.676172 0.302778 0.171094 0.450000
1 0.408594 0.384722 0.125000 0.297222
1 0.398438 0.737500 0.192188 0.461111
1 0.381250 0.944444 0.168750 0.111111
1 0.716016 0.754861 0.188281 0.490278
1 0.766016 0.929167 0.086719 0.141667
1 0.646094 0.108333 0.137500 0.200000
1 0.434375 0.129861 0.120313 0.234722
