0 0.162891 0.551389 0.302344 0.583333
0 0.147656 0.809722 0.287500 0.380556
0 0.169141 0.229861 0.307031 0.451389
0 0.784766 0.197222 0.291406 0.377778
0 0.849609 0.399306 0.300781 0.631944
0 0.891406 0.697222 0.217188 0.602778
1 0.379688 0.731944 0.175000 0.477778
1 0.382812 0.950000 0.162500 0.100000
1 0.745703 0.900000 0.085156 0.200000
1 0.690625 0.717361 0.182812 0.529167
1 0.622656 0.411806 0.175000 0.304167
1 0.571875 0.088194 0.085938 0.156944
1 0.372656 0.138194 0.128125 0.251389
1 0.368750 0.369444 0.109375 0.275000
2 0.302344 0.630556 0.251563 0.491667
2 0.611719 0.237500 0.193750 0.455556
