0 0.251953 0.345139 0.369531 0.687500
0 0.182812 0.643750 0.353125 0.712500
0 0.904687 0.632639 0.185938 0.734722
0 0.905078 0.306250 0.189844 0.601389
0 0.360156 0.177778 0.271875 0.350000
2 0.422656 0.492361 0.178125 0.490278
2 0.780859 0.336111 0.161719 0.455556
2 0.250781 0.897917 0.284375 0.204167
1 0.399219 0.902778 0.150000 0.194444
1 0.441016 0.672917 0.138281 0.479167
1 0.501953 0.338889 0.091406 0.338889
1 0.742578 0.521528 0.142969 0.379167
1 0.729688 0.775694 0.157812 0.448611
1 0.541797 0.104861 0.102344 0.206944
1 0.758984 0.107639 0.094531 0.201389
