0 0.189453 0.500694 0.375781 0.604167
0 0.182422 0.777778 0.352344 0.444444
0 0.096875 0.239583 0.179688 0.470833
0 0.244531 0.232639 0.314063 0.462500
0 0.861719 0.191667 0.268750 0.380556
0 0.883594 0.411806 0.231250 0.681944
0 0.920703 0.714583 0.158594 0.570833
1 0.822266 0.900000 0.091406 0.200000
1 0.763281 0.706944 0.168750 0.513889
1 0.711328 0.418750 0.171094 0.384722
1 0.432031 0.686111 0.129688 0.427778
1 0.436719 0.930556 0.148438 0.138889
1 0.450781 0.420139 0.107813 0.434722
1 0.457422 0.104167 0.097656 0.205556
2 0.701172 0.200000 0.167969 0.383333
