0 0.159766 0.485417 0.311719 0.595833
0 0.156250 0.775694 0.290625 0.448611
0 0.161328 0.220139 0.321094 0.418056
0 0.785937 0.160417 0.290625 0.318056
0 0.837500 0.339583 0.325000 0.623611
0 0.883594 0.665972 0.232813 0.662500
1 0.761328 0.861111 0.124219 0.277778
1 0.682422 0.639583 0.149219 0.512500
1 0.380859 0.901389 0.147656 0.197222
1 0.385937 0.660417 0.164062 0.451389
1 0.375781 0.340278 0.117188 0.350000
1 0.630469 0.358333 0.170313 0.386111
2 0.612109 0.185417 0.174219 0.356944
2 0.315625 0.538889 0.189062 0.505556
1 0.377734 0.094444 0.127344 0.186111
