0 0.175391 0.530556 0.332031 0.633333
0 0.155469 0.785417 0.298438 0.429167
0 0.090625 0.248611 0.165625 0.480556
0 0.237109 0.250694 0.296094 0.484722
0 0.875391 0.546528 0.249219 0.656944
0 0.898047 0.784028 0.200781 0.431944
0 0.849609 0.259722 0.300781 0.500000
1 0.711719 0.775000 0.170313 0.450000
1 0.763281 0.951389 0.064062 0.097222
1 0.384375 0.959722 0.148438 0.080556
1 0.411328 0.755556 0.158594 0.466667
1 0.423047 0.420833 0.108594 0.313889
1 0.681641 0.514583 0.163281 0.395833
1 0.445703 0.146528 0.116406 0.270833
1 0.635156 0.115972 0.106250 0.215278
2 0.327734 0.629167 0.217969 0.486111
2 0.687891 0.338194 0.172656 0.454167
