0 0.227344 0.220139 0.295312 0.426389
0 0.169531 0.470833 0.328125 0.655556
0 0.153906 0.749306 0.285938 0.501389
0 0.893750 0.739583 0.212500 0.506944
0 0.863672 0.467361 0.272656 0.670833
0 0.851562 0.216667 0.296875 0.419444
1 0.701953 0.718056 0.142969 0.497222
1 0.751563 0.904167 0.068750 0.191667
1 0.667188 0.424306 0.139063 0.373611
1 0.447266 0.730556 0.202344 0.525000
1 0.416016 0.324306 0.107031 0.279167
1 0.432422 0.106944 0.094531 0.211111
2 0.378125 0.608333 0.259375 0.544444
2 0.263672 0.968056 0.271094 0.061111
2 0.662500 0.259722 0.165625 0.450000
