0 0.197266 0.435417 0.341406 0.645833
0 0.172266 0.730556 0.342969 0.538889
0 0.909375 0.750000 0.175000 0.500000
0 0.891016 0.477083 0.217969 0.673611
0 0.870313 0.220833 0.259375 0.430556
0 0.280469 0.209028 0.264062 0.415278
0 0.116797 0.210417 0.228906 0.418056
2 0.399609 0.536806 0.167969 0.481944
2 0.285938 0.961111 0.289062 0.077778
2 0.713281 0.256250 0.150000 0.462500
1 0.748828 0.720833 0.161719 0.500000
1 0.784375 0.913889 0.059375 0.172222
1 0.441797 0.685417 0.150781 0.479167
1 0.458203 0.921528 0.077344 0.156944
1 0.463281 0.336806 0.101562 0.323611
1 0.717187 0.423611 0.150000 0.419444
1 0.480078 0.097917 0.107031 0.193056
