0 0.158594 0.477778 0.314063 0.630556
0 0.153516 0.757639 0.291406 0.484722
0 0.219922 0.219444 0.289844 0.433333
0 0.839844 0.215278 0.287500 0.416667
0 0.867578 0.448611 0.264844 0.655556
0 0.898047 0.737500 0.203906 0.502778
1 0.708203 0.728472 0.172656 0.512500
1 0.766406 0.913194 0.085938 0.173611
1 0.387500 0.929167 0.159375 0.141667
1 0.401953 0.704861 0.163281 0.484722
1 0.407422 0.370139 0.119531 0.320833
1 0.666016 0.445139 0.149219 0.384722
1 0.415625 0.115972 0.109375 0.201389
1 0.629297 0.078472 0.099219 0.151389
2 0.672266 0.252083 0.163281 0.443056
2 0.325391 0.578472 0.227344 0.484722
