0 0.203906 0.778472 0.406250 0.443056
0 0.256250 0.507639 0.350000 0.604167
0 0.313281 0.218056 0.284375 0.430556
0 0.114844 0.242361 0.221875 0.468056
0 0.099219 0.523611 0.184375 0.583333
0 0.930859 0.422222 0.138281 0.716667
0 0.962109 0.718056 0.075781 0.555556
0 0.901563 0.199306 0.196875 0.376389
1 0.505078 0.693750 0.132031 0.426389
1 0.501172 0.924306 0.147656 0.140278
1 0.517969 0.429861 0.109375 0.426389
1 0.531641 0.123611 0.091406 0.216667
1 0.044531 0.130556 0.087500 0.222222
2 0.762891 0.199306 0.182031 0.384722
2 0.876172 0.497917 0.247656 0.568056
1 0.793750 0.715972 0.217188 0.518056
1 0.891016 0.913194 0.094531 0.173611
