0 0.240234 0.496528 0.349219 0.573611
0 0.200000 0.781250 0.384375 0.437500
0 0.112109 0.236111 0.216406 0.469444
0 0.291797 0.227083 0.283594 0.440278
0 0.086328 0.522222 0.164844 0.580556
0 0.950781 0.705556 0.098437 0.572222
0 0.914453 0.415972 0.169531 0.715278
0 0.892188 0.193750 0.215625 0.379167
1 0.491016 0.694444 0.130469 0.430556
1 0.489453 0.934722 0.142969 0.130556
1 0.495703 0.424306 0.114844 0.429167
1 0.506641 0.117361 0.107031 0.231944
1 0.734375 0.381250 0.125000 0.276389
1 0.782422 0.714583 0.222656 0.512500
1 0.872266 0.915972 0.102344 0.168056
2 0.857031 0.534028 0.260937 0.529167
2 0.755859 0.218056 0.177344 0.419444
