0 0.200391 0.765278 0.380469 0.469444
0 0.247266 0.474306 0.339844 0.598611
0 0.308203 0.208333 0.264844 0.411111
0 0.106641 0.227083 0.199219 0.451389
0 0.890625 0.175694 0.214062 0.334722
0 0.914844 0.378472 0.170313 0.681944
0 0.951172 0.697222 0.096094 0.605556
1 0.485938 0.910417 0.157812 0.179167
1 0.486328 0.648611 0.135156 0.433333
1 0.493750 0.392361 0.118750 0.437500
1 0.777344 0.672222 0.209375 0.511111
1 0.868359 0.892361 0.127344 0.215278
1 0.751953 0.329861 0.153906 0.295833
1 0.497656 0.093056 0.121875 0.183333
2 0.744141 0.204861 0.177344 0.390278
2 0.855078 0.500694 0.266406 0.518056
2 0.349609 0.962500 0.253906 0.075000
