0 0.222656 0.411806 0.357812 0.615278
0 0.195312 0.735417 0.385937 0.529167
0 0.078125 0.436806 0.154688 0.598611
0 0.085547 0.206250 0.169531 0.409722
0 0.290625 0.188889 0.276562 0.372222
0 0.885547 0.144444 0.228906 0.275000
0 0.910937 0.352083 0.176563 0.670833
0 0.941016 0.669444 0.117969 0.652778
1 0.473047 0.881944 0.155469 0.227778
1 0.469141 0.587500 0.128906 0.394444
1 0.478906 0.340972 0.115625 0.429167
1 0.500000 0.067361 0.092188 0.131944
1 0.764062 0.617361 0.198437 0.515278
1 0.842187 0.870833 0.096875 0.258333
1 0.733594 0.288889 0.139063 0.280556
2 0.342187 0.938194 0.245312 0.123611
2 0.844531 0.435417 0.264062 0.531944
2 0.732422 0.172917 0.185156 0.329167
