0 0.262500 0.418750 0.337500 0.606944
0 0.207031 0.736806 0.401562 0.526389
0 0.329688 0.182639 0.275000 0.356944
0 0.114844 0.207639 0.220312 0.395833
0 0.102734 0.456944 0.183594 0.602778
0 0.905078 0.160417 0.189844 0.312500
0 0.933984 0.361111 0.132031 0.677778
0 0.961328 0.685417 0.077344 0.626389
1 0.493359 0.890278 0.161719 0.219444
1 0.505469 0.610417 0.129688 0.418056
1 0.518750 0.345833 0.112500 0.422222
1 0.802344 0.643056 0.206250 0.522222
1 0.897656 0.885417 0.117188 0.229167
2 0.387109 0.940972 0.274219 0.112500
2 0.879687 0.465278 0.240625 0.519444
2 0.787891 0.179167 0.188281 0.347222
