0 0.194531 0.739583 0.387500 0.509722
0 0.241016 0.443750 0.344531 0.606944
0 0.296094 0.190972 0.279687 0.379167
0 0.098437 0.206944 0.187500 0.408333
0 0.894531 0.168750 0.210938 0.323611
0 0.905859 0.365972 0.182031 0.687500
0 0.936719 0.688194 0.121875 0.623611
1 0.479687 0.600000 0.134375 0.391667
1 0.478516 0.890278 0.142969 0.219444
1 0.487891 0.352778 0.119531 0.430556
1 0.774219 0.646528 0.196875 0.512500
1 0.869141 0.886111 0.150781 0.227778
1 0.734766 0.302778 0.117969 0.305556
2 0.846875 0.438194 0.250000 0.543056
2 0.325000 0.901389 0.307812 0.197222
2 0.767969 0.188194 0.193750 0.351389
