0 0.237500 0.436806 0.337500 0.631944
0 0.202734 0.748611 0.403906 0.500000
0 0.303906 0.207639 0.282813 0.412500
0 0.090234 0.225694 0.177344 0.443056
0 0.896094 0.157639 0.207813 0.306944
0 0.911719 0.363889 0.171875 0.683333
0 0.951172 0.683333 0.097656 0.625000
1 0.486719 0.898611 0.143750 0.202778
1 0.489063 0.634028 0.134375 0.418056
1 0.492188 0.368750 0.117188 0.418056
1 0.742578 0.312500 0.117969 0.277778
1 0.782031 0.647222 0.215625 0.516667
1 0.883594 0.885417 0.118750 0.229167
2 0.355859 0.954167 0.310156 0.069444
2 0.851953 0.452778 0.271094 0.500000
2 0.748828 0.185417 0.194531 0.368056
