0 0.119141 0.238194 0.227344 0.468056
0 0.088281 0.523611 0.168750 0.566667
0 0.207813 0.775694 0.392188 0.448611
0 0.251172 0.491667 0.342969 0.597222
0 0.317188 0.229861 0.271875 0.456944
0 0.893750 0.194444 0.212500 0.375000
0 0.919922 0.413194 0.160156 0.715278
0 0.953906 0.711111 0.090625 0.577778
1 0.493750 0.925000 0.176563 0.138889
1 0.489453 0.679167 0.125781 0.430556
1 0.502344 0.414583 0.118750 0.423611
1 0.514062 0.104167 0.114062 0.202778
1 0.748437 0.336806 0.125000 0.284722
1 0.791406 0.706944 0.212500 0.522222
1 0.875000 0.910417 0.087500 0.179167
2 0.871875 0.509028 0.253125 0.506944
2 0.762500 0.215972 0.184375 0.423611
