0 0.211328 0.726389 0.411719 0.547222
0 0.272266 0.409722 0.330469 0.616667
0 0.335547 0.178472 0.272656 0.354167
0 0.095703 0.439583 0.183594 0.601389
0 0.113672 0.210417 0.217969 0.412500
0 0.916797 0.145833 0.166406 0.288889
0 0.937109 0.359722 0.121094 0.694444
0 0.965625 0.681250 0.067187 0.637500
1 0.512109 0.875000 0.157031 0.233333
1 0.510547 0.600694 0.114844 0.412500
1 0.525781 0.342361 0.115625 0.431944
1 0.815625 0.634722 0.212500 0.522222
1 0.907422 0.879167 0.119531 0.241667
1 0.787109 0.292361 0.141406 0.276389
2 0.879687 0.479167 0.240625 0.577778
2 0.796484 0.187500 0.191406 0.363889
2 0.392578 0.930556 0.266406 0.138889
