0 0.104297 0.218056 0.205469 0.419444
0 0.086328 0.484722 0.161719 0.566667
0 0.206250 0.756250 0.395313 0.487500
0 0.248047 0.453472 0.342969 0.584722
0 0.312109 0.206944 0.267969 0.386111
0 0.892578 0.159028 0.214844 0.295833
0 0.910156 0.352083 0.171875 0.673611
0 0.955859 0.675694 0.088281 0.626389
1 0.501172 0.902778 0.152344 0.194444
1 0.486719 0.635417 0.145313 0.423611
1 0.501563 0.370139 0.118750 0.426389
1 0.782422 0.647917 0.199219 0.506944
1 0.885156 0.879167 0.129688 0.241667
1 0.744141 0.311806 0.133594 0.243056
2 0.756250 0.165972 0.185938 0.306944
2 0.862891 0.470833 0.253906 0.538889
2 0.355078 0.954861 0.288281 0.090278
