0 0.208203 0.702083 0.407031 0.595833
0 0.264062 0.363194 0.343750 0.618056
0 0.086719 0.375694 0.170313 0.601389
0 0.328906 0.171528 0.285938 0.340278
0 0.943750 0.350694 0.110937 0.698611
0 0.952734 0.687500 0.089844 0.625000
1 0.494531 0.550694 0.120313 0.365278
1 0.496094 0.865278 0.143750 0.269444
1 0.525000 0.302083 0.101562 0.426389
1 0.792578 0.613194 0.185156 0.526389
1 0.874219 0.877778 0.128125 0.244444
1 0.780469 0.252778 0.126562 0.272222
2 0.339844 0.859722 0.342187 0.280556
2 0.870703 0.431250 0.227344 0.584722
2 0.804297 0.186111 0.189844 0.358333
