0 0.207031 0.652778 0.409375 0.694444
0 0.305078 0.312500 0.321094 0.608333
0 0.392578 0.139583 0.250781 0.276389
0 0.101562 0.293750 0.201563 0.559722
0 0.949609 0.357639 0.100781 0.684722
0 0.966797 0.725694 0.064844 0.540278
1 0.522656 0.847222 0.125000 0.305556
1 0.531250 0.514583 0.107813 0.395833
1 0.560937 0.259722 0.101562 0.422222
1 0.823047 0.611806 0.196094 0.534722
1 0.889844 0.874306 0.125000 0.251389
1 0.807031 0.248611 0.089063 0.280556
2 0.373047 0.833333 0.297656 0.333333
2 0.894922 0.415972 0.200781 0.573611
2 0.850391 0.140972 0.155469 0.279167
