0 0.198437 0.743750 0.390625 0.504167
0 0.245703 0.461806 0.338281 0.595833
0 0.308984 0.205556 0.274219 0.405556
0 0.103906 0.229167 0.193750 0.438889
0 0.886719 0.174306 0.207813 0.340278
0 0.916797 0.377778 0.166406 0.677778
0 0.950000 0.697222 0.098437 0.605556
1 0.872656 0.891667 0.125000 0.216667
1 0.792578 0.672917 0.210156 0.523611
1 0.748828 0.320139 0.153906 0.276389
1 0.485547 0.633333 0.144531 0.413889
1 0.483984 0.896528 0.164844 0.181944
1 0.500000 0.375000 0.115625 0.436111
1 0.511328 0.102083 0.099219 0.201389
2 0.748437 0.188889 0.150000 0.363889
2 0.851172 0.490972 0.252344 0.518056
2 0.343750 0.958333 0.296875 0.077778
