0 0.226172 0.439583 0.341406 0.604167
0 0.194531 0.746528 0.375000 0.506944
0 0.275391 0.190278 0.300781 0.372222
0 0.098828 0.220139 0.183594 0.426389
0 0.882812 0.166667 0.225000 0.308333
0 0.912500 0.359722 0.175000 0.683333
0 0.938672 0.691667 0.119531 0.616667
1 0.476562 0.618750 0.140625 0.420833
1 0.470313 0.891667 0.159375 0.200000
1 0.485156 0.350000 0.114062 0.416667
1 0.720313 0.306250 0.123438 0.295833
1 0.767969 0.650694 0.228125 0.518056
1 0.862109 0.888194 0.124219 0.223611
2 0.746875 0.188889 0.181250 0.372222
2 0.844141 0.496528 0.260156 0.548611
2 0.350000 0.956944 0.239063 0.086111
