0 0.237500 0.456250 0.353125 0.615278
0 0.205469 0.761806 0.398438 0.476389
0 0.301953 0.198611 0.271094 0.394444
0 0.109375 0.219444 0.210938 0.433333
0 0.094922 0.490278 0.174219 0.569444
0 0.950391 0.685417 0.099219 0.626389
0 0.919141 0.363194 0.158594 0.695833
0 0.892578 0.159028 0.213281 0.301389
1 0.491016 0.643056 0.128906 0.405556
1 0.494922 0.909722 0.155469 0.177778
1 0.500391 0.370833 0.108594 0.438889
1 0.788672 0.647917 0.216406 0.509722
1 0.882422 0.882639 0.121094 0.234722
1 0.506250 0.079861 0.112500 0.156944
2 0.746094 0.176389 0.176563 0.347222
2 0.859375 0.465278 0.267188 0.500000
2 0.348828 0.957639 0.297656 0.076389
