0 0.251172 0.504861 0.335156 0.587500
0 0.210938 0.775000 0.401562 0.450000
0 0.111328 0.243056 0.210156 0.483333
0 0.307422 0.236806 0.283594 0.454167
0 0.894531 0.186806 0.209375 0.370833
0 0.922656 0.413194 0.151562 0.695833
0 0.952344 0.713194 0.095312 0.556944
1 0.884766 0.922222 0.105469 0.155556
1 0.796484 0.710417 0.213281 0.515278
1 0.748047 0.370139 0.139844 0.284722
1 0.493359 0.675694 0.135156 0.412500
1 0.492578 0.924306 0.161719 0.151389
1 0.509766 0.426389 0.114844 0.444444
1 0.521875 0.113194 0.110937 0.190278
2 0.761719 0.227778 0.189062 0.436111
2 0.857812 0.521528 0.267188 0.523611
