0 0.195703 0.764583 0.378906 0.470833
0 0.241797 0.490972 0.360156 0.601389
0 0.299609 0.213194 0.274219 0.420833
0 0.104297 0.234722 0.203906 0.450000
0 0.891797 0.181250 0.216406 0.348611
0 0.915625 0.400694 0.164062 0.684722
0 0.951562 0.708333 0.092188 0.583333
1 0.479297 0.913889 0.158594 0.163889
1 0.478516 0.670833 0.125781 0.427778
1 0.495703 0.405556 0.111719 0.425000
1 0.504687 0.106944 0.123438 0.208333
1 0.729688 0.341667 0.117188 0.280556
1 0.785547 0.687500 0.222656 0.522222
1 0.867969 0.902083 0.107813 0.195833
2 0.751953 0.217361 0.183594 0.420833
2 0.856641 0.500694 0.258594 0.490278
