0 0.176172 0.423611 0.344531 0.605556
0 0.174219 0.741667 0.323437 0.516667
0 0.230469 0.197917 0.293750 0.390278
0 0.852734 0.154861 0.294531 0.306944
0 0.879687 0.346528 0.240625 0.659722
0 0.910156 0.686111 0.176563 0.627778
1 0.410547 0.888194 0.175781 0.223611
1 0.413281 0.606944 0.125000 0.391667
1 0.430469 0.343056 0.093750 0.433333
1 0.702734 0.632639 0.217969 0.495833
1 0.804688 0.864583 0.132812 0.270833
1 0.668359 0.301389 0.107031 0.258333
2 0.758203 0.431250 0.210156 0.498611
2 0.693359 0.161806 0.150781 0.304167
2 0.269141 0.896528 0.311719 0.206944
