0 0.184766 0.738194 0.366406 0.523611
0 0.212891 0.434722 0.347656 0.622222
0 0.297656 0.203472 0.271875 0.404167
0 0.894141 0.191667 0.211719 0.366667
0 0.914453 0.419444 0.171094 0.683333
0 0.936719 0.716667 0.125000 0.566667
2 0.309766 0.903472 0.300781 0.193056
2 0.839844 0.495139 0.253125 0.551389
2 0.772266 0.209028 0.157031 0.406944
1 0.462891 0.649306 0.130469 0.423611
1 0.474609 0.900694 0.124219 0.198611
1 0.484766 0.377778 0.110156 0.411111
1 0.750781 0.681250 0.195312 0.529167
1 0.838281 0.914583 0.118750 0.168056
1 0.739453 0.338889 0.127344 0.322222
