0 0.201563 0.709722 0.390625 0.580556
0 0.242969 0.372917 0.357812 0.593056
0 0.295703 0.159722 0.288281 0.305556
0 0.087891 0.384722 0.166406 0.583333
0 0.914453 0.302778 0.171094 0.588889
0 0.947266 0.629167 0.105469 0.727778
1 0.867188 0.839583 0.156250 0.320833
1 0.784766 0.559722 0.207031 0.491667
1 0.742188 0.216667 0.128125 0.286111
1 0.481250 0.550000 0.135937 0.447222
1 0.501172 0.854167 0.172656 0.288889
1 0.496484 0.262500 0.110156 0.422222
2 0.351172 0.859722 0.319531 0.266667
2 0.831641 0.330556 0.232031 0.538889
2 0.752734 0.101389 0.158594 0.200000
