0 0.228125 0.454861 0.351562 0.620833
0 0.195703 0.753472 0.380469 0.493056
0 0.299609 0.206250 0.277344 0.401389
0 0.102344 0.222917 0.192188 0.429167
0 0.894922 0.166667 0.210156 0.327778
0 0.917188 0.384722 0.165625 0.666667
0 0.946484 0.697917 0.103906 0.604167
1 0.475000 0.902083 0.145313 0.187500
1 0.475781 0.628472 0.120313 0.412500
1 0.490234 0.375694 0.111719 0.434722
1 0.773047 0.672917 0.211719 0.506944
1 0.867969 0.890278 0.114062 0.219444
1 0.745313 0.341667 0.143750 0.269444
2 0.749219 0.197222 0.184375 0.380556
2 0.856250 0.502083 0.243750 0.559722
