0 0.230469 0.422222 0.343750 0.611111
0 0.189844 0.742361 0.378125 0.515278
0 0.077734 0.454861 0.144531 0.601389
0 0.088672 0.219444 0.175781 0.427778
0 0.283594 0.193750 0.278125 0.384722
0 0.885547 0.149306 0.228906 0.295833
0 0.907813 0.342361 0.182812 0.681944
0 0.935547 0.673611 0.125781 0.652778
1 0.470313 0.881250 0.135937 0.237500
1 0.859375 0.867361 0.145313 0.265278
1 0.772266 0.639583 0.216406 0.504167
1 0.477734 0.608333 0.124219 0.433333
1 0.480469 0.346528 0.110937 0.426389
1 0.710938 0.301389 0.101562 0.286111
1 0.491797 0.075694 0.097656 0.148611
2 0.348438 0.934722 0.281250 0.105556
2 0.835938 0.441667 0.273438 0.511111
2 0.734766 0.202778 0.177344 0.397222
