0 0.231641 0.438194 0.352344 0.590278
0 0.198437 0.753472 0.390625 0.493056
0 0.307422 0.200000 0.282031 0.380556
0 0.091797 0.235417 0.180469 0.468056
0 0.892578 0.159028 0.214844 0.306944
0 0.912500 0.362500 0.170313 0.691667
0 0.947656 0.683333 0.104688 0.616667
1 0.483594 0.887500 0.156250 0.208333
1 0.487500 0.617361 0.129688 0.401389
1 0.492188 0.364583 0.117188 0.443056
1 0.782422 0.649306 0.205469 0.534722
1 0.875781 0.879861 0.135937 0.240278
1 0.746094 0.303472 0.145313 0.273611
2 0.846484 0.494444 0.247656 0.591667
2 0.754297 0.188889 0.180469 0.358333
2 0.351953 0.947917 0.299219 0.104167
