0 0.250000 0.500000 0.357812 0.630556
0 0.205859 0.759028 0.410156 0.465278
0 0.115234 0.248611 0.217969 0.477778
0 0.312891 0.230556 0.282031 0.452778
0 0.926953 0.418750 0.142969 0.695833
0 0.952344 0.711111 0.095312 0.569444
0 0.898047 0.195833 0.199219 0.375000
1 0.484766 0.685417 0.146094 0.418056
1 0.496094 0.934722 0.156250 0.130556
1 0.507812 0.425000 0.106250 0.433333
1 0.524609 0.114583 0.113281 0.220833
1 0.750781 0.354167 0.134375 0.269444
1 0.799219 0.709722 0.217188 0.508333
1 0.900391 0.908333 0.136719 0.183333
2 0.758594 0.220139 0.185938 0.409722
2 0.860938 0.481250 0.257812 0.540278
