0 0.202344 0.745139 0.392188 0.498611
0 0.237891 0.440972 0.344531 0.609722
0 0.299219 0.195139 0.264062 0.387500
0 0.093750 0.215972 0.175000 0.418056
0 0.894141 0.175000 0.211719 0.330556
0 0.912500 0.377778 0.173437 0.691667
0 0.937891 0.692361 0.124219 0.601389
1 0.864844 0.891667 0.123438 0.216667
1 0.776953 0.660417 0.210156 0.504167
1 0.697266 0.312500 0.208594 0.405556
1 0.467578 0.628472 0.147656 0.404167
1 0.482031 0.890278 0.150000 0.216667
1 0.490234 0.368750 0.116406 0.434722
2 0.330078 0.904861 0.297656 0.190278
2 0.723828 0.198611 0.191406 0.383333
2 0.835938 0.443056 0.212500 0.550000
