0 0.250391 0.443056 0.341406 0.591667
0 0.207813 0.757639 0.406250 0.484722
0 0.308984 0.193750 0.294531 0.381944
0 0.106641 0.233333 0.200781 0.436111
0 0.903906 0.161111 0.192188 0.313889
0 0.921484 0.361111 0.152344 0.697222
0 0.957422 0.681944 0.085156 0.633333
2 0.869141 0.482639 0.236719 0.537500
2 0.771094 0.184028 0.171875 0.348611
2 0.361328 0.956250 0.260156 0.087500
1 0.498437 0.626389 0.150000 0.400000
1 0.501172 0.895139 0.160156 0.190278
1 0.511328 0.362500 0.116406 0.433333
1 0.795703 0.651389 0.199219 0.525000
1 0.892578 0.878472 0.125781 0.243056
1 0.764844 0.318056 0.134375 0.252778
