0 0.119531 0.245833 0.228125 0.477778
0 0.083594 0.520139 0.164062 0.584722
0 0.203516 0.779861 0.389844 0.440278
0 0.245312 0.512500 0.354687 0.616667
0 0.311719 0.227778 0.264062 0.430556
0 0.899609 0.195139 0.199219 0.379167
0 0.921484 0.427083 0.155469 0.681944
0 0.953125 0.714583 0.093750 0.556944
1 0.490625 0.930556 0.140625 0.138889
1 0.496484 0.681250 0.127344 0.420833
1 0.505469 0.421528 0.125000 0.429167
1 0.520703 0.107639 0.107031 0.212500
1 0.790625 0.700000 0.214062 0.525000
1 0.883594 0.915972 0.107813 0.168056
1 0.757422 0.372917 0.136719 0.273611
2 0.767188 0.213889 0.182812 0.413889
2 0.854297 0.485417 0.252344 0.565278
