0 0.201172 0.752778 0.392969 0.491667
0 0.239844 0.463889 0.346875 0.608333
0 0.303125 0.211111 0.281250 0.419444
0 0.104688 0.212500 0.201563 0.422222
0 0.895703 0.163194 0.208594 0.323611
0 0.920312 0.364583 0.157812 0.701389
0 0.953516 0.688889 0.091406 0.622222
1 0.487891 0.645139 0.128906 0.420833
1 0.485938 0.900694 0.164062 0.190278
1 0.497656 0.375694 0.120313 0.423611
1 0.786328 0.662500 0.199219 0.522222
1 0.878516 0.888889 0.114844 0.222222
1 0.745313 0.313889 0.129688 0.263889
1 0.505859 0.084722 0.110156 0.166667
2 0.853906 0.475000 0.245312 0.530556
2 0.758984 0.203472 0.185156 0.395833
2 0.347266 0.960417 0.325781 0.070833
