0 0.221094 0.746528 0.417187 0.506944
0 0.275781 0.462500 0.342187 0.619444
0 0.106250 0.467361 0.200000 0.584722
0 0.134766 0.228472 0.253906 0.445833
0 0.350781 0.218056 0.279687 0.416667
0 0.921875 0.184722 0.156250 0.366667
0 0.942578 0.432639 0.113281 0.720833
0 0.965234 0.725694 0.064844 0.548611
1 0.517188 0.911111 0.148438 0.161111
1 0.517969 0.659028 0.129688 0.423611
1 0.534766 0.390278 0.100781 0.422222
1 0.817187 0.705556 0.196875 0.516667
1 0.905469 0.921528 0.101562 0.151389
1 0.803125 0.360417 0.156250 0.287500
2 0.806641 0.212500 0.180469 0.419444
2 0.880469 0.540278 0.235937 0.505556
2 0.366406 0.956944 0.279687 0.083333
