0 0.243750 0.458333 0.345313 0.600000
0 0.200000 0.754861 0.389062 0.490278
0 0.308203 0.207639 0.272656 0.401389
0 0.114062 0.217361 0.226562 0.431944
0 0.091016 0.481944 0.177344 0.602778
0 0.899219 0.190278 0.187500 0.369444
0 0.928516 0.402083 0.142969 0.709722
0 0.945312 0.709028 0.104688 0.581944
1 0.484375 0.909028 0.145313 0.181944
1 0.484766 0.655556 0.135156 0.430556
1 0.498828 0.388194 0.114844 0.429167
1 0.517969 0.091667 0.107813 0.180556
1 0.737891 0.340278 0.116406 0.308333
1 0.783203 0.675000 0.219531 0.527778
1 0.869141 0.904861 0.114844 0.190278
2 0.868750 0.512500 0.262500 0.544444
2 0.769141 0.208333 0.186719 0.408333
2 0.339062 0.963889 0.281250 0.072222
