0 0.237500 0.471528 0.346875 0.606944
0 0.206641 0.771528 0.396094 0.456944
0 0.298438 0.216667 0.279687 0.408333
0 0.891797 0.172222 0.216406 0.333333
0 0.914453 0.384722 0.171094 0.677778
0 0.954688 0.697222 0.090625 0.605556
1 0.479687 0.915972 0.150000 0.168056
1 0.872656 0.900000 0.109375 0.200000
1 0.781641 0.677083 0.208594 0.504167
1 0.474609 0.647222 0.144531 0.408333
1 0.494141 0.387500 0.124219 0.430556
1 0.744922 0.354861 0.133594 0.279167
2 0.854297 0.491667 0.255469 0.491667
2 0.755078 0.219444 0.191406 0.419444
2 0.353125 0.961806 0.254688 0.076389
