0 0.172656 0.732639 0.328125 0.534722
0 0.179688 0.417361 0.342187 0.615278
0 0.237891 0.182639 0.296094 0.356944
0 0.862500 0.163194 0.275000 0.312500
0 0.878125 0.363889 0.226562 0.663889
0 0.902734 0.696528 0.194531 0.604167
1 0.415234 0.622222 0.117969 0.425000
1 0.424219 0.886806 0.143750 0.226389
1 0.436719 0.343056 0.093750 0.436111
1 0.716406 0.652778 0.193750 0.494444
1 0.796484 0.886111 0.102344 0.227778
1 0.677734 0.305556 0.119531 0.283333
2 0.706641 0.179167 0.164844 0.350000
2 0.789062 0.447222 0.248438 0.552778
2 0.258594 0.898611 0.329688 0.202778
