0 0.208984 0.763194 0.408594 0.468056
0 0.253906 0.475000 0.351562 0.588889
0 0.317578 0.209028 0.275781 0.401389
0 0.108203 0.238889 0.203906 0.469444
0 0.901563 0.195139 0.196875 0.381944
0 0.921484 0.413194 0.157031 0.670833
0 0.955469 0.698611 0.089063 0.561111
1 0.799609 0.698611 0.208594 0.519444
1 0.886328 0.911111 0.108594 0.177778
1 0.495703 0.923611 0.158594 0.152778
1 0.492969 0.665278 0.135937 0.427778
1 0.511328 0.402778 0.114844 0.436111
1 0.523047 0.102778 0.108594 0.197222
1 0.742969 0.354167 0.106250 0.280556
2 0.767578 0.222222 0.182031 0.433333
2 0.869531 0.525694 0.257812 0.531944
