0 0.219141 0.404861 0.355469 0.598611
0 0.193359 0.722917 0.382031 0.554167
0 0.281250 0.175000 0.290625 0.344444
0 0.886328 0.133333 0.227344 0.261111
0 0.906250 0.334722 0.173437 0.655556
0 0.939453 0.667361 0.121094 0.654167
0 0.088672 0.197222 0.175781 0.383333
1 0.464062 0.586806 0.132812 0.415278
1 0.472266 0.881250 0.164844 0.234722
1 0.474219 0.327778 0.100000 0.430556
1 0.766406 0.613889 0.198437 0.486111
1 0.850000 0.863194 0.140625 0.273611
1 0.735156 0.280556 0.145313 0.272222
2 0.343750 0.928472 0.262500 0.129167
2 0.828125 0.410417 0.250000 0.506944
2 0.738281 0.159028 0.187500 0.304167
