0 0.223047 0.404167 0.349219 0.605556
0 0.190625 0.720139 0.376563 0.559722
0 0.282422 0.174306 0.292969 0.345833
0 0.071484 0.188194 0.136719 0.362500
0 0.914062 0.329861 0.170313 0.631944
0 0.940625 0.656944 0.118750 0.683333
0 0.884375 0.133333 0.231250 0.255556
1 0.467187 0.577778 0.126562 0.427778
1 0.469531 0.875694 0.151562 0.248611
1 0.480469 0.302778 0.107813 0.430556
1 0.760938 0.597222 0.212500 0.502778
1 0.853125 0.850694 0.148438 0.298611
1 0.729297 0.308333 0.158594 0.313889
2 0.342578 0.925694 0.286719 0.137500
2 0.823438 0.402778 0.260937 0.488889
2 0.715625 0.139583 0.204687 0.276389
