0 0.198047 0.727083 0.385156 0.545833
0 0.233594 0.414583 0.337500 0.620833
0 0.300000 0.175694 0.279687 0.348611
0 0.889844 0.150694 0.220312 0.281944
0 0.911719 0.352778 0.173437 0.688889
0 0.939844 0.672917 0.120313 0.612500
2 0.341406 0.936111 0.251563 0.127778
2 0.841797 0.447222 0.252344 0.494444
2 0.748828 0.173611 0.174219 0.319444
1 0.459375 0.590278 0.157812 0.411111
1 0.493750 0.337500 0.109375 0.425000
1 0.485547 0.884722 0.147656 0.230556
1 0.863672 0.877778 0.116406 0.244444
1 0.770312 0.629167 0.218750 0.511111
1 0.744922 0.293750 0.138281 0.279167
