0 0.235937 0.436111 0.353125 0.600000
0 0.198437 0.746528 0.395313 0.501389
0 0.306641 0.187500 0.258594 0.372222
0 0.090625 0.206250 0.176563 0.395833
0 0.892969 0.163889 0.214062 0.297222
0 0.912109 0.369444 0.171094 0.683333
0 0.945703 0.687500 0.107031 0.625000
1 0.479297 0.895833 0.163281 0.200000
1 0.478906 0.597917 0.134375 0.409722
1 0.489063 0.351389 0.106250 0.438889
1 0.775000 0.645833 0.206250 0.508333
1 0.867578 0.885417 0.117969 0.229167
1 0.750781 0.309028 0.145313 0.281944
1 0.509375 0.074306 0.115625 0.145833
2 0.334375 0.892361 0.309375 0.201389
2 0.854297 0.439583 0.239844 0.559722
2 0.760156 0.182639 0.170313 0.348611
