0 0.240234 0.488194 0.344531 0.615278
0 0.201172 0.772222 0.396094 0.455556
0 0.117969 0.234722 0.221875 0.452778
0 0.308203 0.220833 0.271094 0.430556
0 0.898047 0.190278 0.203906 0.377778
0 0.916406 0.417361 0.167187 0.687500
0 0.949609 0.721528 0.100781 0.551389
1 0.490234 0.922222 0.147656 0.155556
1 0.485156 0.690972 0.145313 0.437500
1 0.494922 0.421528 0.113281 0.443056
1 0.511328 0.118750 0.122656 0.218056
1 0.048828 0.116667 0.089844 0.216667
1 0.740234 0.363889 0.122656 0.261111
1 0.777734 0.710417 0.233594 0.534722
1 0.872656 0.911806 0.100000 0.176389
2 0.866016 0.537500 0.267969 0.519444
2 0.758203 0.227083 0.175781 0.451389
