0 0.194922 0.725694 0.380469 0.534722
0 0.232422 0.418056 0.360156 0.594444
0 0.302734 0.188889 0.275781 0.352778
0 0.891016 0.159028 0.210156 0.309722
0 0.917188 0.352778 0.165625 0.683333
0 0.937891 0.679167 0.119531 0.641667
1 0.467187 0.887500 0.156250 0.213889
1 0.473438 0.588889 0.123438 0.394444
1 0.485156 0.344444 0.115625 0.441667
1 0.769531 0.632639 0.195312 0.523611
1 0.855859 0.870833 0.128906 0.258333
1 0.741797 0.283333 0.135156 0.255556
2 0.747656 0.172917 0.170313 0.329167
2 0.839063 0.452778 0.264062 0.486111
2 0.348438 0.929861 0.257812 0.140278
