0 0.210156 0.738889 0.412500 0.522222
0 0.267969 0.426389 0.331250 0.619444
0 0.337891 0.179167 0.258594 0.355556
0 0.112500 0.204861 0.215625 0.395833
0 0.090234 0.446528 0.163281 0.584722
0 0.937109 0.353472 0.125781 0.665278
0 0.960547 0.683333 0.078906 0.619444
0 0.911328 0.170833 0.177344 0.308333
1 0.499609 0.620833 0.124219 0.405556
1 0.510156 0.882639 0.148438 0.226389
1 0.518750 0.363194 0.103125 0.437500
1 0.807422 0.649306 0.208594 0.518056
1 0.908594 0.894444 0.132812 0.211111
1 0.776563 0.298611 0.121875 0.263889
2 0.373828 0.941667 0.285156 0.111111
2 0.875391 0.463194 0.247656 0.518056
2 0.789062 0.191667 0.196875 0.369444
