0 0.193359 0.707639 0.380469 0.570833
0 0.226562 0.372917 0.328125 0.606944
0 0.289062 0.170833 0.282813 0.322222
0 0.078516 0.392361 0.141406 0.604167
0 0.903906 0.338194 0.182812 0.643056
0 0.934375 0.670139 0.128125 0.659722
0 0.885938 0.140972 0.228125 0.276389
1 0.460547 0.560417 0.119531 0.395833
1 0.475000 0.868056 0.154688 0.263889
1 0.488672 0.300000 0.107031 0.458333
1 0.720703 0.238194 0.100781 0.259722
1 0.753125 0.601389 0.209375 0.502778
1 0.831250 0.861806 0.148438 0.276389
2 0.316406 0.868750 0.298438 0.262500
2 0.812109 0.386111 0.227344 0.566667
2 0.763672 0.134028 0.188281 0.256944
