0 0.245312 0.498611 0.337500 0.597222
0 0.206250 0.777083 0.395313 0.443056
0 0.310937 0.223611 0.275000 0.430556
0 0.112109 0.240278 0.211719 0.477778
0 0.894531 0.186111 0.210938 0.358333
0 0.924609 0.410417 0.150781 0.690278
0 0.948828 0.715278 0.096094 0.569444
1 0.489453 0.926389 0.152344 0.147222
1 0.494141 0.676389 0.138281 0.400000
1 0.502734 0.418750 0.114844 0.437500
1 0.512109 0.109028 0.110156 0.206944
1 0.740234 0.353472 0.113281 0.259722
1 0.785937 0.709722 0.218750 0.519444
1 0.878906 0.916667 0.107813 0.166667
2 0.864453 0.515278 0.258594 0.502778
2 0.768750 0.223611 0.190625 0.425000
