0 0.180469 0.754167 0.357812 0.491667
0 0.189844 0.472222 0.362500 0.602778
0 0.255859 0.209722 0.299219 0.411111
0 0.871875 0.177083 0.254688 0.348611
0 0.881641 0.382639 0.232031 0.681944
0 0.916406 0.694444 0.167187 0.591667
2 0.287500 0.910417 0.281250 0.179167
2 0.793750 0.484028 0.221875 0.498611
2 0.717969 0.194444 0.168750 0.372222
1 0.442188 0.634028 0.143750 0.412500
1 0.444141 0.895833 0.132031 0.208333
1 0.460547 0.382639 0.125781 0.434722
1 0.730859 0.664583 0.200781 0.506944
1 0.814453 0.900000 0.111719 0.200000
1 0.716016 0.327778 0.171094 0.319444
