1 0.237109 0.464583 0.341406 0.609722
1 0.196484 0.752083 0.382031 0.495833
1 0.303516 0.204167 0.261719 0.397222
1 0.103906 0.238889 0.201563 0.463889
1 0.088672 0.495833 0.175781 0.608333
1 0.942187 0.677083 0.115625 0.629167
1 0.919531 0.356250 0.160938 0.687500
1 0.885547 0.159722 0.228906 0.316667
2 0.746484 0.195833 0.167969 0.386111
2 0.843750 0.471528 0.264062 0.506944
2 0.334375 0.961111 0.256250 0.077778
1 0.475000 0.635417 0.128125 0.415278
1 0.475000 0.908333 0.160938 0.183333
1 0.489453 0.368750 0.107031 0.420833
1 0.503125 0.090972 0.106250 0.165278
1 0.742578 0.336111 0.124219 0.225000
1 0.777344 0.650000 0.220312 0.491667
1 0.848047 0.881250 0.099219 0.237500
