0 0.227344 0.467361 0.353125 0.601389
0 0.194922 0.761806 0.383594 0.476389
0 0.298438 0.208333 0.276562 0.397222
0 0.105469 0.231944 0.206250 0.450000
0 0.922656 0.395139 0.154688 0.687500
0 0.948047 0.704861 0.103906 0.587500
0 0.893359 0.178472 0.213281 0.345833
1 0.783594 0.693750 0.217188 0.529167
1 0.871875 0.906250 0.106250 0.187500
1 0.483984 0.915972 0.160156 0.168056
1 0.479297 0.641667 0.139844 0.408333
1 0.491016 0.382639 0.108594 0.437500
1 0.501172 0.100000 0.108594 0.197222
1 0.735938 0.338194 0.128125 0.248611
2 0.754687 0.214583 0.201563 0.415278
2 0.855469 0.513194 0.259375 0.501389
2 0.350391 0.965278 0.239844 0.069444
