0 0.244531 0.490972 0.343750 0.595833
0 0.197266 0.770139 0.392969 0.459722
0 0.307031 0.210417 0.267188 0.409722
0 0.103125 0.242361 0.198437 0.473611
0 0.092578 0.500000 0.177344 0.558333
0 0.953906 0.702778 0.092188 0.569444
0 0.921094 0.381250 0.156250 0.723611
0 0.892969 0.183333 0.201563 0.355556
1 0.479297 0.915972 0.157031 0.168056
1 0.478125 0.649306 0.142187 0.406944
1 0.496094 0.395833 0.117188 0.425000
1 0.782422 0.686111 0.219531 0.519444
1 0.877344 0.898611 0.112500 0.202778
1 0.752734 0.340972 0.150781 0.287500
1 0.503125 0.095139 0.112500 0.170833
2 0.758203 0.215278 0.183594 0.413889
2 0.855469 0.509722 0.285938 0.491667
