0 0.205469 0.738194 0.392188 0.515278
0 0.235937 0.440972 0.362500 0.598611
0 0.295703 0.198611 0.288281 0.380556
0 0.096094 0.212500 0.184375 0.411111
0 0.900391 0.162500 0.199219 0.308333
0 0.922266 0.378472 0.153906 0.693056
0 0.943750 0.692361 0.110937 0.615278
1 0.481641 0.622222 0.127344 0.402778
1 0.483594 0.895833 0.153125 0.191667
1 0.496094 0.360417 0.106250 0.420833
1 0.783203 0.654167 0.203906 0.500000
1 0.869141 0.893750 0.119531 0.212500
1 0.751953 0.304861 0.155469 0.306944
2 0.344141 0.902083 0.272656 0.195833
2 0.844922 0.453472 0.255469 0.551389
2 0.764844 0.190278 0.159375 0.366667
