0 0.251172 0.466667 0.360156 0.608333
0 0.210938 0.766667 0.403125 0.466667
0 0.331641 0.219444 0.278906 0.413889
0 0.116016 0.223611 0.213281 0.438889
0 0.903516 0.179861 0.189844 0.337500
0 0.933203 0.393056 0.133594 0.705556
0 0.957031 0.695139 0.084375 0.609722
1 0.499609 0.908333 0.158594 0.177778
1 0.508203 0.656944 0.138281 0.438889
1 0.803516 0.670833 0.202344 0.525000
1 0.887891 0.900000 0.127344 0.200000
1 0.774609 0.327778 0.153906 0.300000
2 0.773828 0.200000 0.185156 0.397222
2 0.867188 0.500694 0.246875 0.518056
2 0.353906 0.965278 0.232813 0.069444
