0 0.116406 0.234722 0.229687 0.450000
0 0.095703 0.506944 0.180469 0.583333
0 0.201953 0.763889 0.389844 0.472222
0 0.248438 0.497222 0.337500 0.602778
0 0.315625 0.229861 0.270313 0.437500
0 0.898828 0.199306 0.202344 0.387500
0 0.918359 0.427083 0.163281 0.709722
0 0.951172 0.720833 0.092969 0.558333
1 0.482422 0.923611 0.160156 0.152778
1 0.490625 0.684722 0.123438 0.422222
1 0.498047 0.423611 0.113281 0.438889
1 0.512109 0.117361 0.108594 0.218056
1 0.747656 0.385417 0.140625 0.279167
1 0.789453 0.711111 0.211719 0.527778
1 0.861719 0.922222 0.096875 0.155556
2 0.862500 0.527083 0.262500 0.495833
2 0.756641 0.226389 0.164844 0.450000
