0 0.193750 0.731250 0.368750 0.537500
0 0.233984 0.434028 0.361719 0.612500
0 0.308594 0.192361 0.281250 0.381944
0 0.100000 0.210417 0.198437 0.412500
0 0.898828 0.172222 0.202344 0.327778
0 0.914844 0.372917 0.170313 0.698611
0 0.949219 0.688889 0.098437 0.622222
1 0.482422 0.895139 0.158594 0.193056
1 0.484766 0.618056 0.130469 0.427778
1 0.496875 0.352083 0.103125 0.431944
1 0.786328 0.657639 0.216406 0.512500
1 0.871094 0.891667 0.114062 0.216667
1 0.748437 0.309028 0.135937 0.259722
2 0.358594 0.939583 0.259375 0.118056
2 0.851953 0.464583 0.244531 0.501389
2 0.766016 0.196528 0.183594 0.384722
