0 0.114062 0.234722 0.215625 0.461111
0 0.247266 0.506944 0.346094 0.605556
0 0.208203 0.780556 0.408594 0.436111
0 0.312109 0.224306 0.274219 0.429167
0 0.101953 0.518056 0.178906 0.594444
0 0.891797 0.177083 0.216406 0.340278
0 0.921484 0.411111 0.157031 0.677778
0 0.956250 0.715972 0.084375 0.568056
1 0.486719 0.920833 0.167187 0.158333
1 0.490234 0.665972 0.138281 0.387500
1 0.500391 0.429861 0.119531 0.431944
1 0.511719 0.111111 0.125000 0.211111
1 0.749219 0.363889 0.135937 0.288889
1 0.801953 0.713889 0.236719 0.533333
1 0.870703 0.915972 0.110156 0.168056
2 0.762500 0.204167 0.179688 0.402778
2 0.860547 0.532639 0.266406 0.518056
