0 0.238281 0.455556 0.337500 0.597222
0 0.202734 0.752083 0.386719 0.481944
0 0.299609 0.204861 0.291406 0.395833
0 0.103516 0.230556 0.196094 0.455556
0 0.085156 0.477778 0.159375 0.594444
0 0.900000 0.167361 0.200000 0.315278
0 0.923828 0.375694 0.152344 0.679167
0 0.949219 0.690972 0.101562 0.604167
1 0.476953 0.622917 0.125781 0.384722
1 0.485156 0.900000 0.170313 0.186111
1 0.498047 0.376389 0.107031 0.425000
1 0.781641 0.669444 0.208594 0.522222
1 0.879297 0.892361 0.121094 0.215278
1 0.741406 0.334722 0.121875 0.266667
2 0.758594 0.196528 0.182812 0.379167
2 0.860938 0.486806 0.259375 0.501389
2 0.346484 0.955556 0.280469 0.088889
