0 0.230078 0.448611 0.332031 0.619444
0 0.198828 0.753472 0.388281 0.493056
0 0.092969 0.474306 0.175000 0.612500
0 0.107422 0.227778 0.205469 0.433333
0 0.294141 0.204167 0.264844 0.405556
0 0.941016 0.673611 0.114844 0.652778
0 0.912500 0.353472 0.171875 0.693056
0 0.881250 0.157639 0.237500 0.309722
1 0.475391 0.895833 0.152344 0.208333
1 0.471484 0.636111 0.133594 0.413889
1 0.487500 0.368056 0.109375 0.438889
1 0.480859 0.077083 0.122656 0.151389
1 0.707422 0.302778 0.103906 0.275000
1 0.777344 0.647222 0.212500 0.519444
1 0.865234 0.876389 0.133594 0.247222
2 0.841406 0.470833 0.262500 0.586111
2 0.737109 0.194444 0.189844 0.380556
2 0.328906 0.956250 0.321875 0.087500
