0 0.260547 0.447917 0.336719 0.581944
0 0.207031 0.762500 0.403125 0.475000
0 0.317188 0.204861 0.276562 0.404167
0 0.094141 0.487500 0.182031 0.580556
0 0.113672 0.221528 0.216406 0.434722
0 0.929297 0.365972 0.141406 0.684722
0 0.955469 0.683333 0.089063 0.616667
0 0.895312 0.179167 0.206250 0.355556
2 0.875781 0.474306 0.248438 0.509722
1 0.861328 0.890972 0.052344 0.218056
1 0.497266 0.903472 0.149219 0.193056
1 0.497656 0.631944 0.118750 0.411111
1 0.508203 0.374306 0.105469 0.412500
1 0.792969 0.659028 0.189062 0.520833
2 0.764062 0.185417 0.160938 0.365278
1 0.758984 0.336806 0.136719 0.237500
2 0.359375 0.968750 0.275000 0.062500
1 0.515625 0.085417 0.112500 0.168056
