0 0.208594 0.737500 0.393750 0.516667
0 0.249219 0.436111 0.343750 0.613889
0 0.301172 0.190278 0.294531 0.355556
0 0.092969 0.213194 0.182812 0.409722
0 0.076563 0.463194 0.146875 0.606944
0 0.948438 0.685417 0.100000 0.629167
0 0.925000 0.362500 0.150000 0.675000
0 0.893359 0.161111 0.213281 0.311111
2 0.764453 0.191667 0.150781 0.366667
2 0.852734 0.440972 0.242969 0.543056
2 0.330078 0.897917 0.308594 0.204167
1 0.493359 0.887500 0.133594 0.222222
1 0.480469 0.610417 0.137500 0.390278
1 0.498828 0.350694 0.116406 0.429167
1 0.779297 0.640278 0.191406 0.511111
1 0.870313 0.882639 0.126562 0.234722
1 0.769922 0.297222 0.164844 0.280556
1 0.516016 0.065278 0.096094 0.127778
