0 0.115234 0.227778 0.224219 0.444444
0 0.096094 0.507639 0.178125 0.587500
0 0.199609 0.760417 0.385156 0.479167
0 0.247656 0.492361 0.348438 0.615278
0 0.323828 0.223611 0.275781 0.441667
0 0.895312 0.189583 0.209375 0.376389
0 0.914062 0.422917 0.171875 0.690278
0 0.947266 0.719444 0.105469 0.555556
1 0.478906 0.924306 0.156250 0.151389
1 0.488281 0.663889 0.126562 0.402778
1 0.504687 0.418750 0.110937 0.420833
1 0.519141 0.109722 0.086719 0.216667
1 0.789062 0.702778 0.179688 0.527778
1 0.866016 0.926389 0.099219 0.147222
1 0.751172 0.365972 0.135156 0.306944
2 0.765234 0.209722 0.164844 0.397222
2 0.864062 0.536806 0.248438 0.518056
