0 0.155859 0.387500 0.308594 0.613889
0 0.143359 0.722917 0.280469 0.554167
0 0.187891 0.177778 0.278906 0.352778
0 0.823047 0.165972 0.353906 0.329167
0 0.855078 0.360417 0.289844 0.609722
0 0.884766 0.692361 0.228906 0.615278
2 0.228125 0.877778 0.296875 0.244444
2 0.647656 0.171528 0.150000 0.331944
1 0.623437 0.562500 0.192188 0.547222
1 0.378906 0.604861 0.120313 0.426389
1 0.375000 0.890972 0.128125 0.206944
1 0.386719 0.317361 0.100000 0.456944
1 0.646484 0.322222 0.142969 0.319444
1 0.736719 0.858333 0.115625 0.283333
