0 0.151953 0.482639 0.300781 0.640278
0 0.137500 0.766667 0.271875 0.466667
0 0.191016 0.220833 0.316406 0.433333
0 0.828906 0.230556 0.325000 0.422222
0 0.850391 0.479167 0.299219 0.630556
0 0.882031 0.749306 0.235937 0.493056
2 0.443750 0.727083 0.409375 0.545833
2 0.656250 0.253472 0.159375 0.379167
1 0.356250 0.658333 0.106250 0.358333
1 0.633594 0.615278 0.198437 0.441667
1 0.728906 0.927778 0.114062 0.144444
1 0.399219 0.386806 0.110937 0.340278
1 0.404297 0.120833 0.105469 0.238889
1 0.621484 0.094444 0.099219 0.166667
