0 0.150000 0.507639 0.298438 0.651389
0 0.140625 0.776389 0.265625 0.447222
0 0.204297 0.245139 0.278906 0.462500
0 0.829297 0.240972 0.321094 0.468056
0 0.848047 0.486111 0.303906 0.641667
0 0.875000 0.760417 0.245312 0.479167
2 0.513672 0.600694 0.271094 0.787500
2 0.229297 0.933333 0.297656 0.133333
2 0.652344 0.325000 0.151562 0.513889
1 0.352344 0.709028 0.132812 0.406944
1 0.378516 0.365972 0.110156 0.270833
1 0.410938 0.136806 0.104688 0.237500
1 0.609766 0.115278 0.107031 0.191667
1 0.621094 0.674306 0.206250 0.504167
1 0.725781 0.938194 0.100000 0.123611
1 0.355859 0.959722 0.100781 0.080556
