0 0.148047 0.511111 0.294531 0.661111
0 0.128516 0.774306 0.247656 0.451389
0 0.189453 0.244444 0.291406 0.475000
0 0.807813 0.263889 0.304688 0.505556
0 0.839844 0.552778 0.320312 0.661111
0 0.857422 0.793750 0.274219 0.412500
1 0.339453 0.747222 0.149219 0.452778
1 0.377344 0.465278 0.096875 0.427778
1 0.394141 0.127778 0.094531 0.247222
1 0.592578 0.118056 0.078906 0.222222
1 0.597266 0.521528 0.102344 0.331944
1 0.653516 0.795139 0.160156 0.395833
1 0.337500 0.963194 0.096875 0.073611
2 0.183594 0.935417 0.282813 0.129167
2 0.687891 0.606250 0.208594 0.484722
2 0.642188 0.314583 0.165625 0.387500
