0 0.180078 0.502083 0.353906 0.637500
0 0.163672 0.761111 0.322656 0.463889
0 0.249609 0.235417 0.299219 0.443056
0 0.859375 0.268056 0.281250 0.530556
0 0.869141 0.569444 0.261719 0.658333
0 0.895703 0.800694 0.199219 0.398611
1 0.702734 0.775694 0.164844 0.440278
1 0.396875 0.745139 0.114062 0.440278
1 0.428125 0.472917 0.092188 0.420833
1 0.456250 0.145139 0.103125 0.279167
1 0.657422 0.108333 0.100781 0.213889
2 0.704297 0.347917 0.178906 0.426389
2 0.792578 0.651389 0.219531 0.475000
2 0.238281 0.936806 0.293750 0.126389
