0 0.171094 0.472222 0.328125 0.669444
0 0.148047 0.748611 0.283594 0.491667
0 0.228516 0.223611 0.297656 0.438889
0 0.853906 0.238889 0.292187 0.455556
0 0.863281 0.520833 0.273438 0.672222
0 0.875781 0.771528 0.232813 0.456944
2 0.234766 0.913194 0.275781 0.154167
2 0.763672 0.611806 0.208594 0.468056
2 0.675391 0.275000 0.155469 0.402778
1 0.386328 0.685417 0.139844 0.398611
1 0.378906 0.956250 0.103125 0.087500
1 0.408203 0.431944 0.096094 0.427778
1 0.427344 0.121528 0.100000 0.231944
1 0.646875 0.469444 0.114062 0.400000
1 0.683594 0.752083 0.164062 0.465278
1 0.640625 0.090278 0.104688 0.169444
