0 0.187500 0.455556 0.350000 0.588889
0 0.187109 0.761111 0.350781 0.466667
0 0.241797 0.195833 0.288281 0.388889
0 0.083984 0.224306 0.155469 0.426389
0 0.851562 0.153472 0.296875 0.290278
0 0.881641 0.338889 0.236719 0.663889
0 0.921094 0.688194 0.157812 0.618056
2 0.314844 0.895139 0.310937 0.209722
2 0.776172 0.491667 0.253906 0.758333
2 0.699609 0.152083 0.161719 0.281944
1 0.438281 0.622222 0.132812 0.405556
1 0.450391 0.915972 0.107031 0.168056
1 0.452734 0.360417 0.111719 0.437500
1 0.690234 0.614583 0.196094 0.559722
1 0.818750 0.867361 0.120313 0.265278
1 0.677734 0.259028 0.091406 0.176389
