0 0.173047 0.488889 0.335156 0.666667
0 0.156641 0.759028 0.297656 0.481944
0 0.267969 0.243056 0.282813 0.483333
0 0.859375 0.299306 0.281250 0.531944
0 0.876563 0.618750 0.246875 0.687500
0 0.889453 0.808333 0.214844 0.383333
1 0.389844 0.750000 0.120313 0.430556
1 0.427734 0.489583 0.083594 0.454167
1 0.459766 0.145833 0.091406 0.288889
1 0.667578 0.129167 0.096094 0.238889
2 0.692969 0.367361 0.145313 0.404167
2 0.788672 0.704167 0.233594 0.469444
2 0.224219 0.934028 0.284375 0.126389
1 0.697656 0.784028 0.164062 0.431944
1 0.701172 0.578472 0.200781 0.298611
