0 0.180469 0.434722 0.359375 0.666667
0 0.164453 0.724306 0.317969 0.551389
0 0.281641 0.211111 0.257031 0.419444
0 0.876953 0.264583 0.246094 0.515278
0 0.881250 0.553472 0.228125 0.704167
0 0.895703 0.787500 0.199219 0.425000
2 0.253125 0.904861 0.285938 0.184722
2 0.804688 0.653472 0.225000 0.479167
2 0.721875 0.298611 0.139063 0.402778
1 0.414062 0.704167 0.126562 0.461111
1 0.406250 0.934722 0.107813 0.130556
1 0.447656 0.413194 0.092188 0.426389
1 0.478125 0.122222 0.090625 0.241667
1 0.683203 0.483333 0.097656 0.397222
1 0.703906 0.764583 0.160938 0.470833
1 0.698047 0.101389 0.121094 0.188889
