0 0.188672 0.447917 0.374219 0.595833
0 0.181641 0.761111 0.349219 0.477778
0 0.234375 0.192361 0.287500 0.381944
0 0.850391 0.140972 0.291406 0.276389
0 0.893750 0.327778 0.212500 0.613889
0 0.919141 0.671528 0.160156 0.656944
1 0.826562 0.866667 0.126562 0.266667
1 0.741797 0.614583 0.222656 0.490278
1 0.694531 0.296528 0.123438 0.268056
1 0.434375 0.615278 0.143750 0.405556
1 0.466016 0.881944 0.132031 0.216667
1 0.450000 0.349306 0.128125 0.448611
2 0.335938 0.851389 0.251563 0.297222
2 0.785547 0.415278 0.216406 0.566667
2 0.701172 0.173611 0.169531 0.330556
