0 0.133984 0.507639 0.260156 0.654167
0 0.122656 0.771528 0.239063 0.443056
0 0.169141 0.234722 0.285156 0.461111
0 0.783203 0.259028 0.267969 0.493056
0 0.839453 0.534028 0.321094 0.626389
0 0.864062 0.781250 0.271875 0.423611
2 0.639062 0.596528 0.131250 0.540278
2 0.623437 0.291667 0.151562 0.319444
2 0.186719 0.938889 0.278125 0.122222
1 0.321094 0.957639 0.109375 0.084722
1 0.338281 0.734028 0.139063 0.434722
1 0.355078 0.475000 0.105469 0.438889
1 0.381250 0.147222 0.095312 0.266667
1 0.580078 0.106250 0.102344 0.206944
1 0.649219 0.852083 0.179688 0.295833
