0 0.160547 0.445833 0.319531 0.669444
0 0.150391 0.738194 0.283594 0.523611
0 0.242188 0.216667 0.267188 0.430556
0 0.855078 0.263194 0.289844 0.498611
0 0.857812 0.573611 0.282813 0.672222
0 0.883984 0.791667 0.230469 0.416667
1 0.691016 0.749306 0.157031 0.501389
1 0.343750 0.940972 0.164062 0.118056
1 0.378906 0.696528 0.132812 0.426389
1 0.410156 0.434722 0.120313 0.430556
1 0.442188 0.125694 0.117188 0.248611
1 0.639844 0.099306 0.101562 0.184722
1 0.672656 0.525000 0.156250 0.344444
2 0.768359 0.639583 0.222656 0.468056
2 0.214062 0.912500 0.285938 0.175000
2 0.687109 0.310417 0.161719 0.459722
