0 0.151562 0.436111 0.290625 0.641667
0 0.137109 0.738194 0.261719 0.523611
0 0.207031 0.192361 0.279687 0.381944
0 0.834375 0.229861 0.323437 0.454167
0 0.840625 0.493750 0.290625 0.645833
0 0.874219 0.758333 0.251563 0.477778
2 0.191797 0.893056 0.314844 0.213889
2 0.642969 0.597222 0.245312 0.805556
2 0.655469 0.204861 0.153125 0.329167
1 0.358594 0.926389 0.110937 0.147222
1 0.353125 0.669444 0.132812 0.425000
1 0.394141 0.408333 0.094531 0.463889
1 0.563281 0.677778 0.167187 0.488889
1 0.712891 0.926389 0.092969 0.147222
1 0.410156 0.102778 0.104688 0.202778
