0 0.158594 0.445833 0.312500 0.666667
0 0.136328 0.735417 0.266406 0.529167
0 0.213672 0.220139 0.292969 0.429167
0 0.836328 0.250000 0.289844 0.480556
0 0.854688 0.515278 0.281250 0.661111
0 0.875000 0.761111 0.246875 0.477778
2 0.207813 0.907639 0.293750 0.184722
2 0.693750 0.554861 0.198437 0.501389
2 0.673047 0.242361 0.192969 0.326389
1 0.358984 0.667361 0.132031 0.398611
1 0.356250 0.929861 0.110937 0.140278
1 0.395313 0.404861 0.093750 0.420833
1 0.410156 0.110417 0.107813 0.218056
1 0.674219 0.827083 0.167187 0.345833
