0 0.187109 0.466667 0.361719 0.638889
0 0.185547 0.760417 0.346094 0.476389
0 0.246484 0.194444 0.291406 0.377778
0 0.094141 0.222222 0.180469 0.433333
0 0.861328 0.153472 0.277344 0.290278
0 0.885938 0.342361 0.221875 0.640278
0 0.922266 0.680556 0.155469 0.630556
2 0.293359 0.898611 0.294531 0.202778
2 0.787500 0.436806 0.218750 0.556944
2 0.701562 0.165278 0.156250 0.327778
1 0.443359 0.351389 0.114844 0.427778
1 0.440234 0.643750 0.124219 0.434722
1 0.451172 0.909722 0.103906 0.180556
1 0.819141 0.870833 0.125781 0.258333
1 0.728125 0.636111 0.218750 0.511111
1 0.677344 0.306250 0.092188 0.251389
