0 0.168359 0.501389 0.314844 0.641667
0 0.149609 0.769444 0.291406 0.461111
0 0.253125 0.243750 0.257812 0.484722
0 0.862891 0.310417 0.274219 0.529167
0 0.874609 0.610417 0.250781 0.659722
0 0.888281 0.815278 0.210938 0.369444
1 0.684375 0.789583 0.125000 0.420833
1 0.391016 0.770833 0.124219 0.458333
1 0.427734 0.472917 0.088281 0.409722
1 0.451172 0.146528 0.088281 0.290278
1 0.662500 0.129167 0.118750 0.244444
1 0.656641 0.552083 0.111719 0.348611
2 0.221875 0.938194 0.285938 0.123611
2 0.774609 0.715278 0.236719 0.500000
2 0.693750 0.375000 0.148438 0.419444
