0 0.165625 0.477778 0.326562 0.644444
0 0.157422 0.752778 0.302344 0.477778
0 0.247656 0.227778 0.287500 0.452778
0 0.853516 0.259028 0.275781 0.504167
0 0.868750 0.562500 0.262500 0.669444
0 0.884375 0.786806 0.231250 0.420833
2 0.231250 0.929167 0.304688 0.141667
1 0.390625 0.712500 0.121875 0.425000
1 0.367969 0.956250 0.145313 0.079167
1 0.418359 0.451389 0.091406 0.408333
1 0.435937 0.134722 0.096875 0.266667
1 0.657422 0.113889 0.102344 0.216667
1 0.666406 0.513194 0.128125 0.368056
1 0.687891 0.759028 0.178906 0.476389
2 0.778516 0.651389 0.232031 0.500000
2 0.692969 0.332639 0.151562 0.420833
