0 0.169922 0.428472 0.336719 0.668056
0 0.155859 0.731250 0.303906 0.537500
0 0.256641 0.215972 0.278906 0.429167
0 0.858203 0.247222 0.266406 0.480556
0 0.869531 0.524306 0.260937 0.668056
0 0.886328 0.780556 0.211719 0.438889
2 0.222656 0.911806 0.293750 0.176389
2 0.776172 0.626389 0.217969 0.469444
2 0.696875 0.285417 0.150000 0.415278
1 0.386328 0.668056 0.138281 0.388889
1 0.381250 0.940278 0.110937 0.119444
1 0.417969 0.402778 0.089063 0.416667
1 0.444531 0.110417 0.101562 0.215278
1 0.660156 0.096528 0.090625 0.165278
1 0.667188 0.472917 0.109375 0.379167
1 0.686328 0.750694 0.178906 0.484722
1 0.747656 0.938194 0.071875 0.123611
