0 0.157422 0.456250 0.297656 0.706944
0 0.139063 0.719444 0.264062 0.561111
0 0.242969 0.229167 0.284375 0.455556
0 0.856641 0.331944 0.286719 0.541667
0 0.866797 0.642361 0.266406 0.681944
2 0.762500 0.730556 0.206250 0.530556
2 0.696875 0.386111 0.148438 0.391667
2 0.183984 0.919444 0.274219 0.161111
1 0.352344 0.952083 0.106250 0.090278
1 0.369141 0.703472 0.124219 0.398611
1 0.409766 0.462500 0.097656 0.436111
1 0.627344 0.540972 0.087500 0.370833
1 0.658594 0.782639 0.173437 0.434722
1 0.449609 0.136806 0.088281 0.270833
1 0.651563 0.133333 0.118750 0.263889
