0 0.220312 0.282639 0.284375 0.520833
0 0.162500 0.572917 0.314063 0.631944
0 0.151562 0.795139 0.295312 0.409722
0 0.837891 0.286806 0.285156 0.490278
0 0.863281 0.606944 0.270313 0.658333
0 0.881641 0.809028 0.227344 0.381944
1 0.389844 0.790972 0.135937 0.418056
1 0.416406 0.544444 0.107813 0.438889
1 0.435937 0.173611 0.096875 0.341667
1 0.630078 0.130556 0.108594 0.244444
1 0.640234 0.554861 0.091406 0.406944
1 0.690234 0.793056 0.169531 0.413889
2 0.776953 0.722222 0.216406 0.483333
2 0.677734 0.368056 0.163281 0.386111
2 0.195703 0.959028 0.213281 0.081944
