0 0.159766 0.500000 0.314844 0.661111
0 0.150000 0.761806 0.292187 0.476389
0 0.248438 0.247917 0.290625 0.479167
0 0.860156 0.278472 0.270313 0.531944
0 0.868359 0.586806 0.263281 0.684722
0 0.887109 0.803472 0.219531 0.393056
2 0.222266 0.936806 0.305469 0.126389
2 0.776563 0.637500 0.214062 0.425000
2 0.693750 0.334028 0.157812 0.393056
1 0.381250 0.723611 0.126562 0.380556
1 0.421484 0.473611 0.094531 0.413889
1 0.451562 0.144444 0.096875 0.266667
1 0.644141 0.109028 0.094531 0.215278
1 0.656250 0.543750 0.118750 0.318056
1 0.688672 0.781944 0.161719 0.430556
1 0.393359 0.972222 0.096094 0.055556
