0 0.157422 0.442361 0.307031 0.659722
0 0.149219 0.729861 0.293750 0.540278
0 0.231641 0.206250 0.283594 0.404167
0 0.852734 0.243750 0.294531 0.476389
0 0.855078 0.522222 0.289844 0.672222
0 0.887500 0.772917 0.225000 0.451389
2 0.224609 0.912500 0.308594 0.175000
2 0.766016 0.615278 0.211719 0.463889
2 0.675781 0.281250 0.151562 0.409722
1 0.363281 0.938889 0.114062 0.122222
1 0.364844 0.668056 0.103125 0.400000
1 0.410156 0.401389 0.092188 0.427778
1 0.445312 0.106944 0.106250 0.211111
1 0.643750 0.498611 0.110937 0.411111
1 0.671875 0.739583 0.162500 0.462500
1 0.718359 0.947917 0.063281 0.104167
1 0.642969 0.084722 0.093750 0.166667
