0 0.135156 0.526389 0.253125 0.633333
0 0.118359 0.784028 0.232031 0.406944
0 0.149219 0.245833 0.296875 0.480556
0 0.751563 0.207639 0.315625 0.401389
0 0.810156 0.448611 0.359375 0.622222
0 0.850000 0.734722 0.295312 0.530556
2 0.189453 0.950694 0.299219 0.098611
2 0.684375 0.588889 0.193750 0.466667
2 0.586719 0.270139 0.171875 0.418056
1 0.312891 0.723611 0.138281 0.430556
1 0.311719 0.958333 0.121875 0.083333
1 0.616797 0.728472 0.172656 0.481944
1 0.671484 0.931944 0.075781 0.136111
1 0.550391 0.461806 0.103906 0.376389
1 0.326172 0.453472 0.117969 0.462500
1 0.337109 0.131944 0.096094 0.250000
1 0.530469 0.085417 0.084375 0.168056
