0 0.192188 0.448611 0.375000 0.588889
0 0.183984 0.760417 0.358594 0.479167
0 0.236719 0.197917 0.307812 0.393056
0 0.095703 0.222917 0.182031 0.431944
0 0.860547 0.164583 0.274219 0.301389
0 0.887891 0.331250 0.224219 0.648611
0 0.926172 0.680556 0.144531 0.638889
1 0.444922 0.911806 0.125781 0.176389
1 0.452734 0.629861 0.133594 0.454167
1 0.451172 0.360417 0.116406 0.437500
1 0.737500 0.627778 0.198437 0.550000
1 0.819922 0.887500 0.113281 0.225000
1 0.682813 0.310417 0.103125 0.298611
2 0.705469 0.156944 0.165625 0.297222
2 0.772266 0.435417 0.222656 0.590278
2 0.315625 0.893056 0.309375 0.213889
