0 0.157031 0.497222 0.300000 0.675000
0 0.135937 0.756250 0.254688 0.487500
0 0.201563 0.235417 0.303125 0.456944
0 0.816406 0.270139 0.296875 0.518056
0 0.850391 0.575694 0.299219 0.654167
0 0.869922 0.793056 0.253906 0.413889
2 0.195312 0.928472 0.307812 0.143056
2 0.644922 0.300000 0.135156 0.347222
2 0.727734 0.602083 0.194531 0.512500
1 0.325391 0.948611 0.114844 0.102778
1 0.347266 0.710417 0.133594 0.398611
1 0.385547 0.463194 0.103906 0.445833
1 0.408203 0.137500 0.099219 0.272222
1 0.612109 0.126389 0.096094 0.222222
1 0.610547 0.472917 0.102344 0.223611
1 0.655078 0.772917 0.175781 0.454167
