0 0.165234 0.426389 0.322656 0.661111
0 0.149219 0.723611 0.279687 0.541667
0 0.249219 0.208333 0.298438 0.413889
0 0.854297 0.249306 0.291406 0.473611
0 0.865625 0.519444 0.268750 0.697222
0 0.882422 0.777083 0.228906 0.445833
2 0.229297 0.903472 0.310156 0.184722
2 0.766797 0.632639 0.219531 0.495833
2 0.688672 0.275694 0.158594 0.398611
1 0.382422 0.656250 0.116406 0.398611
1 0.364063 0.936806 0.121875 0.126389
1 0.407031 0.407639 0.096875 0.426389
1 0.440234 0.113194 0.089844 0.218056
1 0.652344 0.481250 0.104688 0.398611
1 0.676953 0.743750 0.164844 0.493056
1 0.719531 0.931944 0.057813 0.136111
1 0.636719 0.094444 0.104688 0.186111
