0 0.192969 0.438194 0.357812 0.587500
0 0.185938 0.761806 0.353125 0.476389
0 0.256641 0.200000 0.286719 0.391667
0 0.852344 0.144444 0.278125 0.272222
0 0.882031 0.344444 0.235937 0.652778
0 0.912500 0.673611 0.175000 0.622222
2 0.305859 0.906250 0.302344 0.181944
2 0.770312 0.566667 0.257812 0.841667
2 0.704688 0.150000 0.159375 0.288889
1 0.439844 0.627083 0.131250 0.418056
1 0.453906 0.904861 0.117188 0.190278
1 0.452734 0.365278 0.113281 0.438889
1 0.687500 0.565972 0.181250 0.506944
1 0.821094 0.871528 0.134375 0.256944
