0 0.201563 0.504861 0.350000 0.601389
0 0.183984 0.784722 0.360156 0.430556
0 0.260156 0.225694 0.300000 0.437500
0 0.091016 0.247917 0.177344 0.479167
0 0.869922 0.183333 0.260156 0.344444
0 0.898047 0.406250 0.203906 0.665278
0 0.928906 0.709028 0.142187 0.568056
1 0.449219 0.911806 0.150000 0.165278
1 0.454688 0.669444 0.125000 0.402778
1 0.460938 0.420139 0.117188 0.448611
1 0.462500 0.105556 0.103125 0.208333
1 0.688672 0.340972 0.124219 0.281944
1 0.740625 0.699306 0.217188 0.495833
1 0.827344 0.903472 0.115625 0.193056
2 0.796094 0.488889 0.225000 0.530556
2 0.714844 0.218056 0.173437 0.408333
2 0.309375 0.926389 0.275000 0.147222
