0 0.153516 0.461806 0.302344 0.673611
0 0.141797 0.751389 0.277344 0.497222
0 0.235937 0.227778 0.250000 0.452778
0 0.833203 0.289583 0.267969 0.545833
0 0.857812 0.581944 0.284375 0.663889
0 0.876563 0.804167 0.246875 0.388889
2 0.202344 0.924306 0.282813 0.151389
2 0.732422 0.636111 0.217969 0.469444
2 0.684375 0.304861 0.175000 0.326389
1 0.367969 0.711806 0.139063 0.437500
1 0.350391 0.960417 0.119531 0.079167
1 0.401953 0.444444 0.097656 0.427778
1 0.435547 0.140278 0.091406 0.277778
1 0.644922 0.127083 0.100781 0.237500
1 0.633203 0.525000 0.100781 0.319444
1 0.664062 0.825694 0.175000 0.348611
