0 0.161719 0.530556 0.314063 0.663889
0 0.156250 0.777083 0.290625 0.443056
0 0.239453 0.234722 0.277344 0.466667
0 0.843750 0.290278 0.296875 0.519444
0 0.864844 0.613889 0.270313 0.666667
0 0.883984 0.809028 0.232031 0.376389
1 0.687500 0.787500 0.145313 0.425000
1 0.375000 0.777083 0.114062 0.445833
1 0.408594 0.507639 0.087500 0.440278
1 0.440625 0.150000 0.090625 0.297222
1 0.641797 0.124306 0.105469 0.234722
2 0.680859 0.363889 0.141406 0.405556
1 0.638672 0.558333 0.080469 0.366667
2 0.767188 0.686111 0.223438 0.477778
2 0.213281 0.949306 0.278125 0.101389
