0 0.150000 0.759722 0.290625 0.475000
0 0.158594 0.475000 0.306250 0.622222
0 0.200391 0.209028 0.283594 0.401389
0 0.829297 0.203472 0.321094 0.395833
0 0.850000 0.446528 0.300000 0.623611
0 0.873437 0.738889 0.242188 0.522222
1 0.626953 0.648611 0.189844 0.561111
1 0.375000 0.668750 0.137500 0.401389
1 0.397656 0.403472 0.104688 0.390278
1 0.645312 0.388194 0.143750 0.304167
1 0.403906 0.123611 0.112500 0.208333
2 0.226562 0.909722 0.310937 0.180556
2 0.651953 0.219444 0.161719 0.372222
2 0.457422 0.870833 0.169531 0.258333
