0 0.162109 0.431944 0.311719 0.675000
0 0.144922 0.727083 0.275781 0.540278
0 0.242188 0.213889 0.256250 0.425000
0 0.851953 0.266667 0.283594 0.530556
0 0.863672 0.565972 0.272656 0.656944
0 0.877344 0.793056 0.239063 0.413889
2 0.212500 0.897917 0.304688 0.201389
2 0.759766 0.670139 0.222656 0.501389
2 0.691406 0.321528 0.185938 0.440278
1 0.375000 0.672222 0.114062 0.372222
1 0.358203 0.948611 0.111719 0.102778
1 0.409766 0.427083 0.103906 0.437500
1 0.628125 0.486806 0.079687 0.365278
1 0.662891 0.755556 0.167969 0.488889
1 0.441016 0.126389 0.114844 0.250000
1 0.641016 0.092361 0.094531 0.181944
