0 0.183984 0.465278 0.361719 0.608333
0 0.181250 0.763889 0.343750 0.472222
0 0.253516 0.209028 0.283594 0.409722
0 0.096094 0.238194 0.182812 0.462500
0 0.861328 0.159028 0.275781 0.306944
0 0.891016 0.343056 0.217969 0.666667
0 0.920312 0.683333 0.154688 0.633333
1 0.831250 0.877083 0.112500 0.245833
1 0.744531 0.643056 0.232813 0.500000
1 0.691797 0.340972 0.105469 0.259722
1 0.438281 0.647222 0.143750 0.436111
1 0.451562 0.920139 0.135937 0.159722
1 0.446484 0.373611 0.114844 0.430556
2 0.318750 0.909722 0.312500 0.180556
2 0.798828 0.438889 0.236719 0.555556
2 0.705469 0.193056 0.175000 0.372222
