0 0.153125 0.477778 0.289062 0.658333
0 0.137109 0.746528 0.258594 0.506944
0 0.209375 0.222222 0.278125 0.441667
0 0.832031 0.268750 0.290625 0.523611
0 0.846875 0.554167 0.306250 0.658333
0 0.858984 0.794444 0.282031 0.405556
2 0.193750 0.922917 0.300000 0.154167
2 0.627734 0.675000 0.219531 0.650000
2 0.657813 0.309028 0.159375 0.373611
1 0.351562 0.709722 0.145313 0.427778
1 0.344141 0.960417 0.108594 0.079167
1 0.378125 0.454167 0.089063 0.458333
1 0.419531 0.133333 0.110937 0.241667
1 0.617578 0.111806 0.092969 0.201389
1 0.584375 0.795139 0.185938 0.409722
