0 0.159375 0.453472 0.317188 0.679167
0 0.138672 0.727083 0.253906 0.545833
0 0.235937 0.230556 0.293750 0.458333
0 0.855859 0.302083 0.280469 0.554167
0 0.855469 0.602778 0.289062 0.680556
0 0.868750 0.804861 0.259375 0.390278
1 0.357031 0.688194 0.121875 0.401389
1 0.395703 0.458333 0.107031 0.397222
1 0.430469 0.120833 0.092188 0.238889
1 0.637500 0.125000 0.090625 0.213889
1 0.632031 0.545833 0.109375 0.327778
1 0.649219 0.795139 0.165625 0.409722
1 0.331250 0.957639 0.112500 0.084722
2 0.735938 0.677083 0.229687 0.493056
2 0.669531 0.334028 0.165625 0.426389
2 0.188281 0.915278 0.285938 0.169444
