0 0.159375 0.431944 0.307812 0.669444
0 0.141406 0.722917 0.275000 0.554167
0 0.241016 0.211806 0.278906 0.420833
0 0.840625 0.272222 0.284375 0.519444
0 0.851953 0.575000 0.296094 0.672222
0 0.871484 0.792361 0.253906 0.415278
2 0.749609 0.650000 0.197656 0.444444
2 0.206641 0.902083 0.289844 0.195833
2 0.675781 0.310417 0.146875 0.384722
1 0.364063 0.686111 0.135937 0.413889
1 0.358984 0.938194 0.111719 0.123611
1 0.662891 0.768750 0.166406 0.462500
1 0.628125 0.485417 0.089063 0.343056
1 0.643750 0.095833 0.104688 0.161111
1 0.439453 0.124306 0.116406 0.245833
1 0.401953 0.381250 0.121094 0.323611
