0 0.150000 0.433333 0.278125 0.672222
0 0.135156 0.729861 0.268750 0.540278
0 0.227344 0.213194 0.285938 0.423611
0 0.837109 0.279861 0.317969 0.529167
0 0.855469 0.574306 0.289062 0.681944
0 0.864062 0.796528 0.264062 0.406944
2 0.192188 0.898611 0.314063 0.194444
2 0.742578 0.651389 0.222656 0.469444
2 0.663672 0.298611 0.133594 0.394444
1 0.656250 0.750694 0.164062 0.451389
1 0.695312 0.936111 0.081250 0.127778
1 0.353516 0.941667 0.128906 0.108333
1 0.359766 0.681250 0.138281 0.437500
1 0.391797 0.426389 0.085156 0.425000
1 0.427734 0.116667 0.108594 0.230556
1 0.633984 0.104861 0.102344 0.206944
